-0.03744791443412254, 14.840183931861484
-0.03540285400188879, 14.838745972402911
-0.029305763953343177, 14.83437842478028
-0.019186802423237927, 14.827039728513832
-0.005008750613292026, 14.816781449179175
0.013232274677265761, 14.803608993181692
0.03554333209998533, 14.787532182108636
0.06193180739727068, 14.768561327494012
0.09237456711176023, 14.746664289484489
0.12686761144677305, 14.72183551747245
0.16546578021683123, 14.694151309885447
0.20809699634136514, 14.66351132942374
0.2547688752477211, 14.629926218555516
0.3055360467693625, 14.593471942296361
0.3605014361104094, 14.554292555161409
0.41937859576899694, 14.511987795073688
0.4823199407489155, 14.466770564917766
0.5493365483867383, 14.418656277152833
0.6202574019135468, 14.36740747636436
0.6951293534641054, 14.31308991996209
0.7735197062976436, 14.25511452515528
0.8560942932031902, 14.194388574349206
0.9422251345138861, 14.130063834780405
1.0318605002216537, 14.062080859177527
1.1250585170659309, 13.990524537029119
1.2219882007887135, 13.915619151454331
1.3218703618189618, 13.836374575422582
1.4252324514656027, 13.7534744780045
1.5315548835205501, 13.666287586255773
1.6406566367319444, 13.574648754215945
1.752676849160394, 13.478760781928315
1.8674326194956716, 13.378426656025095
1.9849070405097968, 13.27363852548259
2.105284031406465, 13.164635120098943
2.226569207084661, 13.04992321122004
2.3495981201442917, 12.931805089389405
2.473569812789441, 12.810978616256879
2.5957182557835847, 12.686447411111118
2.7155832519581407, 12.55894214595154
2.83287516144508, 12.428868654320668
2.9491421393900525, 12.298190578755055
3.063726097139863, 12.166182599508055
3.1775494810304172, 12.033391102030626
3.2882007383140617, 11.897896308587681
3.396547421806251, 11.760549348324455
3.5038825045660453, 11.622306665540055
3.6102549371160517, 11.483332071163744
3.7136516382699627, 11.342170197829113
3.81589424136979, 11.200149491629338
3.915246232894063, 11.05607598432273
4.013313094581786, 10.911109649455293
4.110475249031782, 10.765538281651597
4.206344830698562, 10.61913508302081
4.300397255483205, 10.471588592983958
4.393184074455645, 10.323278366927273
4.484527704388425, 10.17411269517555
4.574586293169709, 10.024204941229124
4.663599063173679, 9.87370562264472
4.751586533452971, 9.72262335865343
4.838465141059458, 9.570895537428015
4.924250766712191, 9.418520104336489
5.008956785833828, 9.265502789723602
5.092602946204024, 9.111855429360112
5.175184456135633, 8.957579360076144
5.256784564932419, 8.8027264341946
5.337281331450656, 8.647248142990986
5.41679868766047, 8.491239765584972
5.497689669074641, 8.335958208899877
5.575070513060098, 8.178899825417867
5.652147932654603, 8.021660347523055
5.730223538703834, 7.864930615694168
5.807111336698242, 7.707669717014724
5.8823263543453965, 7.549667118868466
5.956312677326517, 7.3911543362549095
6.029468050081078, 7.232321381171515
6.102169783334672, 7.073339252973628
6.174217093685197, 6.914106681393588
6.245517059091828, 6.754571293409038
6.31644593721125, 6.594889437336391
6.386778358210069, 6.4349485389586665
6.45639605765302, 6.274682997179895
6.525716931021728, 6.114258737393258
6.593862432081004, 5.953222986056218
6.6615395472474885, 5.79182784163075
6.729208586178831, 5.630304675197537
6.79631304351198, 5.468472013599816
6.8626078165294135, 5.306300525770837
6.928876219416964, 5.144178367210491
6.994311355453597, 4.981817650660107
7.059298921817715, 4.819376962663816
7.12421835028861, 4.656974292267416
7.1883926475326465, 4.494284785746617
7.252582899231963, 4.331561698322378
7.3164501940820035, 4.1686121993520056
7.379076402914666, 4.005137567788457
7.441704151646624, 3.84171630758265
7.503764938946161, 3.67812813154681
7.565752806993991, 3.514543134558873
7.627247454820935, 3.3507765773676845
7.6881901873993685, 3.186833708685309
7.749251625553408, 3.0229309965030806
7.809522637749487, 2.8586006800813943
7.870066244183114, 2.694249228302861
7.930060689093179, 2.5297407182143754
7.990180542063761, 2.365466531806888
8.049617663323382, 2.200960219985705
8.108715398667735, 2.036203661960525
8.167725725589564, 1.8714773325336242
8.226319409917279, 1.7067405969169405
8.285075521798483, 1.5419454435225126
8.343442557668912, 1.3769325455215464
8.401620244797584, 1.2118270594565643
8.459869870644196, 1.0467625684473725
8.517785533198955, 0.8816758679115378
8.575560711757447, 0.7165411565378168
8.63331951169094, 0.5515669914553978
8.690881650315369, 0.3864309233688954
8.748424538931978, 0.2210080896133022
8.805935082305496, 0.055647272578540574
8.863234609520319, -0.10952242422880856
8.920420788434742, -0.2744670600703686
8.977516479358433, -0.43929178853638096
9.0345498043109, -0.604145403127188
9.091679903386991, -0.7691992956942213
9.148847977487419, -0.9346260689104718
9.206114324650772, -1.1002679789370826
9.263432866612566, -1.26583015745597
9.320754852515277, -1.4311867369142062
9.378086393880537, -1.5963355655012414
9.435151015085609, -1.761505289066819
9.492903372721011, -1.926657231838023
9.550688477497843, -2.09182654365346
9.608498193761932, -2.256722977058074
9.66640830394065, -2.4215012440376023
9.724530941936788, -2.5864670726396124
9.782846662145081, -2.7515179636690124
9.84143352871982, -2.9163740802358036
9.900162704417033, -3.0812180624336682
9.95909164187471, -3.246008594440554
10.018194528543363, -3.41062755049455
10.077504776070525, -3.5751105852348553
10.137203788357665, -3.739431310562169
10.1972792675616, -3.903597860741472
10.2577201807078, -4.067619357977795
10.318637241201849, -4.231460510909622
10.380114604955915, -4.395094976570184
10.442077632226779, -4.558555213912783
10.50424601260549, -4.72195323125191
10.567106660976448, -4.885107753628641
10.63021385227627, -5.048193165625926
10.694278499638436, -5.210934650461446
10.759022813180295, -5.373438653244351
10.824522732347434, -5.535671781100265
10.890580080846165, -5.697709763285186
10.957409119414018, -5.859459598997298
11.024997979334307, -6.020919181545424
11.09353380116331, -6.182001472518598
11.163380847660514, -6.3425376677407
11.23439361866091, -6.502574407191692
11.306529586932452, -6.662114318145293
11.380065734948191, -6.821012897613407
11.455568540866924, -6.978976796324437
11.53295989583176, -7.136004853411576
11.6122630185953, -7.292048932495173
11.693320666926045, -7.4471556091402995
11.7759758762604, -7.601382924172104
11.860839963729534, -7.754374034345732
11.95012891701431, -7.904794956568432
12.038629738722054, -8.055704345329504
12.131059756284982, -8.204308139614794
12.228775273181455, -8.349550448093554
12.330975167060839, -8.49172136046004
12.438605394558984, -8.629861084967455
12.551973564030087, -8.76335309588937
12.670666761152987, -8.892141056033989
12.795168501936402, -9.015314567291197
12.924938506981748, -9.13290069064992
13.060838412743426, -9.243303710371679
13.202589838797312, -9.346033426569662
13.349237697214255, -9.441585102498829
13.501201031554876, -9.528375041212813
13.65832133112866, -9.60538510227302
13.820509607029921, -9.67100838981032
13.987050552279403, -9.724601089830179
14.156813390583723, -9.766888235819044
14.328856801589822, -9.798698716009435
14.502542439522744, -9.819912076642641
14.677223691372063, -9.830445731281696
14.852232287996566, -9.830256400259831
15.02689278904104, -9.819344588385603
15.20056365692068, -9.797750419098149
15.372600616870036, -9.765551857306988
15.542322881517372, -9.72287660110911
15.70905857318978, -9.66990068735106
15.87217842470795, -9.606835485367444
16.031087714590154, -9.53392180953335
16.185215204228747, -9.451428973350005
16.33400533256268, -9.359656682153116
16.476913703929554, -9.25893868882928
16.61392998800711, -9.150303494858814
16.745768998626538, -9.035407434673827
16.873027012442357, -8.915429623610757
16.996352547656063, -8.791390903752658
17.116478215040402, -8.66423418404126
17.233665876162252, -8.534355017131805
17.349142567608432, -8.402948954342015
17.462893668063877, -8.270051428736137
17.575276292955575, -8.136005808368465
17.68638247796071, -8.000915031245215
17.796059773484373, -7.864676828915412
17.90455150900965, -7.727505048694953
18.011979072569748, -7.589505200475199
18.118463331746586, -7.450775314354394
18.224322122842445, -7.311557638737666
18.32983118196979, -7.172055587751898
18.434868687202837, -7.03217015378787
18.53934432718885, -6.891829859390273
18.643603038359007, -6.751288675253711
18.747397015463616, -6.610360963968145
18.85070403804164, -6.469032159632611
18.953577989060072, -6.327345623949431
19.05605815298753, -6.185335843548706
19.158074778233406, -6.042960934795619
19.259661333884456, -5.900255551444327
19.360838356534593, -5.757246431608407
19.461500781761654, -5.613876263680697
19.56171342658247, -5.470211313586431
19.66153025744786, -5.326308478537937
19.761008119241353, -5.1822234490853445
19.86020060983738, -5.038004988543174
19.95915264205557, -4.893685796818675
20.057979977031387, -4.749332406096817
20.15660999477186, -4.604855774572966
20.255206660946648, -4.460340045773286
20.353788993366745, -4.315794771476716
20.452499266139455, -4.171311226679154
20.551290085998218, -4.026855644466593
20.650129052460215, -3.882404969144379
20.749065463822163, -3.737991578702682
20.84812770825188, -3.593633054653723
20.947333089324673, -3.4493405771724004
21.04669519541262, -3.3051252023383992
21.146235286816623, -3.1610058691494323
21.245961663774903, -3.016994744022539
21.345886730691564, -2.8731084072976176
21.44607705373779, -2.72940313505442
21.546433318459158, -2.585823896238273
21.647039117474115, -2.442441807118284
21.747868721983238, -2.299244264002687
21.848732391828026, -2.156098569291401
21.949754199587087, -2.0130915620087872
22.051025898966977, -1.8702864938154364
22.152674234932753, -1.7277703349492974
22.25472330328432, -1.5855570423372933
22.357204327453456, -1.4436661665900041
22.460129754903413, -1.3021032463886495
22.563517276415475, -1.1608817853961895
22.667351069328717, -1.019996133356629
22.771645046677783, -0.879464233765533
22.876413828398693, -0.739305208044281
22.98189821805856, -0.5997065990866175
23.0878701877707, -0.4605022779367394
23.19450046688324, -0.3218276002821899
23.30152526682609, -0.1834835327584055
23.40915977256924, -0.045639064575664245
23.51712594918351, 0.0919227694172828
23.6263489790925, 0.2284689491627615
23.736376332210483, 0.36435330640323366
23.847278044745835, 0.4995169017626615
23.958722533444334, 0.6342316315906658
24.07104085533197, 0.7682230886088872
24.184443905951014, 0.9013062136416738
24.29899496687757, 1.0334144145317228
24.414144722046398, 1.1650161902012357
24.53075609416607, 1.295341703320449
24.64804817206723, 1.425072430901392
24.766752169505857, 1.5535291005925165
24.88701708956753, 1.6805408669456234
25.008150726134016, 1.8067358552726516
25.130817958588107, 1.9314472941627652
25.25501212041326, 2.054641816081139
25.380561730062126, 2.176454895170002
25.507725122432802, 2.2965789359924895
25.636888493141438, 2.4145437518020345
25.768249768992867, 2.530048466026028
25.901743977323576, 2.6430730677128143
26.036812327153182, 2.754203786587684
26.173636984589336, 2.863160285860649
26.31269159275182, 2.9692557252994147
26.45340708210984, 3.0731409294084524
26.595969043812936, 3.1744909939223276
26.741475651548903, 3.2715981072086016
26.88908053292478, 3.3655278487162783
27.039121861353948, 3.4555563653139294
27.191658008705797, 3.5413297678148306
27.346579408959894, 3.6227487791738526
27.504087644750264, 3.699067173184344
27.664004185958834, 3.770213713894398
27.826056380807128, 3.8363469545406055
27.990524494861695, 3.896203930201055
28.156987506173092, 3.9502503313681228
28.325276867640977, 3.998293070269785
28.49518890794706, 4.040226476622328
28.666575618580374, 4.075660996463774
28.83928800115125, 4.103981590645804
29.012966157175153, 4.125716330302695
29.187414443137374, 4.140253278477591
29.36230480217871, 4.148416069278067
29.537412472591587, 4.149232211293358
29.712452210032286, 4.143383216336658
29.887074100294157, 4.12969380607018
30.061157058015972, 4.1102154039132115
30.234416508538754, 4.084408901673472
30.406823470960845, 4.0534870845073785
30.578186651077182, 4.017354706364634
30.748238009425798, 3.97561613005283
30.916693455138663, 3.927950906525186
31.083338411289915, 3.8743707051016165
31.2482649624047, 3.8157598410556477
31.411408646884688, 3.7523850610217613
31.57284011145693, 3.6847855976856634
31.732560641588503, 3.61324531710078
31.89061577688362, 3.5380970989318197
32.04648219671926, 3.4585002421315116
32.200256550608756, 3.3749169997119917
32.352137485980876, 3.287923031381561
32.50192392115734, 3.197354972029664
32.64938081578372, 3.1030301235321045
32.79510036043813, 3.00603455032787
32.93877158708406, 2.9060268445659125
33.08082245686959, 2.803732921113897
33.22106379896884, 2.6989808347454254
33.359664468447896, 2.592081646926755
33.49588597802842, 2.4821867233762207
33.630316714602, 2.3701310866962357
33.76292232818983, 2.25594525388181
33.89363334261678, 2.139617851959841
34.0225173878125, 2.021288536770918
34.14954487712231, 1.900982923858334
34.27478116692969, 1.7788231917420272
34.39855949750752, 1.6551905642524076
34.52080018882063, 1.5300368914611417
34.641793772156525, 1.4036723697317495
34.761375544118025, 1.2759629752388824
34.87951592513027, 1.1469084215846426
34.99645159983129, 1.0167490020523369
35.11223432830853, 0.885550184526536
35.226672748876666, 0.7531650563294385
35.340189288429734, 0.6199779700138277
35.452445456184954, 0.4857190278402776
35.563647274107204, 0.3505809557721552
35.67393508482724, 0.2146955447647937
35.78298516020925, 0.07782142018482571
35.89108990759221, -0.05978683964457207
35.99830297246112, -0.19807395341636014
36.104272960553516, -0.337299783129572
36.209465235191864, -0.4771012315657783
36.31380136930199, -0.6175358236451369
36.417473846514696, -0.7584610010795552
36.520030114586284, -0.9002093830834746
36.621792971040755, -1.042545772153165
36.72283598743551, -1.1854146111949317
36.823215157137014, -1.3287727775884053
36.92302382984052, -1.4725509132633143
37.02223964875561, -1.6167591223752482
37.12093522393861, -1.7613416234189812
37.219053105562494, -1.9063303030333076
37.31660636373721, -2.0517057585179748
37.413643384550106, -2.197421943207281
37.51006029027519, -2.343530601377715
37.60586199430732, -2.490011755967661
37.700907255167486, -2.636947881419266
37.79546373017012, -2.7841643843078145
37.88949121232028, -2.93169102643606
37.9830233438873, -3.0795142675426503
38.075971404487255, -3.227704265212884
38.16835538319626, -3.3762619600651687
38.26027900865797, -3.5251259661694982
38.35168820711212, -3.674322700361987
38.442651774871415, -3.8238016539074775
38.53318199849224, -3.973549002697521
38.62329002439691, -4.123551025610488
38.71303138682935, -4.273766912813025
38.802341225490856, -4.424227970772599
38.89168427099645, -4.574655899796192
38.98065408899717, -4.7252952994010755
39.06920295887761, -4.876178058690039
39.15726518310449, -5.027351954338937
39.244796276417844, -5.178856608012948
39.33209798070915, -5.330522995459172
39.41903897226629, -5.4824219074393135
39.50566410549903, -5.634520482427752
39.59189996353184, -5.786851880367565
39.67782443398846, -5.939362374214886
39.763440024483636, -6.09204337288722
39.84874099368962, -6.244895299050734
39.93413680513673, -6.397689970619315
40.0191769860373, -6.550680152941531
40.10385352070109, -6.703872184267237
40.188391304819845, -6.857142880477216
40.27252006768969, -7.0106410483227375
40.35654172781246, -7.164200538197257
40.44037881568268, -7.317862826927691
40.52381385746313, -7.471743828411619
40.607160558174755, -7.625670558765327
40.69025024472211, -7.779730418797511
40.773350447079785, -7.933776291134619
40.855978724108645, -8.088067635353452
40.938486687933384, -8.242417406063936
41.02107860917572, -8.396718502186499
41.10362447674786, -8.55103970561505
41.1861638288519, -8.7053596213824
41.268596099707544, -8.859732920680994
41.350997054903154, -9.014120058888562
41.433467985198455, -9.168467727350349
41.51591508972894, -9.322826657355964
41.59837311216425, -9.477178774977947
41.68084881532265, -9.63152077275462
41.76334433672476, -9.785851707719784
41.84595996615931, -9.94011805638185
41.92868999716072, -10.094322869294416
42.011511022368175, -10.24847868308923
42.09441998743894, -10.402587092863008
42.17753478380906, -10.556584445395526
42.260871900889, -10.71046140613891
42.344368273991215, -10.864251729570539
42.42816620568675, -11.017877553891141
42.51219225776317, -11.17137821499734
42.59663083514246, -11.324651704478846
42.68137995095788, -11.477752978867747
42.76627208643698, -11.630774162671877
42.85158162216818, -11.783562135925576
42.937183764988234, -11.936185507485465
43.0232655622711, -12.088538105138644
43.10984470826113, -12.240608050846136
43.197018664745116, -12.392337472002273
43.28459828541581, -12.543833078277363
43.37288618757862, -12.694917261496352
43.461919921066134, -12.845563646771595
43.55150644071363, -12.99588270700943
43.64180077849389, -13.145778568630856
43.732606548731226, -13.295366211527517
43.82410653869478, -13.444531323565636
43.91637511751752, -13.593223396578294
44.0091052056893, -13.74162923050731
44.10262151587311, -13.889541874127337
44.19706191977967, -14.036867082564232
44.29247825878021, -14.183562811233806
44.388578341810955, -14.329811958143774
44.485547245293844, -14.475486452471069
44.583455247078746, -14.620530965546147
44.68240935203813, -14.76486290366184
44.78266309357024, -14.90829384586769
44.88389672298594, -15.051033287755024
44.98624075367345, -15.19297671592752
45.08978460038565, -15.33404504881371
45.19467598224695, -15.474111873370873
45.300761349505834, -15.613273998568937
45.408040126482796, -15.751515469137074
45.51651019122866, -15.888821356389139
45.62616916797488, -16.02517685609883
45.73716395443713, -16.160444718268902
45.849389029000605, -16.29469166753485
45.9627849712687, -16.4279498222362
46.07757905354939, -16.560004902902254
46.19370182543498, -16.690893339000137
46.311016339262025, -16.820715749719035
46.42975109836434, -16.949242220628125
46.549652360835196, -17.076683555781933
46.67069060422257, -17.203048353781227
46.79331109787387, -17.327881602827247
46.917563795527386, -17.45109424591161
47.043365769112356, -17.57272887315244
47.17072048301853, -17.692740836710723
47.299812286353855, -17.81088587757482
47.430350237958905, -17.927433953939023
47.562300195295926, -18.042382259833992
47.696304471398804, -18.154928879253962
47.83208576069284, -18.265324912764104
47.96972408527478, -18.37339603479495
48.10892535790916, -18.479444618769282
48.249889032762695, -18.583135366098727
48.3924090153866, -18.684670922561015
48.536905846897405, -18.783365386414665
48.6832143261195, -18.879345940502617
48.83135626183956, -18.972463821639487
48.98101794276377, -19.06311097930268
49.13232131329728, -19.15098179019696
49.28554226314729, -19.23545656900251
49.44071469750569, -19.3162856043718
49.59775351520542, -19.393423755439063
49.756456412035725, -19.467077796169765
49.916797586272175, -19.537095815850574
50.078696404879956, -19.60343670375208
50.242069876633145, -19.666064027501253
50.406937953985036, -19.724652082725893
50.573132474222454, -19.779376462341098
50.74069209673902, -19.829782173481227
50.90938021892026, -19.876293066648586
51.07925542184221, -19.918287978007697
51.25012416581595, -19.95607080394857
51.42185582077209, -19.989751588002253
51.594365153319266, -20.019229952597936
51.76754167831654, -20.044534845744618
51.941309279972685, -20.065436840414936
52.115553541044584, -20.08193555120181
52.29014740794564, -20.094219937777208
52.465005366659675, -20.101882941463163
52.63999366942229, -20.105469866643162
52.81501581809556, -20.104969303791762
52.98997684127164, -20.10044452228189
53.164796512672275, -20.092170971087615
53.33935504181141, -20.079601211263228
53.51358986440955, -20.063189579016736
53.68740141151971, -20.042813520027984
53.860735920046295, -20.018739429473754
54.03357339313969, -19.991340444842574
54.205928203276436, -19.961063010076987
54.37770283646403, -19.927656041105614
54.54883877072251, -19.891116264122886
54.719253015838675, -19.85133687395767
54.88900356524663, -19.808798007802775
55.05797498558378, -19.76324268757817
55.226328389829995, -19.71543091385526
55.39394249605575, -19.665066643842906
55.5609353855676, -19.612658594014633
55.72712391984121, -19.55773542066097
55.89259169919208, -19.50066145341297
56.057391586006815, -19.44167329958399
56.22131872167148, -19.38029243852033
56.3844704074095, -19.316873816556235
56.54688150117647, -19.251580499660253
56.70852545787514, -19.184413344193675
56.86940212668858, -19.115435710336115
57.029523421556604, -19.044733374588432
57.18873327445743, -18.972017435323284
57.34706325035731, -18.897424985292925
57.50469806349325, -18.82139716831838
57.66161421432692, -18.743920864704524
57.81784918207741, -18.66510364008188
57.97339402148973, -18.584955268242975
58.12839255432874, -18.503775095542462
58.28279530271876, -18.421483828835825
58.4365991652872, -18.338090942240136
58.58994078315166, -18.253858900161763
58.74277648321493, -18.168715442474912
58.89507230017252, -18.082608121016925
59.046788691230624, -17.995475563137806
59.19806009115032, -17.907558059891326
59.34881530095316, -17.81873822867234
59.49903666133418, -17.728992477550808
59.64884579115288, -17.638530621658724
59.79819906911204, -17.54728756991441
59.94718501914982, -17.455416319277703
60.09573325240402, -17.36281245440252
60.24391288350032, -17.26959728998661
60.39176338422902, -17.175842688780705
60.539217207494104, -17.08145393284175
60.68635638709506, -16.986571158774794
60.833112170612864, -16.891099896264098
60.979562492133695, -16.795171755175353
61.125642724480244, -16.698699260260863
61.27142701560817, -16.601805122700352
61.41685788630065, -16.50441182406151
61.562006015185865, -16.40663241235533
61.70690710538968, -16.30852339787788
61.85151698650446, -16.210020852250246
61.995886913429395, -16.111199152129846
62.13998228440776, -16.012004925172352
62.283840735509386, -15.9124874311972
62.427449276570925, -15.812621875734134
62.57085158884621, -15.71246413517548
62.71403282848435, -15.611985462974562
62.8570355374499, -15.511240480717365
62.99989352803369, -15.410271148219852
63.1425861102231, -15.309042825473252
63.285153243847695, -15.20760758740081
63.427574036084074, -15.105933402073177
63.56988566564348, -15.004071593015055
63.71206284768568, -14.90198819943206
63.85414068235786, -14.799735543197112
63.99614979901557, -14.697361300588605
64.13803813788161, -14.594800076957027
64.27984013848685, -14.492107598647756
64.42151925336495, -14.389244135298147
64.5631017378157, -14.28625632945121
64.70452887057081, -14.183073090254979
64.84583455230336, -14.07974946258091
64.98691386841118, -13.97614750241466
65.1278525807836, -13.872387712767908
65.26849840746286, -13.768265414861018
65.40894494414694, -13.663907490111017
65.54911395411298, -13.559207109905781
65.6890844780138, -13.454266743542497
65.82876847016499, -13.348964020014064
65.96814067973055, -13.243258125660693
66.10726718668397, -13.137228190168736
66.24608399343019, -13.030782099017603
66.38466315269757, -12.924006027152624
66.52291740084138, -12.816780227783356
66.66094379089823, -12.7092247268728
66.79865771666893, -12.60122862101262
66.93598982243309, -12.492703718680286
67.07302817178001, -12.383764503110417
67.20965976623981, -12.274275262424403
67.34601575348294, -12.164409835515535
67.48193457040406, -12.053979898523526
67.61735358954726, -11.942924445996413
67.75239149233835, -11.831404250493339
67.88692620007461, -11.719287982329448
68.02086704090681, -11.606487634080246
68.15439862136334, -11.493240964695973
68.28734040460772, -11.379351454158616
68.4195997850272, -11.264727324075807
68.5511060328464, -11.149301712887098
68.68202801199652, -11.033275983287314
68.8122619538066, -10.916533036785308
68.94172614093209, -10.798978839326189
69.07061103029844, -10.68082034428967
69.19880315010056, -10.561927563239223
69.32622061361502, -10.442204735512867
69.45279766111678, -10.321576668911636
69.57874749056332, -10.200264083207232
69.70394982162955, -10.07814022164298
69.82831584111793, -9.955114817396291
69.95176995068623, -9.831117448445093
70.07423272190628, -9.706082121438175
70.1960605669954, -9.580377252979378
70.31699829008623, -9.453777080598151
70.43695013730085, -9.326213753020916
70.5558325673498, -9.197635964131077
70.67357486664704, -9.068008183820131
70.79043981243206, -8.937593823401428
70.90628735630058, -8.806289633190213
71.02101748228937, -8.674033577020554
71.13454110398816, -8.540775375481823
71.24678211317462, -8.406477048443376
71.35802929610084, -8.271399717019866
71.46815908359551, -8.135453235796287
71.57704033664578, -7.99854259727362
71.68457874669164, -7.860605427523725
71.79069550357659, -7.721593224911918
71.89532765265393, -7.581471265535646
71.99880029385946, -7.440492572440374
72.10095204763817, -7.298546034372011
72.20168986630127, -7.155573789563388
72.30093228433492, -7.011531353714092
72.39852574333644, -6.866331468474531
72.49488605731915, -6.720271628525019
72.58981382070621, -6.573238379406003
72.68324864420907, -6.425218830761984
72.77510481519624, -6.27618868073493
72.86532056331903, -6.126140096909266
72.95420540852932, -5.97528630700277
73.04155152327408, -5.823532240015937
73.12729625808387, -5.670873460612609
73.21111948238543, -5.517166140918205
73.29312297123792, -5.362503241265934
73.37366583129045, -5.207103189313905
73.45259201599562, -5.050908451424907
73.52976228209903, -4.893874931165132
73.6051437969734, -4.736012915128688
73.6781913522001, -4.577092596008825
73.7489417347902, -4.417164331851191
73.81787993271806, -4.2564672376759844
73.8846265837213, -4.094858971374002
73.94937219959459, -3.9324378655260133
74.01210801575553, -3.7692171061168196
74.07282332075103, -3.605210088248827
74.13150510035534, -3.4404311547621207
74.18786974907023, -3.2748046713554295
74.24215880967184, -3.108440717629204
74.2943641412619, -2.941363585867976
74.34414252633654, -2.773503360182867
74.3918037689973, -2.6049978469539643
74.43719395822595, -2.435848051353707
74.4799567942547, -2.2660074901028597
74.51984207333693, -2.0954720429497087
74.55710781081562, -1.9243595252711243
74.55523623166604, -1.7467826069703454
74.63803600895707, -1.5870014367239784
74.63622465884882, -1.4072998194129769
74.69383915092857, -1.2373139447813704
74.71679958334485, -1.0595543787201533
74.73574548950297, -0.8815735346607747
74.75079145812717, -0.7034714174332208
74.76185093351863, -0.5253277949116655
74.76836759917298, -0.3472105728179056
74.77255493085076, -0.16927265889611964
74.77316639403335, 0.008463538793012343
74.74486105491096, 0.18366143018203626
74.74453100723966, 0.3609013596252356
74.73737931475814, 0.5377460477039959
74.69013118052754, 0.708025025255802
74.66668997425728, 0.882949702020789
74.60616849867401, 1.0484428357646252
74.60254727611819, 1.2243909061869034
74.58326289918465, 1.3990700743783493
74.55951668381857, 1.5729462576598632
74.53231312758888, 1.7460617471016187
74.49003987148507, 1.9158640056209166
74.4609978299152, 2.088174043282942
74.42093063629159, 2.2579997947890678
74.3456098825361, 2.4150892240077453
74.3164785286528, 2.586622007891077
74.3261419125594, 2.7600666416741837
74.25343132632361, 2.917555810849614
74.18661190333417, 3.0773792539398555
74.10519754540039, 3.2299925800787586
74.04105375537621, 3.390380315072876
74.03226826424691, 3.5626206328453747
73.96603142877882, 3.7216093600250097
73.96269626596649, 3.8935414763178477
73.87923168656533, 4.043606659056605
73.7975622084931, 4.194385293222947
73.70200692263838, 4.336458949465956
73.62264299409345, 4.487912527481048
73.52624579002082, 4.630140151162654
73.42968992083883, 4.774467549263881
73.3330488054824, 4.920214560551802
73.23474951303875, 5.065263875248484
73.13497765488644, 5.209233226992461
73.03476933152868, 5.352777941469435
72.93377711351499, 5.49562844936705
72.83227548462476, 5.637995105722246
72.72965463779111, 5.779475037680202
72.62603081421001, 5.920180654504539
72.52150946710182, 6.060208567052738
72.4162438578729, 6.199693617032287
72.30970633791716, 6.3382521564031045
72.20201736236419, 6.475978625817131
72.0932835885889, 6.612948597944392
71.9835338497378, 6.7491722483380805
71.87276191311, 6.884616849900997
71.76113397275155, 7.019388676773414
71.64856491591824, 7.1533887216328
71.5351159252804, 7.286639096369713
71.4207901017333, 7.419122314789411
71.30559505481153, 7.550826337141833
71.18944132643212, 7.681657359894052
71.07246077424816, 7.811720645583442
70.95467402205195, 7.941025267666725
70.83608424669983, 8.069570072455415
70.71680425864477, 8.197457655948632
70.59685380447664, 8.324703338125833
70.47625905511411, 8.451329705081559
70.35504984411614, 8.577363661662188
70.23325680976438, 8.702833133206727
70.1109989842185, 8.82785227216886
69.9884147784986, 8.952555751901256
69.8654493492685, 9.076888904986815
69.74208738404555, 9.200835394941603
69.61828295537524, 9.324348681355012
69.49404333734194, 9.447435917147065
69.36950439421398, 9.570234972134763
69.24461764367388, 9.692697090980593
69.11937385625451, 9.814811646250234
68.99378454544872, 9.936587790879617
68.8679570759118, 10.058133227174446
68.74186915360214, 10.179422265543714
68.6154834748282, 10.300415758988345
68.48880973762832, 10.421124117571113
68.36209857940273, 10.541810059383247
68.23499359716595, 10.662111180438112
68.107890181894, 10.782520555115559
67.98073042025071, 10.903006392253074
67.85359084309842, 11.023382595400033
67.72651178198497, 11.143594649013794
67.59945784759609, 11.263787619067239
67.47235147483477, 11.38374370073635
67.34544704025474, 11.503727861362188
67.21856862509898, 11.62392133267789
67.09162098535741, 11.744403494382478
66.96447289430921, 11.86466880394598
66.83775777530323, 11.985027497955612
66.71146095801006, 12.105463080312544
66.58523738102694, 12.226258683394944
66.45841601328563, 12.347024355619896
66.33204482633388, 12.468211892244922
66.20620099330517, 12.589694020239161
66.0807755055461, 12.71147351982672
65.95479610630233, 12.832808810902987
65.82928870646042, 12.954935929355113
65.70420126767087, 13.0776127225168
65.57964442675252, 13.200679923322445
65.45633952962574, 13.324701200043334
65.33268068001293, 13.448340076786538
65.20937307327584, 13.572590309843182
65.0864461823133, 13.697458728065806
64.96406911207865, 13.822985387829748
64.8422279283869, 13.948879487053869
64.72108283947931, 14.075098280262015
64.60055551990116, 14.201679267578484
64.48050243696653, 14.328752694482358
64.36096822965088, 14.456427827649629
64.24201131045078, 14.584580237569636
64.12353881123194, 14.713340030354992
64.0059305083473, 14.842961917785718
63.888971650977936, 14.973019340522152
63.772510461573724, 15.103595101059854
63.65661627130202, 15.234785420363425
63.541287263482744, 15.36654834787412
63.42657709993217, 15.498882529746258
63.312441229719134, 15.631708872838226
63.20005255607787, 15.765990110731956
63.088482674140124, 15.900913320655194
62.977580374052636, 16.036335530751863
62.867427729645954, 16.172311334473807
62.7577773028692, 16.308640317562574
62.64945791196815, 16.44598399937205
62.54232684765149, 16.584217324097065
62.436074736421325, 16.72309592363556
62.33057198284303, 16.86252112545199
62.22655434351847, 17.00304317363612
62.12322720828304, 17.144071461088167
62.02044002590473, 17.28550540468327
61.91921289141377, 17.428084697095763
61.818736397039245, 17.57123033789457
61.71882542282744, 17.714818223324002
61.61956948977678, 17.858912432405358
61.52141973955014, 18.003815614349566
61.42410850996394, 18.149334214456708
61.32752151645079, 18.295381603235764
61.23279707163158, 18.442674142345638
61.13824502912592, 18.590073404930486
61.04481357929422, 18.73819663638048
60.95203891381862, 18.886772323417155
60.86125284665044, 19.036591150392443
60.77119508684042, 19.18684363552003
60.68178212665606, 19.33744325213277
60.59320407459203, 19.488472158900997
60.50602734638917, 19.64024714399404
60.419947694629144, 19.79258358107426
60.3347376232635, 19.945354720855878
60.250380720160535, 20.09855421190774
60.1669556634828, 20.252229130791545
60.08433677561591, 20.406317733357493
60.00500196996572, 20.562145079174336
59.926200872566206, 20.71830455633057
59.84764347167159, 20.87463610295138
59.769216243694565, 21.03106266655153
59.69092041063356, 21.18756826123943
59.61342981295816, 21.344474851541044
59.53685267978767, 21.50181917640979
59.46123723853451, 21.659611819164052
59.38648308406779, 21.817803893564097
59.312110946188604, 21.97617423886247
59.23823129360366, 22.134781019002496
59.16481660301678, 22.29361398165572
59.09222510581911, 22.452829834332302
59.02114369785792, 22.612717422858385
58.9506685974229, 22.77285497287669
58.88079956470834, 22.933238013185385
58.811767937753686, 23.09396211512934
58.7436796260965, 23.25506655026125
58.67618471825428, 23.41639980335006
58.609575520700446, 23.578083477387572
58.54334391487919, 23.739909639498443
58.47814785500483, 23.902158716223884
58.413493179185885, 24.06464203064432
58.349481245834504, 24.22739935465373
58.28578296877334, 24.39030092740688
58.223083911809574, 24.553617376581514
58.16066158836985, 24.71707332992676
58.09922790113738, 24.880933539200786
58.03804049416441, 25.04491645694376
57.97715054778132, 25.20904043571506
57.91675422234211, 25.37336993867819
57.85650487759993, 25.537769874554765
57.79668023118366, 25.702335870626722
57.73743318475168, 25.86711364436666
57.678519312032115, 26.032005201737903
57.619919285013246, 26.196998974595488
57.561498074543245, 26.3620450341228
57.50330120008843, 26.527159555056055
57.44538531885047, 26.692363039106404
57.38761951791188, 26.857610057518933
57.33011773617108, 27.022941509286916
57.272799094797534, 27.18833098475395
57.21563233319318, 27.353769619687508
57.15859026320685, 27.51925015288356
57.10164941450527, 27.684766446578614
57.04479337949022, 27.85031422991954
56.988006482070475, 28.015888748003427
56.9312678201497, 28.18148272406486
56.87454216682204, 28.347083513910665
56.8178697819032, 28.51270391652182
56.76120102673509, 28.67832562765257
56.70450973629641, 28.843938452673438
56.647775226526, 29.009534280094787
56.59098510788778, 29.17510808653861
56.53416313492544, 29.34066740033298
56.477261707690865, 29.506195403258285
56.42026950143509, 29.67168796047063
56.363169579309066, 29.837139243687137
56.30594603098351, 30.00254397822155
56.248583580283565, 30.16789726093236
56.191067484079454, 30.333194470326866
56.13325133755037, 30.498385017828983
56.07512352650948, 30.663465001483495
56.01673136527465, 30.828451301202474
55.95806632462469, 30.993341132028863
55.899126334547276, 31.158133884105723
55.839909920647834, 31.322829040791106
55.78043902975833, 31.487434528575815
55.72065158410367, 31.651927742468946
55.66064708892037, 31.816344494432176
55.60016804827452, 31.98058983542937
55.53927585835194, 32.14468475459679
55.477848622669555, 32.308581941520806
55.41603908638827, 32.4723363117892
55.35376785947388, 32.63591567939153
55.29087827691211, 32.799257427594114
55.22748059488136, 32.962400633288325
55.16360745513324, 33.12535503450425
55.09935095035584, 33.288154419887825
55.034379500515655, 33.45066501612616
54.96856983432032, 33.61283310368064
54.90210796421501, 33.774730248626
54.83480864819556, 33.93627659635421
54.76685514572283, 34.09754480797961
54.69844488131649, 34.258616073535485
54.62901956921548, 34.419248903676824
54.5586774113885, 34.57947916100443
54.48720943373177, 34.73920767355105
54.41501541780313, 34.89860722527574
54.341571941806166, 35.05743341046032
54.266840151486264, 35.215656554023205
54.19132717624841, 35.37350796685647
54.11465319530876, 35.53079848638728
54.036699779418775, 35.68745859154307
53.95777512632351, 35.84363094085579
53.877764177505725, 35.99924788915413
53.79591035924041, 36.15390066785157
53.712441481317796, 36.307683986787666
53.62714176787917, 36.46045421681357
53.5401409490093, 36.61225544198462
53.451328194142846, 36.762995262067136
53.36058736221003, 36.91257214459798
53.26819469860169, 37.061122443247626
53.17383626780585, 37.20841814231138
53.07737807179819, 37.35433251631104
52.978798384494155, 37.49880682663177
52.87821112028511, 37.64187539891943
52.77495047748723, 37.78301131481457
52.669888136567096, 37.922796838110344
52.56239428915158, 38.06070752738465
52.45198554319656, 38.19628420482497
52.33837735128773, 38.32918321985833
52.221710765795926, 38.45940184181132
52.10168307587752, 38.58652977705479
51.97875556904145, 38.71086172665769
51.8528835057783, 38.832221184900185
51.72336429182606, 38.949693277941954
51.590475180892554, 39.06335694911965
51.45453236018936, 39.17337083825408
51.31539149989136, 39.27933272679788
51.172849084768814, 39.38069559138056
51.027676255544804, 39.47827892599217
50.87926873683546, 39.57089302911506
50.72756295346986, 39.6580246890427
50.572662053800414, 39.73936640442323
50.41506562380208, 39.8153802690152
50.25476985475901, 39.88554666724359
50.09217334872362, 39.95022571155001
49.927555803331146, 40.00959537953672
49.760725773232714, 40.06245145517727
49.59181843456993, 40.108262918250915
49.421198878936025, 40.14724754422874
49.24915905571647, 40.17942634946516
49.076131109827564, 40.20582303079448
48.90230900178202, 40.22639535206299
48.72792232947572, 40.24151330661171
48.553115061598774, 40.25066605599579
48.378085385926425, 40.253596956571755
48.20305294240227, 40.25031056093914
48.02820814636228, 40.24136498929801
47.85367113479641, 40.22754232497923
47.67954117848611, 40.209213281307775
47.50593863480428, 40.186373583997444
47.33293393914839, 40.15934322722493
47.160623044329775, 40.12817614186321
46.98911738327924, 40.09283817273747
46.81840996646986, 40.05382814079228
46.64861164922338, 40.01104685579975
46.47982391475627, 39.96445899109733
46.31190847421151, 39.914847498310635
46.144923324298354, 39.862226534293
45.978784325849325, 39.807035032670896
45.81363428265106, 39.748998178698464
45.64942868087538, 39.68838836655575
45.48617373972162, 39.625309574464424
45.32392261198029, 39.559736198752276
45.16284149517179, 39.491379215813026
45.00288384283477, 39.42046755672686
44.84390168369044, 39.34742289277432
44.685728072255266, 39.2726640493843
44.52845869177007, 39.19603409072744
44.37210626889453, 39.1175545233727
44.21670862705717, 39.0371971596246
44.06209701565844, 38.955326391628425
43.90821450584029, 38.87207631395159
43.754966705672075, 38.78764300212041
43.602381416578076, 38.70199628809933
43.450365604118474, 38.615320583276855
43.29904142220301, 38.527421789593326
43.14826722361356, 38.438563543707986
42.9981648980252, 38.3485585333122
42.848658834087665, 38.25755343273926
42.699700390987516, 38.16564550808767
42.55133814356354, 38.07277325528129
42.40352791306469, 37.97902426500818
42.256235840140626, 37.88446695281932
42.1094287770271, 37.78916624009019
41.96305318470149, 37.69321573997855
41.8171785876303, 37.596519969174295
41.67175121140754, 37.49916976993251
41.52674200356948, 37.40121577045145
41.382117085619534, 37.30271316045934
41.237854134024204, 37.20369767700207
41.09391361906651, 37.10422788068507
40.950282759991474, 37.00432151147946
40.80694003719161, 36.90400740891592
40.66386603723196, 36.80331011551926
40.52104293511058, 36.702251047783946
40.37845440583341, 36.60084907010775
40.23608550777847, 36.49912111761968
40.09387253223802, 36.39715262178908
39.95182546082813, 36.2949268211147
39.809941952390766, 36.19244562215577
39.668159139563514, 36.089796187222376
39.52651657672139, 35.98692586096866
39.38501897946447, 35.88383237373265
39.24365853066321, 35.780532636892026
39.10241607633729, 35.677060526939975
38.961293078467925, 35.573422462662144
38.82034078533654, 35.469557462891956
38.67953112960788, 35.36551223739844
38.53888459597086, 35.261267045505
38.398378872355686, 35.15685907810104
38.258019726767955, 35.05228632066636
38.11780346632911, 34.94755776120505
37.9777174434194, 34.84269191360413
37.837710421926296, 34.73775515539691
37.6978166852013, 34.632695306196304
37.558048719186765, 34.52748088153908
37.418335666986465, 34.422184590750426
37.27857037163324, 34.31692690345695
37.138828682939355, 34.21159466532892
36.9991560209899, 34.10612807638646
36.85939412185594, 34.000746012298
36.719481995365754, 33.89554015605976
36.579479402392856, 33.79045239621538
36.43962192172954, 33.685197268222126
36.299626365881245, 33.58016355442714
36.159573238964576, 33.475245606334006
36.01943471460881, 33.37047854611997
35.879192290526966, 33.265882252335125
35.738828564594584, 33.16147251330448
35.59857968915895, 33.05691469607308
35.45811740062974, 32.95263453672728
35.31740861305353, 32.84867449164894
35.17649140813106, 32.7449823387687
35.03530366265993, 32.64164256165648
34.89399125089564, 32.53845427950469
34.7523468473039, 32.43570111982544
34.610594620761105, 32.333077969992004
34.46855728029812, 32.23083343468662
34.326337127623795, 32.12882839522894
34.18392684582618, 32.02707607540812
34.04115713614195, 31.925817420921547
33.89820778365981, 31.824803313135064
33.755065308125985, 31.724056789659876
33.611718363494944, 31.62359868509306
33.46814253503439, 31.52346967413418
33.324304704180065, 31.423726044963825
33.180318532093594, 31.324220867354473
33.03607859674095, 31.225117508879105
32.891479149358375, 31.12657081265295
32.74629688329573, 31.028914227059563
32.600693212967435, 30.931913073477144
32.45458554908403, 30.835694306099477
32.3078254828179, 30.740489905790906
32.160553881906075, 30.646089107918858
32.01305449895626, 30.552046928452636
31.86469996835687, 30.459354295868344
31.71572913654202, 30.367644581709516
31.566077950332506, 30.277033787705978
31.416754822491114, 30.185837318356405
31.266641661701343, 30.09587243651158
31.115570239391406, 30.00745444610975
30.963986618558543, 29.919862044506537
30.811738400243964, 29.83340211590724
30.65829141012879, 29.74907737330468
30.503542985535223, 29.66715881012222
30.347786718996293, 29.58717321062954
30.191182739347745, 29.50887577579045
30.033619259008308, 29.43259095843325
29.875199615969883, 29.358207835299993
29.71594898587123, 29.28573435108154
29.555119033013547, 29.216939361523753
29.393216930682794, 29.150794312457094
29.230280496052686, 29.087306786431412
29.066209174507673, 29.026855284852363
28.901285727450308, 28.968782080538432
28.734768478865572, 28.91542182550756
28.566923747933533, 28.866332899123172
28.397584402511335, 28.822588098027463
28.227013334409424, 28.78381539893345
28.055364803691717, 28.750020685667433
27.88272465030522, 28.72166729322478
27.709328584761717, 28.698386815154226
27.53513407306515, 28.68215933907973
27.360460039313043, 28.672447615590237
27.185543051553374, 28.669931489984304
27.01067734763461, 28.674522027871173
26.836133459403335, 28.68598150512711
26.662221690609915, 28.704696759844573
26.48948077910059, 28.732200391358774
26.318388655557683, 28.768632343992333
26.148912701772268, 28.812042503657903
25.981384367849017, 28.862517523433997
25.816950315883126, 28.922366151989454
25.656314488581327, 28.991833006991843
25.49867311510984, 29.06792250690542
25.34398298762541, 29.149897339512464
25.192620860607217, 29.23788288818983
25.045260382243786, 29.332413938043413
24.901834134478563, 29.43281059091932
24.764779322718123, 29.541728941541788
24.63059719525835, 29.654151918556664
24.498979274909974, 29.769550507889377
24.370894249688646, 29.88884911675554
24.247882407133975, 30.013380890186685
24.128245021504327, 30.14118059455873
24.012414883715763, 30.272454243520897
23.89960916619121, 30.40634234629887
23.78950671837714, 30.54246590650351
23.682164788065986, 30.68077682793278
23.577714527836886, 30.821280276503114
23.47657106785187, 30.96417414663037
23.378672063339355, 31.10929832522793
23.28366499839883, 31.256317622430014
23.191349633932422, 31.40502551376774
23.10183629271604, 31.555419540610675
23.014675190613303, 31.70717233704607
22.930081660420196, 31.8603573153173
22.847898424589594, 32.01483742250336
22.76788190650909, 32.17044045905113
22.68989669830785, 32.32706359836359
22.613874804585464, 32.48464512950251
22.539697044625576, 32.643103496691076
22.46729766692009, 32.80238661874485
22.39657625321755, 32.96242945049936
22.32958615883097, 33.12409649533595
22.26361310391204, 33.28622651520479
22.198422656223762, 33.4487126407727
22.13398135028215, 33.61152672619229
22.07023177171892, 33.774629229802976
22.006155523612463, 33.93758434354557
21.942961405318048, 34.10083309975572
21.880453919348852, 34.264294268082
21.818405303930156, 34.427890320819394
21.75684902017491, 34.591646878868985
21.695697915661757, 34.75553746263618
21.635441669215542, 34.919793655808725
21.575355169026825, 35.08415583992284
21.515463380217422, 35.24859436434132
21.455709181533756, 35.413093882813655
21.396053519181237, 35.577646968282224
21.336433429959012, 35.74223395444377
21.276808424830232, 35.90684232437397
21.21723846928374, 36.071493853386556
21.157658625081627, 36.23616338894248
21.097924217687524, 36.40079524288094
21.038058159965562, 36.56539300536276
20.978048826850547, 36.7299467230876
20.917888689377722, 36.89444717648694
20.857417303556026, 37.05882847675322
20.79667567222715, 37.223098193769275
20.735654898147295, 37.38724581685679
20.67447219521669, 37.5513067670224
20.613006089521043, 37.715228225322605
20.551049395992077, 37.87892684507109
20.488693208330858, 38.04243169466588
20.42592613040346, 38.20573369314335
20.362700692222255, 38.36881179005621
20.29905700125162, 38.53168171308088
20.234977226340877, 38.694339510018104
20.17038562242429, 38.856759587242635
20.10533080661128, 39.018968448698004
20.039782029066938, 39.180964352232714
19.97338032143395, 39.34260969268788
19.90618530445406, 39.50393597326293
19.83809472528125, 39.66490952740763
19.769195992455334, 39.82557508324967
19.69944569493473, 39.985920042124484
19.628912972556257, 40.145977936478644
19.557718513994956, 40.30580136458537
19.48574165939461, 40.46533197736311
19.412985094803457, 40.62456374722991
19.33897267832306, 40.7832642902319
19.263895766748856, 40.94150295423869
19.18779113804981, 41.09927778339286
19.110696422965464, 41.25658706879127
19.03264820414268, 41.41342885616477
18.953608696514223, 41.56976416394989
18.87318615377715, 41.72537094648751
18.791646379024076, 41.8803567849886
18.708756288329052, 42.03457160529645
18.624702415340906, 42.18809618940051
18.539045517629788, 42.3406691249511
18.45205886861862, 42.49242311162852
18.363840061403195, 42.64339999453894
18.27463569049732, 42.793752588284406
18.183843697526598, 42.94313442965822
18.091598214270004, 43.09162188223208
17.99803390497234, 43.239294593666656
17.903297254732873, 43.38624356864932
17.806685995463365, 43.53200645189156
17.708588024534425, 43.676822129454514
17.608674945469275, 43.82044633953234
17.50723677505157, 43.96305564090986
17.404338308195353, 44.10467229223434
17.299700083461325, 44.24505880364728
17.193647070357173, 44.38442165389981
17.085917195534222, 44.52252696797344
16.976787443411073, 44.65955503994528
16.865919074538173, 44.79519635830791
16.753700171668946, 44.92972565241594
16.639871875075183, 45.06288557192353
16.524752966390373, 45.19490830394102
16.407734227240706, 45.325212998928045
16.28931942503028, 45.45420111038382
16.169294434029535, 45.581637880005545
16.048006710110695, 45.707818363772915
15.92527726058081, 45.83254190065769
15.801025858276583, 45.95569821214229
15.675552071704363, 46.07756490022636
15.54869410130536, 46.19795237148857
15.420721065000606, 46.317124123175645
15.291439607690988, 46.434853866996974
15.160808189092062, 46.551070212245634
15.02906958383635, 46.66602623176448
14.896013187889025, 46.779460266290755
14.761939833648308, 46.89170565211173
14.626656852134582, 47.00251400240292
14.490108996820414, 47.1117898995721
14.352436196751718, 47.21967942502068
14.21355839349918, 47.32604985488425
14.07344138940947, 47.43081924022954
13.932325106337768, 47.53427377968042
13.790060764515879, 47.63617645351714
13.646618730640908, 47.73644494044323
13.501981780138347, 47.83500923475795
13.356368140513478, 47.93214723309207
13.209669036318871, 48.027654873272795
13.06187110493208, 48.12146514819434
12.913202912695676, 48.21389576753964
12.76354505051116, 48.30471444575773
12.612881706755005, 48.39384984198162
12.461205767633906, 48.48124187163325
12.308728434776677, 48.56721525200246
12.15534630668464, 48.651548358105686
12.001047664777962, 48.73417720608919
11.84582790540479, 48.81504912282291
11.689884472027538, 48.89450838241805
11.533119099426044, 48.97233145281865
11.375520705263165, 49.04845825241044
11.217084756473383, 49.12283891957555
11.05799041119046, 49.19582351838134
10.898150342393045, 49.267192340270896
10.7375547293242, 49.33688302034366
10.576200640491725, 49.40484212195682
10.41409235306803, 49.47102667792884
10.251397963122109, 49.53580018322931
10.088047030950703, 49.59893856422073
9.92404023493144, 49.66038594989402
9.759384072120998, 49.72009468604184
9.594207167478046, 49.778357223732556
9.428479538424261, 49.83502669843503
9.262203703970265, 49.89003865829241
9.095386862076175, 49.943335615856164
8.928040910188855, 49.99486954909704
8.760181813182928, 50.04460313993709
8.591951421923358, 50.092933756394835
8.423302744561292, 50.1396242800187
8.254241487909585, 50.18462118409237
8.084735547414507, 50.22772216420828
7.914830814482206, 50.26902464425637
7.744670608610679, 50.30913166374553
7.574148715294513, 50.34762948351781
7.403253881651923, 50.3844345540359
7.231989881731488, 50.41952899669786
7.06026683654801, 50.45241963169593
6.88814940773053, 50.483367087197166
6.715705488302741, 50.51268637042759
6.542929154680198, 50.540274871355436
6.369837491045595, 50.566134607289236
6.196458452499224, 50.590060569922386
6.022848383068128, 50.61192254511378
5.849057972899723, 50.63223571547831
5.675138785177586, 50.650901030442185
5.50102834174851, 50.66793006489109
5.326907230395927, 50.68533065390371
5.152712951933791, 50.70095117506886
4.978433123000864, 50.714837665893064
4.804026464240809, 50.726935959430804
4.629455049868552, 50.737172226091175
4.454692757928188, 50.74550181327508
4.279752811672409, 50.75184093981424
4.104694515610437, 50.75634161296111
3.92956793703909, 50.75907636360626
3.754416929508308, 50.76006767973381
3.5792889842617996, 50.759153762788735
3.4042314563990144, 50.75647855737954
3.2292853261581516, 50.75208530309969
3.0544829266898312, 50.74603370784268
2.8797378623206313, 50.73850992434063
2.7049670889535937, 50.72931286071577
2.530252558694786, 50.71842515768911
2.3556832558058174, 50.70587962830661
2.181266585232779, 50.69171920533088
2.0069973771354523, 50.67593402448839
1.8328784909571123, 50.65850711981957
1.6589191524688742, 50.639444798326174
1.4851290613909343, 50.61875387449995
1.311518871675521, 50.59644096565227
1.138100472921787, 50.57251258299852
0.9648871041631124, 50.5469752619717
0.791893307510406, 50.51983569862865
0.6191347594323005, 50.4911008735044
0.44662809289758715, 50.46077816784153
0.2743907829822693, 50.42887541200573
0.10244092112535177, 50.39540097690173
-0.06907335741728762, 50.35973940266828
-0.2401786960967321, 50.322175171573555
-0.41086747505214627, 50.28279747371491
-0.5811359326278617, 50.24169614295221
-0.750982739300478, 50.19895788151137
-0.920407469033302, 50.15466344872675
-1.0894094173772166, 50.10888569163084
-1.2579001971388681, 50.06137496546861
-1.4258791103669537, 50.01220432806254
-1.5933535755579242, 49.961462681689234
-1.7603886954363568, 49.909399789016014
-1.9269826094166809, 49.856027833297425
-2.093128311783585, 49.80134444250667
-2.258831603689226, 49.74538254189454
-2.4239878328995883, 49.68785604686799
-2.588611830798932, 49.62883540613201
-2.7527175366085506, 49.568381341273884
-2.91631923925019, 49.50655442480002
-3.079430250042558, 49.443412882761635
-3.2420618632332396, 49.37901089886515
-3.4042282805689283, 49.31341146051207
-3.5659263640494325, 49.24664207753325
-3.7271545196611964, 49.17873670077047
-3.8878047436006655, 49.109477772130646
-4.047881721081561, 49.038921730196904
-4.207394774574213, 48.96713462624683
-4.366354933093492, 48.89418096631803
-4.524788046543933, 48.820150917045694
-4.682692708486728, 48.74506941139572
-4.840080184245615, 48.6689825524621
-4.996961698314627, 48.59192971173247
-5.1533518553376485, 48.513950275237946
-5.309284977244538, 48.43502457268932
-5.464861433109098, 48.35525325472255
-5.620066009667477, 48.274599243053174
-5.774890811613258, 48.1930592024713
-5.929324083337181, 48.11063565524415
-6.083367036241638, 48.02735519470767
-6.237010834599974, 47.94322765359807
-6.3902341199360455, 47.858249244264584
-6.543035797643885, 47.7724558452334
-6.695416420228602, 47.685882415088955
-6.8473578085789955, 47.59853059408957
-6.998852815671427, 47.510420617505574
-7.149896456720686, 47.42157432697549
-7.30045200735264, 47.33195882096879
-7.450560256260497, 47.24166631877638
-7.6002269897659795, 47.15072173791907
-7.749561710897071, 47.059314537911774
-7.89855326202234, 46.9674299927558
-8.047177551207966, 46.87502908407228
-8.195426861029068, 46.782096694800494
-8.343297039821401, 46.68862129402199
-8.490787960860079, 46.594596092706155
-8.637903717090387, 46.500019581639286
-8.784741140978847, 46.40503255464087
-8.931502893865895, 46.30992280165668
-9.078023058502358, 46.21441022080266
-9.224270656151393, 46.118439964109825
-9.370227084945087, 46.02197881387333
-9.515880504157172, 45.92500685797594
-9.661291718455525, 45.82761459129366
-9.806428186969573, 45.72975435241806
-9.951254271693692, 45.63137761148482
-10.09576498545516, 45.53248333192476
-10.240048855995926, 45.43320767991455
-10.384075677920068, 45.33351405474088
-10.527826227863308, 45.23338568357123
-10.671270923108292, 45.13281826961318
-10.814427638456484, 45.03187672059253
-10.957369709295612, 44.93068361382264
-11.100053482178865, 44.82919307885669
-11.24247690008771, 44.72741131236493
-11.384745428785926, 44.62549189966896
-11.526817759088418, 44.52337632162995
-11.668652933272869, 44.42100192885087
-11.810235929139752, 44.31834212470961
-11.95165611292108, 44.21551049722842
-12.092860450221321, 44.112421371473914
-12.233828202460234, 44.009032864544665
-12.374627229104503, 43.90542579801148
-12.515219544065852, 43.80153663488167
-12.6555750468303, 43.6973116633614
-12.795765329918975, 43.59283854220424
-12.935740017362981, 43.488043076284455
-13.075454217575864, 43.38285914103808
-13.214985244260797, 43.2773864713821
-13.354267837356057, 43.17153923260977
-13.493254256342937, 43.06525835940881
-13.632025025653478, 42.95865498969971
-13.770491989997144, 42.851621821186946
-13.908609235126699, 42.74410888876909
-14.046470236781602, 42.636244954446084
-14.183995408531787, 42.52793788557066
-14.321127255446914, 42.41912715966335
-14.45797007270561, 42.309954707651094
-14.594437781573458, 42.200322670515234
-14.7304659139486, 42.09016283635986
-14.866176351457094, 41.979634494427145
-15.001432608634431, 41.868575789106394
-15.13619493902465, 41.75694338578709
-15.270431597425011, 41.64470245191765
-15.404284279465484, 41.53202356266996
-15.537665184080094, 41.41880142767779
-15.670512699108619, 41.30496216128421
-15.80278010639628, 41.1904506930617
-15.9346262867865, 41.07545001350661
-16.065910229817284, 40.95979796244125
-16.19661231624281, 40.843472733836556
-16.32666717467898, 40.72640357034026
-16.45625586636177, 40.60879550901885
-16.58532535443322, 40.4905951887016
-16.71379810585069, 40.37172636250809
-16.84141202204257, 40.251919877439924
-16.968167349341527, 40.131195580635335
-17.094081057847696, 40.00959144080016
-17.219316333204613, 39.88729341321889
-17.343781059034512, 39.76422538818192
-17.46747118846847, 39.6404042418498
-17.590217772448437, 39.51568364300686
-17.71210244401235, 39.39016544481852
-17.833112419690497, 39.263854671470284
-17.953230042876573, 39.13674854533746
-18.072451700049722, 39.00885420050919
-18.190796053504517, 38.88019260668832
-18.308252747656834, 38.750748974437776
-18.424748042722552, 38.62044977664978
-18.54031190663967, 38.48931666168454
-18.654937433182223, 38.357337837747245
-18.768551229449436, 38.22444581060357
-18.88104051194532, 38.09054474773339
-18.992496638663756, 37.95571502145796
-19.102926638316315, 37.81996830009639
-19.212318604784258, 37.68330474026381
-19.320809775830877, 37.54585116752685
-19.427792237009776, 37.40716191629033
-19.533386827920385, 37.26737018584956
-19.637670058306625, 37.12656708485658
-19.740670874381877, 36.98480612017793
-19.842321711557698, 36.84207076016373
-19.941997528051512, 36.69795955701715
-20.04001185057217, 36.55273585026114
-20.136448146528984, 36.40649307514501
-20.23090214209632, 36.259004673730935
-20.3236537870293, 36.1104873874744
-20.414784217199767, 35.96101873691609
-20.50393040141138, 35.810405265944574
-20.59131791198046, 35.65880683824117
-20.677054264382768, 35.50630392636149
-20.760729644600758, 35.352687532878214
-20.842606878520083, 35.19812281613335
-20.92228027880237, 35.04241888107044
-20.9996351450121, 34.885549267695744
-21.074471560560788, 34.72745375349004
-21.146934759634785, 34.56824099606666
-21.21681914201883, 34.407859238028216
-21.28445478237905, 34.24649376395322
-21.349501996654496, 34.08404606981971
-21.4125551805293, 33.92079407778991
-21.473060244377027, 33.756563420430425
-21.531263148921706, 33.59148900570218
-21.586861946359175, 33.42551087326949
-21.640174831250437, 33.25878161438595
-21.690811480292126, 33.09122336778844
-21.73901635092415, 32.922957875755955
-21.78452699859347, 32.75395645188904
-21.827073690701017, 32.58420089159948
-21.831332650576172, 32.40678114675839
-21.824208883308568, 32.22445188868975
-21.804774816562993, 32.03799620192343
-21.772136056143523, 31.84832092874178
-21.7254459973053, 31.656460264268382
-21.6639217418362, 31.463577914698412
-21.58686123776236, 31.270967566113786
-21.493661520256293, 31.080051403383436
-21.383837890013464, 30.89237641520683
-21.304583297847905, 30.685550113901503
-21.292994506946865, 30.463047525500876
-21.178528650695696, 30.272186280776364
-21.166965846703437, 30.050182636133478
-21.172696312314976, 29.828201842501212
-21.195627177096426, 29.607585421202007
-21.23556217453654, 29.38965912761293
-21.292203639173003, 29.175725058056486
-21.36515509808643, 28.96705397938208
-21.45392443373103, 28.764877925145058
-21.437517107958165, 28.54493317396952
-21.525458461893997, 28.342939121876277
-21.556179034794553, 28.124985895510097
-21.578966648611875, 27.90631426331893
-21.594008303950243, 27.687225714481297
-21.60118090840517, 27.46798999160962
-21.600537089833598, 27.24888886861688
-21.59221303749359, 27.030195796964716
-21.57741594602571, 26.812095356941867
-21.55486277122939, 26.594912069349277
-21.52411839589029, 26.378989586573425
-21.485017392786062, 26.164677906598072
-21.437130298504982, 25.952414176464753
-21.381000435516306, 25.74243895625408
-21.317354933465076, 25.534879552391587
-21.24714734989682, 25.329710189503952
-21.171412606689433, 25.12678143327956
-21.09122624004479, 24.925837420378105
-21.00755962427381, 24.72658655241817
-20.921004696676373, 24.528844511873977
-20.83194040640894, 24.332493152983158
-20.740515508043703, 24.13750494937106
-20.64684877557487, 23.943860726372634
-20.554120369767414, 23.750040938100327
-20.45933443200196, 23.557497627524665
-20.361849614173373, 23.36658747522664
-20.26098334401155, 23.177725916630752
-20.15708358843243, 22.990802250759163
-20.050558235994902, 22.805650704996943
-19.941672739850635, 22.62216776885127
-19.833867431115177, 22.43833659497307
-19.72394971366532, 22.25605267265582
-19.611048294292125, 22.075896970259297
-19.49516440545499, 21.897943742965836
-19.37666952911218, 21.722019851062328
-19.255860163912395, 21.54798147857286
-19.136196600219552, 21.373455076299216
-19.01449345840266, 21.20065065938704
-18.88970378984955, 21.030372219490477
-18.76205356292909, 20.862541966256188
-18.631892793840702, 20.696969265537163
-18.499520058344768, 20.53348116310801
-18.36853889702959, 20.36919421117312
-18.235415856257266, 20.206961564793467
-18.09947705580364, 20.047409788824268
-17.96064654355811, 19.890702114553086
-17.81938737195763, 19.736519219213307
-17.675999591663253, 19.584657552314283
-17.530671771146082, 19.434999597147954
-17.386549289342216, 19.284524921443342
-17.240755529286755, 19.13601929759511
-17.09247167724509, 18.990357092487816
-16.941273906908147, 18.848087237777097
-16.78764990755572, 18.70881308273528
-16.629947278751192, 18.574561909110496
-16.47022399194781, 18.4431138737893
-16.309055525941755, 18.313840192406612
-16.14661934035965, 18.186567334044724
-15.98516656573, 18.058449045605034
-15.822590280782336, 17.932166636084244
-15.658257018695318, 17.80859520732804
-15.49198996549411, 17.68806425052468
-15.32325105349287, 17.571459093813047
-15.152756998365179, 17.4578860908102
-14.980643712156565, 17.34724391852639
-14.806974320558515, 17.239534258186115
-14.631794392697806, 17.13478550493707
-14.455136010735886, 17.03304993863797
-14.277032507038225, 16.93438092570346
-14.09751561837806, 16.838838457928066
-13.916622517964676, 16.746476504947054
-13.734384699173164, 16.657364718981707
-13.550836988848081, 16.571572049767433
-13.366016474812781, 16.489169044522637
-13.179964578245642, 16.410223324940446
-12.992727087339848, 16.334798936234563
-12.804348654560357, 16.262970064693203
-12.614883620810133, 16.194793440773577
-12.424386496752065, 16.130332198950466
-12.232917315486695, 16.069640853293848
-12.040543314322084, 16.012757291459447
-11.847331993936399, 15.959723176288426
-11.653367434449725, 15.910521011802405
-11.45871536439639, 15.865203600027323
-11.263461791943236, 15.823739550564005
-11.067695800036697, 15.786067706430469
-10.871510725965646, 15.7520777586291
-10.675073800967418, 15.721141373183801
-10.478370226054874, 15.6937027105413
-10.281796500173433, 15.667149517261112
-10.085071197132729, 15.64377632734004
-9.888210672994763, 15.623926305404492
-9.691289518290766, 15.607456752993553
-9.494388585484932, 15.5940222192809
-9.297666580428189, 15.581671344120725
-9.101058571147837, 15.571725850175321
-8.904592432279644, 15.564220911928873
-8.708343390055546, 15.557625928118586
-8.512286729495006, 15.5530589940092
-8.31644442069543, 15.550435723996724
-8.12084259587424, 15.548634019484398
-7.9254827540138075, 15.548272255975888
-7.730372583526907, 15.548533150348392
-7.535517591714938, 15.549981721744595
-7.340917527215892, 15.551995051098778
-7.146578552488185, 15.55488835015901
-6.95249642027878, 15.558211486836901
-6.758671305863027, 15.561922026212581
-6.565110280636844, 15.56630476342051
-6.378653687264615, 15.515235870381677
-6.190269246145243, 15.557530684119339
-6.004294616089857, 15.506593796781672
-5.816397752373803, 15.548779142903001
-5.624361980294156, 15.559937415906738
-5.432395673032292, 15.567382572473937
-5.240645606788558, 15.573898136554217
-5.049072858122209, 15.577713044294972
-4.8577369448442385, 15.580793797801999
-4.6666268360405425, 15.58120097530344
-4.475766291227357, 15.581070319035826
-4.28517949699188, 15.578073514680552
-4.094848218514437, 15.574738798284748
-3.90487354951361, 15.567564908619024
-3.715159421442889, 15.560115569033298
-3.525839761296011, 15.549625767262198
-3.3369869308918507, 15.535779808633698
-3.1484198395405043, 15.521459495771149
-2.9604144583364254, 15.503516432825466
-2.772717111428623, 15.484984124196401
-2.585652996905904, 15.462930224779258
-2.3996264643411878, 15.43502010293866
-2.2145047733045757, 15.40307192318544
-2.0298998185854757, 15.369633946128639
-1.8461591112028712, 15.332991694920477
-1.6635315402803605, 15.292289007667557
-1.4821640268143368, 15.24732547997178
-1.3022949585166965, 15.197631991783307
-1.1241667299746407, 15.14286717463497
-0.9463585806442218, 15.087907337443276
-0.7701406231417294, 15.028827626673747
-0.5957929617933867, 14.965164404815336
-0.42338084171221024, 14.897110811578068
-0.2531659124264186, 14.824369378422714
-0.08614433481124228, 14.745153107210614
0.07929765957374685, 14.663248503013142
0.2424116640217225, 14.577335824635496
0.40371635034907044, 14.488588653429074
0.5634431612243106, 14.397534511541572
0.7204037455536536, 14.302272520165266
0.8749546176340532, 14.203612681961818
1.027609865118076, 14.102495598279827
1.1769901337660527, 13.997034259000337
1.3233663888729443, 13.887859618938878
1.4675820017951688, 13.776253556133984
1.6100636514328086, 13.662842071644572
1.7488428257844582, 13.545316487050389
1.8854774514862007, 13.425682826199811
2.0198497564433, 13.30388510008275
2.15051138773883, 13.178476542376739
2.2787349733972166, 13.050930038185932
2.406366387866946, 12.923142378380623
2.531707626808509, 12.793455021795499
2.6546028692312094, 12.66178927044703
2.774919031730019, 12.528098893383813
2.892720387486983, 12.392518410079523
3.0096444643504348, 12.256509285446533
3.125316321684472, 12.119760475611635
3.2380808496522344, 11.980926873510484
3.3889681106529785, 11.885404971521243
3.5453097539885263, 11.799617413584638
3.643014711034326, 11.650731900830586
3.798918222684668, 11.565184753870325
3.9596161559373377, 11.489609737744892
4.065945727443507, 11.347691644072437
4.163128226487938, 11.199658796363154
4.250828566226372, 11.046106276605663
4.4000929383478855, 10.9517581887492
4.4875454209360806, 10.798639636411654
4.565274538739113, 10.640641693065223
4.6330260372485705, 10.478385836026213
