-3.8850000000000002, 14.054999999999996
-3.8834184521522688, 14.053063842369317
-3.878745288534869, 14.047197707403468
-3.87100128429232, 14.037385450825987
-3.860179744472362, 14.023632480104117
-3.846321926567701, 14.005906491281294
-3.829446022214211, 13.984193513703877
-3.809558979267966, 13.958488365359909
-3.786639767861341, 13.928807423417457
-3.7607008353681306, 13.8951411256893
-3.7317475723519506, 13.857485376081057
-3.6997980335008505, 13.815826369689534
-3.6647852704542125, 13.77021550023962
-3.6268172364541815, 13.720570036451019
-3.5858829266280083, 13.66689858459737
-3.5419764024314766, 13.609205790012263
-3.494987600837953, 13.547575489869871
-3.4448526276206657, 13.482056587787836
-3.391858303382709, 13.412430139367896
-3.3358505576432864, 13.33881374608364
-3.2769362967981883, 13.261126229198045
-3.215096969409616, 13.179381884456717
-3.150292472099126, 13.093611155340616
-3.0826926227862335, 13.00368618596404
-3.01208624209398, 12.909766112047137
-2.9386517631438696, 12.811717052144159
-2.862759367627998, 12.709265893157495
-2.7839651458903742, 12.602743588650863
-2.702378149464661, 12.49235970102001
-2.618699401966099, 12.378127456694772
-2.5327723231252337, 12.260382604147182
-2.4449797698369684, 12.139136234098547
-2.3554271767034822, 12.014812828672255
-2.2648985760595863, 11.887264642073918
-2.1735215483259536, 11.756805680712185
-2.0810973146355414, 11.62396125457293
-1.9880392604342196, 11.488843623687924
-1.8946147215056208, 11.351579438038991
-1.801237478849501, 11.212213743070894
-1.7077209017124952, 11.071078391504134
-1.6147009879303396, 10.927984976292873
-1.5222284367154526, 10.783294134459041
-1.4300545117482018, 10.63736687860173
-1.3377550301726329, 10.490661405902527
-1.245761683525133, 10.343093994455115
-1.1549441314180713, 10.19435122271836
-1.0647516732351534, 10.044879470573186
-0.9751397729610168, 9.894799028565993
-0.886100816886155, 9.744192363255681
-0.7975840187440962, 9.59319518445091
-0.7103489061314279, 9.441508030215
-0.6238269294612119, 9.289415205296022
-0.5378914155339883, 9.13699577155737
-0.452539108412493, 8.984245482432431
-0.36773271248461625, 8.831174356158154
-0.2834345913489968, 8.677797760529266
-0.19964650285283977, 8.524116036644363
-0.11635646887353492, 8.370141384014477
-0.0335689151805411, 8.215883089614511
0.04872694564278564, 8.061361244434497
0.13054194584825254, 7.906591134301085
0.2118632107473097, 7.751574324509021
0.29271193375074267, 7.596330161820353
0.37309909643352435, 7.440868311316544
0.45303867421536226, 7.2851971322294435
0.5325450878087568, 7.12932317477014
0.6116118260111733, 6.97323965307501
0.690286872621201, 6.816968713897501
0.7685639222521723, 6.660504809636368
0.8464851544863919, 6.5038660137146715
0.9240678369697541, 6.347059976294644
1.0013300846927011, 6.1900938156305845
1.0782907070920733, 6.032974546824147
1.1550024865218724, 5.875726219613835
1.2314699781260912, 5.718350313139643
1.3077049007483803, 5.560852858502597
1.3837189542454316, 5.403240624141515
1.459521697668699, 5.245519442098257
1.5351225987393522, 5.08769490162354
1.6105332752249393, 4.929773617043004
1.6857651719393525, 4.771762100915795
1.760829285246473, 4.613666696061115
1.8357347176948957, 4.455492867717088
1.9104913745252579, 4.297246466390584
1.9851258399434528, 4.138941237448653
2.059648124152206, 3.9805830632117547
2.1340698063736254, 3.822178603045923
2.2083995327121895, 3.663733287550393
2.282650013054177, 3.505254638853181
2.3568410365043935, 3.346751559372787
2.4309619738000237, 3.1882176054960545
2.5050639376586776, 3.029676975352409
2.5791252050300955, 2.8711205599909184
2.6531921600139947, 2.7125687279125805
2.7272466222043144, 2.5540101457130833
2.8013247031627024, 2.3954616029857774
2.8754222151946784, 2.2369222655299392
2.94962057094127, 2.0784289158359974
3.0238905866750216, 1.9199658371959445
3.098251544932153, 1.7615428370294202
3.1727186660995934, 1.603168897399093
3.247284784389194, 1.444841292860146
3.3219578317503835, 1.2865642567707332
3.3968681070788223, 1.128400121861291
3.471959585365746, 0.9703235004273734
3.5472253763212827, 0.8123321513468551
3.622650753793371, 0.6544197753822458
3.6983543594108874, 0.49664314845541674
3.7742918336088636, 0.33898102206189246
3.85052096007753, 0.18146126735077425
3.926995519509248, 0.024061494348573936
4.003693221695099, -0.13322905477881186
4.08071300879863, -0.2903622137022157
4.15811562877443, -0.4473079374676061
4.235825050965156, -0.6041034017126925
4.3139548193846675, -0.7606917320195038
4.392329207872067, -0.9171597154559075
4.471260074810069, -1.0733494701671114
4.550711938755838, -1.2292761852721525
4.630900379206884, -1.3848260178784655
4.7117036787281945, -1.5400570540372893
4.792979818067783, -1.695039781721956
4.874767925594084, -1.8497509592859624
4.957419299613037, -2.0040003695691526
5.040854964124026, -2.1578248356308074
5.125108535080079, -2.3112011426451566
5.210210441356556, -2.4641071896763123
5.296037636794838, -2.6166067738342584
5.382775832503, -2.7685900105890524
5.4703258282434915, -2.9201074442665527
5.558910137127064, -3.0710231955864793
5.64849855238782, -3.221345930574757
5.739311613879744, -3.3709330521665137
5.831468250248305, -3.5196974813928494
5.924911555581101, -3.6676585978734066
6.019558951838035, -3.814853909309259
6.116034544191171, -3.960858934286814
6.213887885456297, -4.105945764884522
6.313160627453864, -4.250066394599504
6.41436047360456, -4.392841134480289
6.5172300439872055, -4.534417913527469
6.622226627480497, -4.674424329258832
6.7293926654100495, -4.8127765684429855
6.83889382880909, -4.949286902874402
6.9509734575184705, -5.083686534312012
7.065679936630405, -5.21584917398779
7.183004554885525, -5.345690798928689
7.303312883827972, -5.472769733990565
7.426664675256508, -5.596893590269202
7.553188911769928, -5.717779218847088
7.683259423905728, -5.834838154640789
7.816739818204302, -5.947991829641372
7.95388472075613, -6.056674068271688
8.094736972778565, -6.160506491861522
8.239143874826366, -6.259335693298086
8.386852947222996, -6.353158115077883
8.538229180743535, -6.440940309822227
8.69305114546226, -6.522491338592418
8.850853287930917, -6.598115236998174
9.011673480017594, -6.66708799097148
9.175314173456552, -6.729071500334687
9.341434639120965, -6.784064337928025
9.509775255409654, -6.831831209490619
9.680098408511471, -6.871959104246958
9.852005792516097, -6.904642761659689
10.025259264706637, -6.929212464760039
10.199390899678615, -6.94650421996385
10.374147673580659, -6.955505867512895
10.549135172592978, -6.95625547196134
10.72400115485921, -6.949656274293657
10.898419425210605, -6.935506187410849
11.072096838375876, -6.9140972213492065
11.244678595425952, -6.885153272112176
11.416231330659615, -6.850623855361671
11.586362253094821, -6.809659717222134
11.754908139254288, -6.7625959254211985
11.922032579988905, -6.710707279812476
12.08762320532602, -6.654113838534405
12.251653977643592, -6.593146094054719
12.414206659962367, -6.528339027442225
12.575329525161408, -6.460053283763213
12.735058710583418, -6.388566490485796
12.893365390367183, -6.313980206061366
13.05032956139179, -6.236605687302272
13.206043269263773, -6.156741716822214
13.360551584420941, -6.0745679454770665
13.513918728643434, -5.990282265738896
13.666229715952634, -5.9041022060709345
13.817472580449113, -5.816061218573807
13.967682351901546, -5.726269254160522
14.116904605511548, -5.634845887972232
14.265153908884884, -5.541853461432983
14.412515223075994, -5.447460548434872
14.558967898354318, -5.351664367603083
14.704555176270258, -5.254558377626239
14.849252392727486, -5.156131232840207
14.993149794149131, -5.0565384997622065
15.136288757349067, -4.9558588792976215
15.278622317955069, -4.854044041950677
15.420201317610072, -4.751182761897667
15.560977442518011, -4.64722566709817
15.70099721219186, -4.542252342572609
15.840235598901113, -4.436245081140256
15.978728304717178, -4.329265758770462
16.11648975563415, -4.221346679402529
16.253565761867257, -4.112558528286273
16.390095062525806, -4.00308518090872
16.526150154396035, -3.8930230726359176
16.661953456829746, -3.782650388080817
16.797512616583578, -3.671977930457799
16.932999645162703, -3.5612170540606107
17.06854074983035, -3.450522208284291
17.203866836733425, -3.339564585407688
17.339441526913877, -3.2289103963114445
17.475342127475894, -3.1186559583905287
17.611704438067978, -3.008972666338763
17.748561861718255, -2.8999076333546263
17.885976842522457, -2.79154594933392
18.02400144071149, -2.6839619702096957
18.16267922514949, -2.577221493112125
18.30205201631521, -2.4713903620735618
18.442231181155687, -2.366630040476874
18.583298369813626, -2.2630691095174393
18.725184539499075, -2.160633342668491
18.86791109357192, -2.059372036777308
19.01148617051121, -1.959317804328545
19.155887851740765, -1.8604604790722616
19.301138769696877, -1.7628554530431773
19.447352888081443, -1.6666995999833483
19.594527445640693, -1.5720204646446354
19.74261324120335, -1.478773306011225
19.8915839960837, -1.3869470582394017
20.041479765398044, -1.2966393312643847
20.192289492228824, -1.2078671254708477
20.34426681931742, -1.121109767857003
20.497441395012785, -1.0364843486289046
20.651732746877435, -0.9539123525241747
20.80707927001038, -0.8733427461297023
20.96355362452378, -0.7949859256836267
21.121078536057517, -0.7187630699370271
21.27971181795595, -0.6448747755763111
21.439376027852898, -0.5732415385772931
21.60010995770993, -0.5040421075603528
21.76195449592935, -0.4374816815651683
21.92486167066375, -0.3735659199929466
22.0888117965815, -0.31237447634686033
22.253710712716593, -0.2537872200741232
22.419603130979976, -0.19807508256866868
22.586424765295945, -0.1452101661189662
22.75419489070425, -0.09543684221820085
22.922831918063935, -0.04868365396517503
23.092288774209425, -0.004993659445841486
23.262512733260614, 0.0356066711313635
23.43346567814449, 0.07302078862986419
23.60507711686481, 0.10729040177715757
23.777276216522374, 0.1384757751061464
23.95001188822897, 0.16653829670691733
24.123224883138747, 0.19148401306391372
24.296854600386215, 0.2133367975493086
24.470842363265902, 0.23211938841485819
24.645131280480562, 0.24785424287547503
24.81966617429844, 0.26056332650785047
24.994393235550504, 0.2702718145312662
25.169266218095498, 0.27684652219338557
25.344223882607395, 0.2805541803925583
25.51921937167332, 0.2813952540263777
25.69420630610799, 0.27941823578897124
25.86914192787883, 0.274720475353124
26.04398088289399, 0.2672350695027902
26.21867936873192, 0.25697797735015476
26.393194304615264, 0.24396561808987902
26.567485257488553, 0.22823592757900477
26.74151341775772, 0.209826356701457
26.91526286655766, 0.18895115703435622
27.088687955457765, 0.16553624939179634
27.26175388309802, 0.1396020757841166
27.434455762662942, 0.11134662816344341
27.60674883919539, 0.08069825025729914
27.778602403651277, 0.047674886934169054
27.95002840147107, 0.012498862040838742
28.121011964071833, -0.024769212780641363
28.29151234021403, -0.06418992892570313
28.461489110938533, -0.10581192074531309
28.630955235603636, -0.14946771850007112
28.79985731910644, -0.19525768981342723
28.968161563780356, -0.24319900604633177
29.135890753273262, -0.2931160518054791
29.30299024726994, -0.3451032565274363
29.469429482936263, -0.3991680544482769
29.63523470247521, -0.45514752310144707
29.800343201103203, -0.5131495096399895
29.964791775756602, -0.5729967038279828
30.12851172994567, -0.6348088578795799
30.291470825749535, -0.6985996509920418
30.453728746049322, -0.764153500119641
30.61523219073263, -0.831544737617494
30.77602575691455, -0.9006126806255982
30.936027623536322, -0.97149536711059
31.095322965076413, -1.043951949178391
31.25384224219631, -1.118090855598132
31.411649037312895, -1.1937343448604383
31.568685744743448, -1.2709636437476692
31.725012531435727, -1.3496199139972953
31.880548853468667, -1.4298277431459985
32.03536631989142, -1.511414408709291
32.189403049624076, -1.5944656219906672
32.34271499015951, -1.6788473432366153
32.49526236889831, -1.7646036453100813
32.64713055119993, -1.8515573649786894
32.79823101288504, -1.9398385207738842
32.948641725221144, -2.029289695673655
33.09829762640436, -2.1199977009522444
33.24727897210953, -2.2118092219489798
33.39543841260303, -2.304941212394676
33.54285122689729, -2.3992505325504836
33.68950064100162, -2.4947425187193883
33.83536710315465, -2.5914261711695317
33.980526946164126, -2.689167501444152
34.12492844539344, -2.78802569296773
34.26855431548303, -2.8880073735404768
34.41138898855543, -2.9891161775363764
34.55342012434544, -3.091350804739456
34.69458565715286, -3.1947775942483334
34.83485729216323, -3.299413818952349
34.974253032631324, -3.4052144483333593
35.112787623426314, -3.512140528194682
35.2505683545968, -3.6200363503207793
35.387574011499254, -3.7289145033398063
35.52379545536209, -3.8387720796407887
35.659254055335694, -3.9495687190200237
35.793959814943925, -4.0612792335287935
35.92782274941449, -4.1739981465934575
36.06088299614234, -4.2876634516984575
36.19308743918868, -4.402323121475725
36.32447981619957, -4.517912710434941
36.45507826036543, -4.634398843852914
36.58486962408851, -4.751783788245829
36.71389481932159, -4.870010509349619
36.84207328753632, -4.989154777239007
36.96945938446209, -5.109145930956649
37.09608682820136, -5.229937473798403
37.22199500267408, -5.351478535749196
37.34710618736893, -5.473839677346654
37.47147399594457, -5.596956083785058
37.59512822654637, -5.720788917990331
37.7180984162567, -5.845300835286718
37.84032131140406, -5.970546238175382
37.961847518333094, -6.096467732036796
38.08270557651139, -6.223030722836424
38.202841701635755, -6.350279307900812
38.32230406019504, -6.478160811104361
38.44112033608511, -6.606643015453201
38.559209026410684, -6.735794473891819
38.6766291924282, -6.86555428863235
38.79343529581043, -6.995867327231848
38.90963352036299, -7.126722716708676
39.025177127356294, -7.258156378526796
39.140118820738394, -7.39011652363441
39.254485877876135, -7.522574712507258
39.36821651907049, -7.6555794439445535
39.481388673652845, -7.789059505338811
39.59402796264885, -7.922989451176011
39.706105213793705, -8.0573900480547
39.81766302799545, -8.192222143405711
39.92873084430866, -8.327458257120185
40.03934023362401, -8.463069721275678
40.14945769735126, -8.599081114243925
40.25910911370566, -8.735468717560622
40.36829141488432, -8.872232283300272
40.47702833855211, -9.00935033472875
40.585387378869186, -9.146767295595609
40.693283000460156, -9.284548380582732
40.80082824436827, -9.422603050066478
40.90804743403216, -9.56091099129568
41.01496247414405, -9.69945406801338
41.12158885963097, -9.838219331999952
41.22794807430834, -9.977189438085126
41.33408358881949, -10.116330486757377
41.43992149721748, -10.255698071007645
41.545462940285134, -10.39529043421578
41.650798309834066, -10.53503807980715
41.755985737557666, -10.674897140332666
41.861050010636944, -10.814849075047412
41.96592290583603, -10.954945158429494
42.07073193453748, -11.09508866829172
42.17549673028854, -11.235265050408952
42.280165912716654, -11.375512709752085
42.3847684217351, -11.515809366855322
42.48934554767164, -11.65612525768749
42.593877683631945, -11.796474832826318
42.69839923015556, -11.936832073369741
42.80293331917884, -12.077180226404801
42.90747873314835, -12.217520073905177
43.01205654173576, -12.35783552245177
43.11664855606351, -12.49814178838384
43.22130236172769, -12.638402346157667
43.325984509063574, -12.778640178105816
43.43075187299586, -12.918813937710697
43.5356398037375, -13.058897769082913
43.64062299959795, -13.198909949897454
43.74575054307147, -13.338813565664044
43.851005554874156, -13.478621189675483
43.9564572929426, -13.618280588902401
44.0620517046453, -13.7578324661286
44.16788244292171, -13.897205463475876
44.273918711821864, -14.036422251022678
44.380243322483075, -14.175419021021245
44.48682812759097, -14.31421644641559
44.59373798933136, -14.452763640541617
44.70095036169824, -14.591076806783006
44.80844951878045, -14.729167110190806
44.91635339875914, -14.866941272157653
45.02466023462035, -15.00439878273603
45.13328058552017, -15.141608600835799
45.24218444431942, -15.27859342799405
45.351586068912255, -15.41518096959506
45.46146831641868, -15.551382117730089
45.57182400641428, -15.687199945682025
45.68267597496537, -15.822613027039164
45.79403209059685, -15.95761181857931
45.90591067556761, -16.092177891665546
46.01840741567356, -16.22622752278691
46.13164155056285, -16.359654740515346
46.24564457269559, -16.49242552953967
46.36036395641193, -16.62457777938257
46.475846411006415, -16.756063631820627
46.59200967557212, -16.88694826138704
46.708977384361816, -17.01711424135126
46.827048322724586, -17.146280100365633
46.94613329568124, -17.274511646751378
47.06638231003877, -17.40165230332468
47.18758986221018, -17.527879568767315
47.31001382252981, -17.652927374095952
47.4334874380482, -17.776938813478345
47.55813833617771, -17.899766557649475
47.6840850623571, -18.021264715409384
47.811351545505374, -18.141379302494578
47.940069612553074, -18.259936579098465
48.070216165064494, -18.376923434973403
48.201889127752196, -18.492188937213673
48.33491255763449, -18.605892727701864
48.46988403632463, -18.717276514811598
48.60672299816864, -18.826357790395704
48.74541030340772, -18.933079355357233
48.885871875113594, -19.037454903292762
49.02828777195499, -19.13914751693928
49.172782217031106, -19.237863986742365
49.31913186342141, -19.333808121181505
49.46753468119316, -19.42654403319414
49.6179923438698, -19.515906890490008
49.77049956375485, -19.601724515355755
49.924857154360176, -19.68416701848178
50.08115373144461, -19.76287063212781
50.239571418560814, -19.837211665445174
50.39981021056166, -19.907542226238796
50.56179408014022, -19.973755490494735
50.725574996559196, -20.03539003889451
50.89096714935922, -20.092561198145194
51.057902374378905, -20.145056958866675
51.226178594970506, -20.193081648336353
51.395731183175876, -20.236384476927
51.56642462841945, -20.274944414896744
51.73814580878084, -20.308632342161548
51.91073833470524, -20.337526565594903
52.08409386544166, -20.36142153472029
52.25804249201745, -20.380529603854075
52.432468369577464, -20.394635328343295
52.60721138390838, -20.404039068771308
52.78215184641092, -20.408456868191852
52.95714858392127, -20.40834273500773
53.13207396708188, -20.403339231747594
53.306811251368124, -20.39380531653515
53.481238033554334, -20.37968703974437
53.65525855780915, -20.361223467881327
53.828777309931006, -20.338522865951905
54.00174081650449, -20.311920023106143
54.17405391522082, -20.28138765774709
54.345660529728185, -20.247106851658213
54.51649414592814, -20.209161066903302
54.68655084257747, -20.167872050062304
54.85579800992838, -20.123380521598673
55.02422111381261, -20.075864328621833
55.191773577525964, -20.025363540706646
55.3584146799641, -19.971931650971772
55.52416568954186, -19.91579815269303
55.689007536692934, -19.857047042149965
55.8529152623956, -19.79573686740206
56.01590755148065, -19.73203178926785
56.1779626027168, -19.66597807337662
56.33908019295142, -19.59766891227434
56.499279880029995, -19.527233555659638
56.658524923397806, -19.45466557497935
56.816932048332035, -19.380286358598216
56.97450335852632, -19.304153030588633
57.13116526328561, -19.226166304145
57.28688790075201, -19.146320981948843
57.44174362965034, -19.064807013568696
57.59571176239873, -18.981628498230787
57.74883482867066, -18.896904031069806
57.90101048930256, -18.810489150776288
58.05233204942638, -18.722586598108453
58.20288726835989, -18.633377194838847
58.35269468031081, -18.542917361935864
58.50168435771829, -18.451116954805485
58.64989871374725, -18.3580700667191
58.79735813319159, -18.263831541132085
58.94412122020555, -18.16851247893859
59.09018954325447, -18.072132476313232
59.235580287520136, -17.974733682565407
59.380310926619096, -17.876356943727238
59.524399381912254, -17.77704216083599
59.6678672304379, -17.676832984772034
59.81073805824506, -17.57577435760754
59.953038657004704, -17.47391418906114
60.094799146675086, -17.37130346021909
60.236092682184186, -17.268050473875025
60.37693896804836, -17.16418807973365
60.51736836106394, -17.059762640394325
60.65741318325242, -16.954822039491702
60.79710749517956, -16.849415400248173
60.93648623706411, -16.743591993750112
61.075598389937774, -16.637418557093692
61.214473391578096, -16.530935274344603
61.35314527734973, -16.42418771843181
61.49164130555635, -16.31721213283228
61.629986194580454, -16.21004111272417
61.76820192134531, -16.10270345842552
61.90631468570569, -15.995233219266998
62.04439690966187, -15.887723604193443
62.18240898182743, -15.780123870068493
62.320379751185, -15.672471189221731
62.45827610228341, -15.564723288373498
62.59614823582969, -15.456944521569582
62.73393760946947, -15.349060076469097
62.871788655657625, -15.24125456810186
63.00971038638967, -15.133539537685776
63.14770642356627, -15.02591960883562
63.28587516868054, -14.918521579140224
63.42410254259822, -14.81119883341552
63.56239627087235, -14.7039603768334
63.70071627188054, -14.59675577494383
63.83915812247491, -14.48970974860148
63.9777132972509, -14.382812200283604
64.1164704686678, -14.276172146164425
64.2552921695606, -14.169611180575624
64.39422490486797, -14.063197352591825
64.53341476683235, -13.957119419543073
64.67266844060883, -13.85112683879692
64.81199755882977, -13.74523934506107
64.95141341568005, -13.63947005670947
65.09094802690319, -13.533858611920422
65.23054535073838, -13.428328823749755
65.37028520327495, -13.322985491362608
65.51007305003792, -13.217703441346462
65.64991778803932, -13.112495093497404
65.78976889747003, -13.007294242710765
65.92963829471681, -12.902117651014683
66.06946661918823, -12.796887092305717
66.20922253298284, -12.691561383715907
66.34885222123816, -12.586069500915377
66.48829521301387, -12.480331910810312
66.62763029165876, -12.374452815806436
66.7668164827019, -12.268378376084996
66.90583298429311, -12.162081595666823
67.04465897055415, -12.055535777332414
67.1832741492319, -11.948715320294962
67.32165876549836, -11.841595759435481
67.45979363087372, -11.734153809265049
67.5976601543767, -11.626367387341439
67.73524036827352, -11.51821561236832
67.87244684864275, -11.409590165984783
68.00925660043673, -11.300465708292007
68.14558258128146, -11.190737812664004
68.28144020767448, -11.080430893114887
68.41679180142253, -10.969503944174106
68.55165298509561, -10.857981544458431
68.68601327720853, -10.745856377276011
68.81977515293721, -10.63301808163177
68.95294873809465, -10.519486015388543
69.08552664653678, -10.405258764356695
69.21738910386233, -10.29020616685333
69.34856767674201, -10.174374216377759
69.47905601613576, -10.057765096031
69.60878159401062, -9.940307961983299
69.7377343002973, -9.8220028715079
69.86596701729894, -9.702917920436096
69.99328868783536, -9.582859725824669
70.11974648166466, -9.46189223795236
70.24519499746084, -9.339878639811936
70.36967020473104, -9.2168723650638
70.49319106688775, -9.092907833585357
70.61559582736466, -8.967841127069878
70.73696169887887, -8.841765884883268
70.85731142306241, -8.714720105400689
70.97645688141637, -8.586544132722961
71.094434169381, -8.457291958527678
71.2112578559063, -8.32699600185037
71.32677276385908, -8.195538180191992
71.4409973709543, -8.06295747766046
71.55397571791441, -7.929313073954004
71.66576656161948, -7.794673844000563
71.77614116622924, -7.658871504241542
71.88512920942772, -7.521954262421111
71.99270091100499, -7.383921875678933
72.09882468490584, -7.2447735506407
72.20346769908572, -7.10450848887286
72.30659602911892, -6.963126108584867
72.4082933091223, -6.820710786840264
72.5084577156361, -6.677213070274101
72.60711722625241, -6.5326763720605685
72.70417546596072, -6.387059405428274
72.7995861119126, -6.2403574805822615
72.89330253079656, -6.092567355365719
72.98527823071346, -5.943687535109259
73.07558449773803, -5.793789097724144
73.16413814519024, -5.642848709608381
73.25088858181577, -5.490864983748576
73.33576793168581, -5.337828613577426
73.41873924146137, -5.183749559075087
73.4999239718549, -5.0287219014060955
73.57921445160329, -4.872717191680491
73.65643026460981, -4.715675562192795
73.73159255752714, -4.557640932317359
73.80464180659678, -4.398618556114615
73.87551968518915, -4.238616491438624
73.9443489513938, -4.077722315672882
74.01101274363873, -3.915918988600411
74.07533627297724, -3.7531713887646063
74.13734962858155, -3.5895296835159654
74.1969918585293, -3.4250090386369383
74.25420363594901, -3.2596275410375917
74.30907663184846, -3.09345546841568
74.36150955252057, -2.9264976107363614
74.4114384626987, -2.758774102412489
74.45859739712895, -2.590250965463988
74.50304045626562, -2.4209912444304043
74.54472267352834, -2.2510303476139386
74.58360749694427, -2.0804074350706494
74.61965704177892, -1.9091628207965865
74.65283668298557, -1.7373389373447488
74.68296505439599, -1.564953843667061
74.71019675213056, -1.392087506070317
74.7344383936199, -1.2187767091356472
74.7555225738538, -1.04505368999823
74.77350812493218, -0.8709826584575941
74.7883871409332, -0.6966187162592452
74.80015565927692, -0.5220173954026973
74.80881306515586, -0.34723437229491966
74.81436169265636, -0.17232525027829296
74.81662573748001, 0.0026570165930729084
74.81572267225432, 0.17765161277249897
74.8118092369059, 0.3526050413342666
74.80480570876821, 0.527462379610289
74.79454810684783, 0.7021593555317287
74.78125486581801, 0.8766520196976028
74.76494337686596, 1.0508888455679122
74.74559769614433, 1.2248151867941444
74.72304624905881, 1.3983550246874001
74.69741978760463, 1.5714674585448973
74.66875378282094, 1.7441024770364213
74.63708595876516, 1.9162119908716106
74.60245569093956, 2.087749800594746
74.56490349253137, 2.2586715482190334
74.52447058729177, 2.428934662832397
74.48135699641094, 2.5985386261115933
74.43533819220413, 2.76737716500474
74.38651628609531, 2.9354265488968974
74.33506430638226, 3.1026896512791216
74.28094526336183, 3.2691091908125887
74.22419562297185, 3.4346505120723205
74.16485138680662, 3.5992799642361577
74.10309661873943, 3.763020699741622
74.03889260971746, 3.9258165251807746
73.97226808045892, 4.087636568685172
73.90325048748343, 4.248450297647248
73.83186683489487, 4.408227739520643
73.75814425125905, 4.56693963945871
73.68211051675193, 4.724557642552928
73.60395032761811, 4.881132277494131
73.52376312133633, 5.0366785314398035
73.44149151368438, 5.19113220863605
73.35715350955543, 5.344467043615813
73.2707665174746, 5.49665672154935
73.18234855017349, 5.64767550007834
73.09206440911885, 5.797586271500371
72.9998600528757, 5.946323919437426
72.90571666751124, 6.093842169597067
72.80968585128605, 6.240139104898411
72.71192818312932, 6.3852880691839795
72.61239694503126, 6.529226653125647
72.51111086979087, 6.671935811490219
72.40803155783699, 6.81335514509806
72.3031909892616, 6.953473867144857
72.19678517656085, 7.092407870830525
72.08865516507962, 7.230004346267059
71.97883322221949, 7.3662543767799535
71.86735775467756, 7.501155120267025
71.7544452605547, 7.63485567863151
71.6400579035663, 7.767296616077982
71.52422955810204, 7.898479063929119
71.40703007692323, 8.028437914646139
71.28845624609214, 8.157143889690747
71.16858904880861, 8.284646103974877
71.04757552801087, 8.41106081972923
70.92541172843497, 8.536364159798516
70.80212325572015, 8.660560954327604
70.67774671898609, 8.783668042807475
70.55231292380712, 8.90569774984951
70.4258533642763, 9.026664256496078
70.29849516309409, 9.146684458252377
70.17023761360703, 9.26574324502823
70.04110624168663, 9.383853836187347
69.9111270825727, 9.501030918733672
69.78032124408328, 9.617284553189615
69.64872421883022, 9.732641904555283
69.51636929055522, 9.847128944560986
69.38335294056775, 9.960846867127161
69.24969111641228, 10.073805359521751
69.11541463323616, 10.186032400338878
68.98054702678039, 10.29754824648887
68.84512850643151, 10.408394318331315
68.70920132900262, 10.51861593221343
68.57281026783811, 10.628262906184668
68.436005101096, 10.737392696702099
68.29883051346712, 10.846057719585817
68.16132851656612, 10.954308124900496
68.02354237716126, 11.062196621458188
67.88551516438996, 11.169776531650616
67.74730572732966, 11.277122240122333
67.60894451921214, 11.384272251549335
67.47053509713128, 11.491359979970287
67.3321198378188, 11.598440157294625
67.19357557021233, 11.705353328829714
67.05511695954051, 11.812377377677748
66.91663448726882, 11.91937046715135
66.77839879465496, 12.02668213748767
66.64024002672524, 12.134092682541809
66.50243631049017, 12.24195822995341
66.36496571815641, 12.3502479908251
66.22783902221295, 12.458972856287447
66.09119439874745, 12.568302914710152
65.95507353327942, 12.678284347181695
65.81942865805496, 12.788852250491274
65.68441009462153, 12.900184036795073
65.54996997278755, 13.012213619222095
65.41581241855286, 13.12458145646537
65.28223985536458, 13.237643950493332
65.1493166856058, 13.351468960136518
65.0171893211494, 13.466216535574466
64.88572992872042, 13.581728848601847
64.75501130995086, 13.698078897787344
64.62530988319627, 13.815561700704313
64.49661457760965, 13.934145787100155
64.36899090028906, 14.053882513442652
64.24236292939902, 14.174671844227921
64.11686859991825, 14.296638531893317
63.992327562472326, 14.419578316156683
63.86896342549299, 14.54369869704127
63.74664328962421, 14.66884794377348
63.62557732620717, 14.795210864918124
63.50582694357276, 14.922821600200166
63.387062513117826, 15.05135232283058
63.26971926872886, 15.181182825867714
63.15377463834553, 15.312262624809133
63.03953990880575, 15.444834322128347
62.92662198770314, 15.578530280199164
62.81499249645132, 15.713304282264652
62.704823928993676, 15.849274755211688
62.595911801511626, 15.986253862856454
62.48828992874626, 16.12424842772241
62.38214875606181, 16.263383067175923
62.27761981436117, 16.403731724733188
62.17432227086886, 16.54499008906926
62.07239290645676, 16.687240005482685
61.972091622376226, 16.83064344736092
61.87295717396191, 16.974856719502064
61.775083117143346, 17.119928683763998
61.678397794232744, 17.265795545944616
61.58309473554963, 17.412568576044432
61.489155368270524, 17.560217330479787
61.39651331145972, 17.708683653229624
61.305165265167766, 17.857950151921685
61.21508159000442, 18.007983234026174
61.126193045872384, 18.158729929993754
61.03848270538923, 18.310166708060635
60.95194507027924, 18.462275120993002
60.86651308885412, 18.61500584362789
60.782717005417744, 18.768638931165764
60.69984725338471, 18.922772654086717
60.61804527453096, 19.07747470266963
60.537178330636124, 19.232667339681015
60.45737961194256, 19.388412342399086
60.378500166134586, 19.54462561134196
60.30055033907302, 19.701305555638875
60.223593909342284, 19.858476452844794
60.14764094997598, 20.01613524701894
60.07270510400038, 20.174280216938254
59.99852236166365, 20.332779917188503
59.92489683400791, 20.491539190454212
59.85210673031386, 20.650683677657746
59.78021419342956, 20.81023620528984
59.709076605030766, 20.970125809440564
59.6388424004522, 21.130413192927286
59.56942523480582, 21.291055873612518
59.50109373508548, 21.452163930945726
59.43350049787481, 21.613583854537627
59.366491148686045, 21.775246845946334
59.30020489847605, 21.937207283343064
59.23461323673106, 22.099449866223118
59.169574559525145, 22.261914622143443
59.10513375731677, 22.424617279842508
59.04122023307409, 22.58752794127399
58.9778254501077, 22.75064149499897
58.91490239134321, 22.913937639421064
58.85243659250219, 23.077409243223837
58.7904731075986, 23.241071994651545
58.72898374395965, 23.404913579378306
58.66770761289578, 23.56883514119662
58.606813227296854, 23.732898926059868
58.54631811765155, 23.897110409170782
58.486130437232646, 24.061434914103568
58.426294474691744, 24.225887844154347
58.366814597988316, 24.39046987020485
58.307656730973896, 24.555167845547647
58.2487972290204, 24.719972596270402
58.1902435912056, 24.884886177842183
58.13195705045452, 25.04989428770384
58.07392081701747, 25.214990572459463
58.01613691437765, 25.380175343314363
57.95862120468007, 25.545453733990175
57.90143314383302, 25.710845706233698
57.84448589267669, 25.876320962968816
57.78772657826521, 26.041861374746865
57.73111000463908, 26.207449896036593
57.67454583815548, 26.37305548684956
57.61812684943151, 26.53871127460833
57.56177427578115, 26.70439005404698
57.50548790700464, 26.87009181482565
57.449212217235036, 27.035797219048213
57.392974743591346, 27.201514091938535
57.33674633707489, 27.36723327094379
57.280563384836796, 27.532967158153433
57.22431113365295, 27.698677752577463
57.168036098522286, 27.86438290796197
57.11171126939881, 28.030072686944855
57.0553393324205, 28.195747148416533
56.998907059068074, 28.36140069872904
56.94238027221701, 28.527020580145177
56.885801747137116, 28.69262302328268
56.829139855944, 28.85819729821128
56.77238562830873, 29.023738333089995
56.715515142700724, 29.189237177165502
56.65850987032715, 29.354687101050725
56.601363554727996, 29.520088548369486
56.54406250205704, 29.685439527499522
56.48658462501788, 29.850731342808004
56.428921208575254, 30.01595871612819
56.3710628693914, 30.18111647980205
56.31299515500788, 30.346200745222674
56.25477676996857, 30.511234645306928
56.19635587436687, 30.676198317908593
56.13772504759381, 30.841086125400064
56.078859916458285, 31.005889570195958
56.01973569574226, 31.170600820859296
55.960351223760455, 31.33521915630127
55.900694361581394, 31.499739408063302
55.84068985094689, 31.66413227501523
55.78032820565473, 31.828392684842942
55.71962930213597, 31.992527404367348
55.65848405308283, 32.15649539066675
55.59690253504019, 32.32029967424822
55.53486626476097, 32.48393233829738
55.47237282655423, 32.64739143782516
55.40945820775514, 32.81068969816734
55.34613903405003, 32.97383241183914
55.28216074598909, 33.136718394708424
55.21763016207899, 33.2993866434674
55.152548936001665, 33.46183551273151
55.08680258955903, 33.62401633460023
55.02049686826418, 33.78596915708513
54.953670550310996, 33.9477076758551
54.886162379200805, 34.109162524260704
54.818073020207706, 34.27037287207297
54.749230941466095, 34.431262928816196
54.67961131457927, 34.59181780541003
54.60935730648629, 34.75209595121286
54.538040975093224, 34.91190410106344
54.46568099856118, 35.07124239616026
54.39222659803872, 35.23007922759874
54.3178938041263, 35.38850698135197
54.24251601746295, 35.54644017757348
54.16619922002802, 35.70392163603695
54.088353624105935, 35.86065278384301
54.00934223008595, 36.01679937761531
53.92893561914567, 36.172231958213985
53.84717432681621, 36.32695598256599
53.76399054838784, 36.48091960730781
53.67947322664735, 36.634154882777814
53.593124614203525, 36.786365263505274
53.504674721913936, 36.93736398311431
53.41453158277377, 37.0873580960225
53.32183905588354, 37.2357902245098
53.22692142076012, 37.38280935571268
53.12984481239526, 37.52841153869088
53.03023088317761, 37.672288482367016
52.928046784207524, 37.814350008984405
52.822959630791125, 37.95427628948657
52.714395477608214, 38.09152113375894
52.60256937792778, 38.22612067384254
52.487132623895775, 38.35763569476958
52.36814671612553, 38.48594757231311
52.245392725700704, 38.610658205640235
52.118570237958764, 38.731227978023654
51.98735141742366, 38.846996844823146
51.85198845724059, 38.95789120646907
51.71263291692897, 39.06372382536038
51.56898990254393, 39.163658154880984
51.42116738773065, 39.25729805991576
51.269493253304105, 39.34456040002932
51.11417062289212, 39.425148788303986
50.95529150983453, 39.49847591810312
50.79312483122532, 39.564212710146855
50.62812712294084, 39.62248119468999
50.460441244250745, 39.6724901826894
50.29067324314549, 39.714899779022495
50.118930282371636, 39.7484271717951
49.945711739817334, 39.773233851202235
49.771405616805744, 39.78865304336705
49.59652845945627, 39.79489113811747
49.42155086664359, 39.79276436451659
49.246940010302865, 39.78123459983342
49.073157655194606, 39.760698721617096
48.90041492025091, 39.732728285745615
48.72901036259361, 39.697474072183326
48.5592850310746, 39.654866671223985
48.39130724451417, 39.605821908188105
48.22487748642802, 39.55175703379079
48.06028574733534, 39.492333831759304
47.89761292513792, 39.427843113013225
47.736555339548154, 39.3594161753441
47.57718801170536, 39.28713810274203
47.41952527077904, 39.21121076393559
47.26360369327189, 39.13176533051617
47.10918989773416, 39.04942317268433
46.956275920438635, 38.964324780871856
46.804842378181284, 38.87661673378444
46.65475669596008, 38.786620350724384
46.506063797708975, 38.69434055228488
46.358702662063266, 38.59994855984546
46.21265322111702, 38.503539695537306
46.067833103421115, 38.40529429074351
45.92418593692384, 38.30534233337254
45.78173756151443, 38.203689883827636
45.640432086344425, 38.10045513582719
45.50029022030203, 37.99564648942322
45.36126971736129, 37.8893548038152
45.223405372483015, 37.78156730229332
45.0866774503088, 37.67234103096224
44.95104693163107, 37.561754061275465
44.816520832334945, 37.44982541863311
44.68304757218985, 37.33664279291752
44.55055452428529, 37.22231399384291
44.4190585109105, 37.1068398724403
44.28860606136951, 36.99018840364009
44.15909583101559, 36.87249211717214
44.03055037050788, 36.75374331466651
43.903074548490856, 36.63384736981433
43.77645285496301, 36.5130499306422
43.6506970342308, 36.391351495983244
43.52571990621533, 36.268853596249365
43.4015336428892, 36.14555401746532
43.27811518569343, 36.02148584383826
43.15539602659026, 35.89672583075324
43.03333513730459, 35.77132161770595
42.91187169189885, 35.64533858655233
42.79093281185612, 35.51885190665008
42.67045620625696, 35.39192490576183
42.55034980883836, 35.264647641804466
42.4305567813505, 35.137075509477356
42.310947783186855, 35.009330907751284
42.19147428445339, 34.88145962321008
42.072093212199654, 34.753502052938465
41.95266737063907, 34.62558593544266
41.83316546331673, 34.49774066898098
41.71361885615263, 34.36993750545065
41.59392370869388, 34.24227387394432
41.47404411845939, 34.11478382195755
41.353943425493824, 33.9875022843789
41.23363955280838, 33.86041285633406
41.11321773316374, 33.73343507262573
40.99246871527974, 33.60676813001171
40.87152656357614, 33.480285235091216
40.750577453485484, 33.35380876912482
40.629254800756044, 33.227690419959465
40.50796301376064, 33.101542461535594
40.386133660773254, 32.975913974864675
40.26384099255838, 32.850737616159115
40.14114867353134, 32.72595372049709
40.01794433126959, 32.60167468408048
39.89453077177917, 32.477599184607506
39.770568906098276, 32.35406803429699
39.64596208181822, 32.231188647885716
39.5208618469122, 32.10881360615587
39.39505965908321, 31.987162658644667
39.269070725150925, 31.865707975579998
39.14232069110547, 31.745050324883465
39.01468963390749, 31.62532617147519
38.88613804118033, 31.506590116935165
38.75664228718313, 31.388882113578532
38.626547922617824, 31.2718347512251
38.49558260148021, 31.155762414352672
38.36387487960741, 31.040532658690328
38.23119211429937, 30.926426801540824
38.097424863224404, 30.81359453587711
37.96251074092351, 30.702136807795515
37.82648764322611, 30.592035962567934
37.68946267701902, 30.48318530767584
37.55130971413429, 30.3757711423748
37.41165624330198, 30.270316675552596
37.27107768870435, 30.16609876764569
37.129068802308126, 30.063837863419266
36.985097634373474, 29.9643587274132
36.83954062284659, 29.867215110118273
36.69244054161389, 29.772425282305505
36.54326334123208, 29.680940350671772
36.39235475590377, 29.59234064760658
36.23976126571498, 29.50667553019645
36.08517831117522, 29.424655448850938
35.928921213241686, 29.345872017426714
35.77075847381692, 29.270989119842344
35.61067703088804, 29.200302212345402
35.448914692542495, 29.133553096637943
35.28532792694185, 29.071416973129484
35.12001497261189, 29.014033945945663
34.95316555772719, 28.961278731547754
34.78483641281231, 28.9134502961562
34.61507536000561, 28.870980272376972
34.44406058535409, 28.833875711889714
34.27196373613404, 28.80216235328915
34.098886943140116, 28.776328370792363
33.92502996697828, 28.756417841280367
33.750614118368894, 28.74221277715326
33.57582535280265, 28.73374738380366
33.40084735501048, 28.731448445853395
33.225884518692894, 28.734721537533385
33.05110498290907, 28.74338822731058
32.876663677759936, 28.7572959345962
32.70278194559879, 28.776995747683376
32.5295508126001, 28.80176737348302
32.357120860953515, 28.83160707559788
32.18562558296514, 28.866419376108592
32.01515460613472, 28.905946916415786
31.845822001481327, 28.95010090513291
31.67772651952405, 28.99875675519125
31.51098180814958, 29.051860899305446
31.345560464641057, 29.108956800877092
31.181606781828744, 29.170140704844105
31.019143745383598, 29.235180148188288
30.858203079534952, 29.30390079055625
30.698850314775747, 29.376227181071187
30.541013782613554, 29.451805011742607
30.38480272907207, 29.530686972683515
30.230099092809493, 29.61248512891325
30.076966084583134, 29.697186388287786
29.925437431487033, 29.78472501987785
29.77558713903147, 29.875106859188904
29.62725629400733, 29.967962365548583
29.48049310960518, 30.06327744293501
29.335320249673778, 30.160998729511295
29.19166206777472, 30.260934400680824
29.049426185897403, 30.3628849205539
28.90871045508104, 30.46692372943475
28.76940120353333, 30.572838419583714
28.631599928679236, 30.680707565637842
28.495294542676195, 30.790460801750218
28.360338948982918, 30.90186972039541
28.2267918365506, 31.01496315369939
28.094507909522065, 31.129531520127557
27.963563531004812, 31.245628380905757
27.83386952695599, 31.363120341704658
27.705544843501993, 31.482106427831393
27.578428697290637, 31.602382847793248
27.452602441530278, 31.72400729115281
27.327884659881985, 31.846768225539797
27.2043202007374, 31.970690760625263
27.081956206895335, 32.09579913296071
26.960716438868793, 32.221997628160594
26.840533911508654, 32.34920362340919
26.721408821999585, 32.47740051402834
26.6032823204834, 32.606518131404876
26.486137761427155, 32.73652715501374
26.369916477768257, 32.86736202647664
26.254562565450197, 32.99896209640266
26.140068998217238, 33.131311149614795
26.026414977049004, 33.26438169445973
25.91357184930762, 33.39814044557049
25.801463321722608, 33.53251545394414
25.690573858782066, 33.66790042956766
25.580332638995873, 33.803815620257645
25.47061462510203, 33.94015172545481
25.361414003922853, 34.076900221210984
25.25259118251719, 34.213947837730295
25.144175634496975, 34.35131709920642
25.036054364876914, 34.4889182886103
24.928298664361353, 34.62680666537644
24.820909001689916, 34.76498128932534
24.713803576013493, 34.90337737499051
24.60704953085774, 35.042045454973476
24.500523498892054, 35.180889319378096
24.394328355222033, 35.31998611450709
24.288366669495183, 35.45926036710928
24.182577048705948, 35.59866462954817
24.07697817542471, 35.738213880134886
23.971586256227802, 35.877920753322
23.86624479732004, 36.01766526502192
23.761133879386914, 36.15758195516254
23.656103054999278, 36.297557974415696
23.55124029577341, 36.4376592263841
23.44641992252472, 36.577792106433684
23.341742635349913, 36.71803270559431
23.2371386482746, 36.85832848239492
23.1325826783949, 36.9986604925342
23.02806388076918, 37.13902041423975
22.92354685527239, 37.279381903203216
22.819051372105633, 37.41975948899658
22.714545566120943, 37.56012933976785
22.61001597461391, 37.70048133248265
22.505450693306198, 37.84080653301176
22.400849816697825, 37.98110500634842
22.296180513726473, 38.12135226692702
22.19144877439691, 38.26155278251996
22.086592763080635, 38.401660268098354
21.981613891087562, 38.54167562024354
21.876502919974538, 38.68159175934787
21.771276579736767, 38.82142115642203
21.66591245894584, 38.96114688581406
21.56039970263196, 39.100760661588595
21.454699817953472, 39.240233161297965
21.34881981320745, 39.37956934198799
21.2427515602914, 39.51876259623334
21.13647678358675, 39.657798429880096
21.02999764242434, 39.79667781451336
20.92330656645917, 39.93539418987476
20.816302250811948, 40.07386856050699
20.708992210244098, 40.21210545625384
20.601381044366615, 40.35010735167251
20.493468603441244, 40.487873245687254
20.38525108490382, 40.62539943490776
20.276725348415077, 40.76268277405987
20.16788884093462, 40.89972048549514
20.058725213247538, 41.036498605881135
19.949247470993168, 41.17302636244125
19.83934743335884, 41.30921477611009
19.72904527924456, 41.44507724039833
19.61834923325502, 41.580618120959016
19.507240647103757, 41.71582015742467
19.395742642987553, 41.8507006657572
19.283861878458488, 41.98526381137721
19.171424513532212, 42.11936267587034
19.058514995046373, 42.25306501550538
18.94512941331045, 42.38636473709424
18.831206532768626, 42.51920596686006
18.716671850288993, 42.65152016198147
18.601555625489198, 42.783328880320184
18.485901977545364, 42.91466628680634
18.369613157152912, 43.045441134637166
18.252720053521422, 43.17567567262961
18.135278900149054, 43.305416128792096
18.0171406912331, 43.43452168533647
17.898409877367445, 43.56308152529802
17.778999217854167, 43.691009884855866
17.65893491833616, 43.818325646807544
17.53811435903839, 43.944924117831974
17.416670174533742, 44.0709238841327
17.29452738616653, 44.19624672928032
17.171764907510315, 44.32096384596748
17.04822495763574, 44.444911220307446
16.923890734867793, 44.56806147578545
16.79885428098089, 44.69049847449256
16.67301289926621, 44.812107641204456
16.546242809538665, 44.93274807197472
16.418574860855298, 45.05243782155382
16.290100238683994, 45.17126127362586
16.160783895760876, 45.28916813363456
16.030492174564376, 45.40599626686458
15.899220012629709, 45.52172169903978
15.767034669126694, 45.636403021877825
15.633941482180413, 45.750029492034066
15.49995790483049, 45.862604592063214
15.365078489269088, 45.97410464097676
15.229370130872827, 46.084594024130176
15.092464136874003, 46.19359557226291
14.954533149920271, 46.301297253026135
14.815633399609629, 46.40774691669731
14.675760975403367, 46.51291528176755
14.534872129589727, 46.616717920618015
14.39299643382166, 46.719167423131864
14.249967213642105, 46.81999986634082
14.105943914082799, 46.919407091111104
13.960831877209081, 47.017217942006326
13.814748267144195, 47.11357147602589
13.667654046201593, 47.20837463022979
13.519278972552227, 47.3011598387875
13.369792619158247, 47.392143952065155
13.219198677233933, 47.481283148943284
13.06740047099829, 47.56835588084255
12.914503543123864, 47.65348472829415
12.760439827620765, 47.73648323187264
12.60520085510402, 47.817261952992425
12.44878750610896, 47.895742237948475
12.291140069801141, 47.97171283375526
12.132349903403764, 48.04526500139266
11.972492590857566, 48.1164677412289
11.81145093109112, 48.184948835890246
11.64932085647895, 48.250811305740214
11.486103786542168, 48.3139314933687
11.32190280857407, 48.37444559482375
11.15665017160298, 48.4320250284838
10.990404606688882, 48.48667100174677
10.823205473311909, 48.5383257019093
10.655043953541252, 48.58675579971863
10.486001016926334, 48.632014573882564
10.31612754859784, 48.67405016390704
10.145498630837002, 48.71290696039827
9.97415590348894, 48.748484921753594
9.802159689888049, 48.78075581763535
9.629527146625048, 48.80942741811768
9.456322847541365, 48.834414619899164
9.282657596103581, 48.855969240583455
9.108597384694807, 48.87406203443464
8.934196286972519, 48.88850325298488
8.759547919161902, 48.899556783991855
8.58471167115372, 48.907066393354505
8.409762681800123, 48.911175657761525
8.234766879239311, 48.911859809191576
8.059792194329459, 48.90905783862987
7.884905126868467, 48.90284818528324
7.710161698010297, 48.89342051193962
7.535618112055628, 48.88082032529088
7.361338632626424, 48.86497993954403
7.187387128815074, 48.84587045865548
7.013820426031598, 48.82353235423226
6.840669768206276, 48.79816768087137
6.667955657494143, 48.76998147546952
6.495751674853381, 48.73883013116703
6.324103892719741, 48.70474758630032
6.153016962656841, 48.66795296101525
5.982520800264387, 48.62851152710022
5.812638566796001, 48.58650485456221
5.643414161602506, 48.541922446543914
5.474889287008981, 48.494764541835785
5.307056302663713, 48.44519970837242
5.139938674464046, 48.39327319273859
4.973527196906865, 48.33912558304616
4.807896720198408, 48.28263365673557
4.64303785381826, 48.223927386602156
4.478986309921363, 48.163000828188025
4.315653914077013, 48.10017103763346
4.153075394929311, 48.035415158900086
3.991244588132197, 47.96881285455975
3.8302306937640456, 47.90025969089605
3.670027313952035, 47.829833584172725
3.510565526620956, 47.75774421094936
3.35185612955142, 47.68401337117565
3.1939108829767635, 47.60865965699723
3.036715366159788, 47.5317541828971
2.880218208243589, 47.45343724346287
2.724445119047288, 47.37368971606177
2.5692956131582796, 47.292735514140915
2.4148200377444446, 47.21050259097323
2.2610297850464853, 47.12699497523926
2.107862431129655, 47.04235017485232
1.955342969438369, 46.956543398131956
1.8034214205935108, 46.869682355113426
1.6521262137623827, 46.781734888950055
1.5015222517356266, 46.692608937742925
1.351492588622864, 46.602519514808066
1.2020820104506982, 46.51140696183925
1.0532341568912214, 46.41937790721815
0.9049082575539225, 46.32650990949421
0.7571351422311272, 46.23276482357977
0.6098626294423307, 46.138235241450616
0.46311200901844307, 46.04289748629556
0.31683534606407127, 45.94683411882193
0.17099483108561864, 45.850109892660726
0.025604018236813575, 45.75271103887929
-0.11938171481472698, 45.65471024433286
-0.2639980216901033, 45.55616516088135
-0.4082384707962547, 45.45707081048937
-0.5521447979061043, 45.357491916537356
-0.6957495067758672, 45.25747858721948
-0.8390845639393277, 45.15707921837193
-0.9821489087174868, 45.05629449365208
-1.124974290652101, 44.955171408955
-1.2675862688683786, 44.85374756504979
-1.4100087314743548, 44.7520577332741
-1.5522435798519894, 44.65010560596181
-1.6943124651298147, 44.54792229167278
-1.8362319499774162, 44.44553153862668
-1.9780173363741218, 44.34295514361092
-2.1196755011255726, 44.2402031158987
-2.2612174881716016, 44.137291119696776
-2.4026542993212825, 44.034234649718584
-2.5439948829396397, 43.931046282760065
-2.6852547797770003, 43.82774753308728
-2.8264659005983215, 43.72438215576568
-2.9676052834280564, 43.62091886948139
-3.108703094507548, 43.517398898507
-3.249761244191606, 43.41382487287894
-3.390787918896175, 43.31020794732087
-3.5318353100506408, 43.20661975832689
-3.6728771383402563, 43.10302345882618
-3.8139442097610723, 42.9994617466395
-3.9549895352994127, 42.8958719575898
-4.0960902761887565, 42.792357944570114
-4.23720619896229, 42.68886223108348
-4.378349891818453, 42.58540165121235
-4.519484982475514, 42.48192875888116
-4.660681926582393, 42.37854139635239
-4.801874042630126, 42.27514928300278
-4.943032552346111, 42.17171230169384
-5.0842257480627, 42.068323541684656
-5.225393039604754, 41.96489995606395
-5.3665089877247585, 41.861406572821906
-5.507547751394395, 41.75780790573114
-5.6484844319328875, 41.65407004910513
-5.789298314020435, 41.55016503993602
-5.929968212973796, 41.44606459850094
-6.0704468257727, 41.34170562125094
-6.210785229063257, 41.23715774365542
-6.350944866606299, 41.13237009079738
-6.490886692285972, 41.02729169433475
-6.630604976942293, 40.92191638712584
-6.770064919413667, 40.81619968838544
-6.909260898729467, 40.710136026082
-7.048174373674047, 40.603702999902154
-7.186787189545682, 40.49687903701547
-7.325081342023212, 40.38964310752186
-7.463038943781535, 40.281974711763404
-7.600644435084921, 40.17385672319979
-7.7378617549985735, 40.06524649080722
-7.874688345833404, 39.95614435071408
-8.011106776819885, 39.846532185201134
-8.147099519001667, 39.73639223351374
-8.282570174505974, 39.625610681189066
-8.417532573850814, 39.51421041287807
-8.551889945851475, 39.40208110340297
-8.685641087002466, 39.28922926536006
-8.818771444496067, 39.17564569974534
-8.951267976911813, 39.061323402810885
-9.083157337510821, 38.94630122573962
-9.214280923160256, 38.8304069637925
-9.34466325002242, 38.71367948195526
-9.474292883618304, 38.596116709967546
-9.603180386323892, 38.47774081251693
-9.731319548759485, 38.35855532934416
-9.858566566438483, 38.2384179424566
-9.984945294193627, 38.11736750360149
-10.110462843558711, 37.995424309517695
-10.23511709368659, 37.8725988062136
-10.358744403024463, 37.74873981496411
-10.481374731676855, 37.62389370780229
-10.602993762268154, 37.49806230488353
-10.723586508444713, 37.371247096769174
-10.843136727079155, 37.24344872238833
-10.961500441130829, 37.11455071286975
-11.078888146796395, 36.98476309697201
-11.195170376855005, 36.85398405723396
-11.310382256242876, 36.722261121567456
-11.424480568776564, 36.589572532775456
-11.537427558694269, 36.455902651705856
-11.649022009744074, 36.32110162836429
-11.759284434892454, 36.1852088279575
-11.868180075982096, 36.04821817586616
-11.975674114505097, 35.91012475828942
-12.081731881146279, 35.770924994881696
-12.186429511340327, 35.630699163596994
-12.28967030279341, 35.48939726903054
-12.391414648446705, 35.34701420138627
-12.491689987257857, 35.203593013322994
-12.590559486765992, 35.05919941721666
-12.687936035331225, 34.913795153976935
-12.78375888864177, 34.767362648095045
-12.877911528025122, 34.61985098718344
-12.970385899024825, 34.471281547395165
-13.06112451514546, 34.32164559905128
-13.150240722706792, 34.17103762751392
-13.23760404459135, 34.01940603632073
-13.323069666402755, 33.866696723871
-13.406651080076726, 33.71294791791328
-13.488289832411636, 33.55815871079318
-13.567929044237696, 33.402331187611615
-13.645690781727305, 33.245558147179985
-13.721462425891819, 33.08781383436498
-13.795178241553439, 32.92909868468899
-13.866772849800526, 32.769415837111005
-13.936088762198287, 32.608731182705576
-14.003316942051518, 32.44716207716519
-14.068342283633195, 32.28469411966932
-14.131094208070964, 32.121334776666366
-14.19147558263074, 31.95708454409293
-14.249424122292256, 31.79196032248564
-14.304879173785793, 31.625981980249502
-14.357610026875168, 31.459118014327025
-14.407666569447569, 31.291432075773464
-14.454998699871812, 31.122956521476667
-14.499604255257251, 30.953738364275974
-14.541408457560642, 30.78380635037841
-14.580375294955312, 30.61320139456499
-14.61647173471496, 30.44196632766875
-14.649662392957095, 30.27014472657948
-14.679919277271324, 30.097782727697027
-14.707217018478737, 29.92492778376806
-14.731532727554566, 29.751628512936456
-14.752845896389307, 29.577934590119618
-14.771138349219676, 29.403896654180443
-14.786208527055019, 29.229550029861464
-14.798254286769085, 29.05496794193024
-14.807188882111129, 28.88019849195992
-14.813082338773755, 28.705299530217395
-14.815867653531434, 28.530323059958615
-14.815385532701782, 28.35532491294562
-14.811727289275783, 28.180364316769527
-14.804906354924848, 28.0054986006338
-14.794940065072273, 27.83078418959302
-14.781849118083926, 27.65627639202307
-14.76565708906732, 27.48202925540682
-14.746557412173733, 27.308077022008547
-14.72427646531904, 27.134503873195186
-14.69896107284218, 26.96134736423341
-14.670642403721008, 26.788656477844036
-14.639466694616127, 26.616458136668292
-14.605381559207563, 26.444811659024772
-14.568416984445495, 26.27376173188573
-14.5286036012588, 26.10335188110981
-14.48597271177394, 25.93362448180275
-14.440556257551867, 25.764620770783058
-14.392386787618157, 25.596380840284
-14.341666867688396, 25.428892387822014
-14.288334965535652, 25.262218078844516
-14.232417824500823, 25.09639418840212
-14.173859611322893, 24.931485318954522
-14.112762224205456, 24.767500689446535
-14.049153486932545, 24.604473683782118
-13.983225228793405, 24.442370341071154
-13.914915661586043, 24.281255437213
-13.844406783670797, 24.12109029611736
-13.771624945994594, 23.961944885037834
-13.696503416648108, 23.80389023531293
-13.619093026438236, 23.64694371120908
-13.53924101825909, 23.491225049997507
-13.457194815533605, 23.33665087285128
-13.372959851657422, 23.1832581580645
-13.286568659504985, 23.031069187763993
-13.198055398557441, 22.880104501392562
-13.107455976360233, 22.730382673956946
-13.014808086277801, 22.581920101849597
-12.92015116396752, 22.43473079847414
-12.823667181776033, 22.288733019932966
-12.725110565451956, 22.1441267225815
-12.62456278901439, 22.00089802757955
-12.522144441878702, 21.859000734168486
-12.417916016850493, 21.718427320000128
-12.31193771213257, 21.579168001245517
-12.204269378198978, 21.441210859876897
-12.094969662817395, 21.304542312216938
-11.984094815050387, 21.16914818736741
-11.871700818138642, 21.035012476481082
-11.75763782111108, 20.902293160808828
-11.641926664133587, 20.771008131542686
-11.524684921141366, 20.641087817074272
-11.405996301693563, 20.51248766339469
-11.28596197769839, 20.38514241404774
-11.164502684662276, 20.25915550694285
-11.041775333516624, 20.134403462347613
-10.917849238653224, 20.01084209062652
-10.792644181048551, 19.888576979201332
-10.666317927955992, 19.76747066300892
-10.53893880676696, 19.647472236997988
-10.410423560979488, 19.528691515135794
-10.280936084497108, 19.410971446329203
-10.150538859216724, 19.294259888834514
-10.01921683926599, 19.178589922107385
-9.88704748883892, 19.06388909663821
-9.75409099142528, 18.950101598686715
-9.620342821822442, 18.837245664209462
-9.485779041582324, 18.72536340714592
-9.350472457020453, 18.614380516252712
-9.214489786540275, 18.504226963867424
-9.077845236668544, 18.39489553370149
-8.940599204800337, 18.286320157715636
-8.802901054971256, 18.178318813402715
-8.664796543716008, 18.070837706342445
-8.526363077554818, 17.96378076951228
-8.387639538879432, 17.8571001413623
-8.248670738122247, 17.750739370787638
-8.109493635593733, 17.64465147797955
-7.9701245335485496, 17.538816089770258
-7.830734142072177, 17.433008839892118
-7.691368993340692, 17.327168415542708
-7.551774138465569, 17.221631789938943
-7.412355808302559, 17.1158622722782
-7.273163982419089, 17.00979334467879
-7.134299700510921, 16.90329508006988
-6.9957984247084894, 16.796325533305886
-6.857737801174602, 16.688788253611634
-6.720188326701335, 16.580598440413173
-6.583197484311029, 16.471702601917713
-6.446793323407084, 16.362073110052787
-6.310861477572284, 16.251858690888668
-6.1755887443378175, 16.140836550633928
-6.0410724882054145, 16.028899306167382
-5.907414774692844, 15.915940283984217
-5.774579058016198, 15.802016548746357
-5.642657149630416, 15.68703301129402
-5.511558722272799, 15.571109091071646
-5.380708059939346, 15.454906095639672
-5.2506897366986145, 15.337774828675922
-5.121685373791265, 15.219528637938618
-4.993601913976017, 15.100286554845425
-4.866479166513681, 14.980020512512807
-4.740330459375749, 14.85873091775943
-4.615300855873391, 14.736286743650455
-4.491817026258388, 14.612283332465593
-4.369709812329257, 14.486922734864985
-4.248877509379253, 14.360330794701698
-4.129112644347557, 14.232728058099607
-4.010433420520947, 14.104116552423529
