-3.8850000000000002, 14.054999999999996
-3.8833535927928655, 14.053118685750688
-3.878431224139524, 14.047460038684983
-3.870254559897706, 14.038005295971896
-3.8588568356648696, 14.024725918281392
-3.844243036348629, 14.007617825535789
-3.8264150672804145, 13.986679500767757
-3.805421890266993, 13.961869495672302
-3.781271381383588, 13.933181473681609
-3.753996661028727, 13.900587930308875
-3.723629799094114, 13.864062558860951
-3.690169404834548, 13.823607020280683
-3.6536553951615116, 13.779188836899719
-3.614136189404766, 13.730769012864576
-3.571667129182795, 13.678303551715407
-3.5262096851423235, 13.62182465950379
-3.4778416345988283, 13.561270762285089
-3.426559753821281, 13.49664561391059
-3.3724610443528333, 13.42787375725273
-3.315516606500885, 13.354979535497833
-3.255791205138323, 13.277913911406388
-3.1932997588414196, 13.196667061295505
-3.1280586604237413, 13.111228028652622
-3.0601542346556254, 13.021532906321037
-2.9895471710000847, 12.927613437256644
-2.916298069356094, 12.829425908573631
-2.8405669833529754, 12.726853889278813
-2.7622358228847697, 12.619987410011865
-2.681263676517858, 12.508858084517236
-2.597821366353346, 12.393344192308117
-2.511860501132459, 12.273488475186998
-2.4234494273892526, 12.149390669765198
-2.3331560010387156, 12.021132246579176
-2.2409388188307453, 11.889386175978364
-2.147416593851028, 11.754299331726827
-2.0528482949600275, 11.616308344417279
-1.957485750871652, 11.475821616067924
-1.862170617770432, 11.332900184931564
-1.7667722000927744, 11.188280471173142
-1.6714967258056195, 11.042338528789045
-1.5771490971511126, 10.895100542539675
-1.4833585584135616, 10.747192480477356
-1.3898161364758896, 10.599050004913295
-1.2977858338439237, 10.450147026660868
-1.2065460777503956, 10.301022408062162
-1.1158330492859334, 10.151577009479013
-1.0256968734570984, 10.00156573231886
-0.9375135994526791, 9.850357733329895
-0.8493564548472511, 9.69918236986295
-0.76177510220585, 9.547645347510464
-0.6747727265576285, 9.395744023690538
-0.5882822376893166, 9.24352720066665
-0.5026203060546343, 9.090832798953741
-0.4175461619452997, 8.937815171760946
-0.33313888412559367, 8.784449962212616
-0.24933217670313856, 8.630792139829099
-0.16608312565453132, 8.476875501119713
-0.08333218716977031, 8.32273513707172
-0.001100398082064552, 8.168357130342095
0.08063026752888289, 8.013744127396548
0.1618752910959943, 7.858894508250627
0.24265609158540213, 7.70380760932621
0.32297428049968, 7.548468561524301
0.4028778383747187, 7.392889203770115
0.48238062354435296, 7.237071451829545
0.561479344738903, 7.081011632508297
0.6402181328198463, 6.92473417064762
0.7185841181284435, 6.768239468999569
0.7966652918264016, 6.611581259772072
0.8744339327600946, 6.4547551118112905
0.9519041234393973, 6.2977748382142344
1.0290804945206191, 6.14064757203339
1.1059634289019664, 5.9833771758382
1.1825660610398185, 5.825972641625806
1.258901388323877, 5.6684421438254615
1.334982607307695, 5.5107932716434
1.4108273185244886, 5.353035217851937
1.486449157677549, 5.195174967057611
1.5618646938083607, 5.03722085159865
1.637103792321205, 4.879187785993963
1.712177789967933, 4.721082470636973
1.787085163803194, 4.562906175833938
1.861830631173981, 4.4046633336432715
1.936430577665395, 4.246363438486891
2.0109003915363184, 4.088014499627187
2.085254297315298, 3.9296226676000217
2.159507790753878, 3.771193331530989
2.2336746588061844, 3.6127298799802374
2.3077735602150837, 3.454237161511628
2.381815969378666, 3.2957163544677224
2.4558167353243396, 3.1371704598320047
2.5298054619787997, 2.9786101094161745
2.603782103797376, 2.820033173904612
2.6777762839068067, 2.6614525689476687
2.7517908445764183, 2.5028699480111127
2.8258369875930573, 2.344291940653527
2.8999317603056842, 2.1857287001465533
2.9740891177369515, 2.0271894282282714
3.048290123921539, 1.868668006051974
3.1225666190920935, 1.7101820629617246
3.1969945234291894, 1.5517697776682058
3.2715379149533956, 1.3934163919198785
3.346231258114733, 1.2351396390195215
3.4211025222036486, 1.076953654096576
3.496176542752853, 0.9188709482835316
3.571442925795794, 0.7608867703311321
3.6469042693268765, 0.6030017093840286
3.7225599602187773, 0.4452143917660548
3.798526901982875, 0.2875796065174462
3.8747093328300295, 0.1300498148131423
3.951164393201748, -0.027349066973476555
4.027837638556151, -0.18464508574880606
4.1048777678160056, -0.3417659871518522
4.182196192589012, -0.4987544580653735
4.259924007759377, -0.6555444808906907
4.338104028489777, -0.8121122549499142
4.416580369436725, -0.968532859395512
4.495634975388469, -1.1246615654630256
4.575268800509376, -1.2804940375804785
4.655589862149094, -1.4359708666885571
4.73639506422575, -1.591193497044835
4.817711208537105, -1.746145540833398
4.899651946481876, -1.9007647074355365
4.9822471772831465, -2.0550323652615616
5.065676547742034, -2.2088485549266506
5.149899323030288, -2.362230946729581
5.2349541719404105, -2.5151539066486035
5.320707623192577, -2.667688098775356
5.40736580295108, -2.81971324459814
5.495000985078638, -2.97118110178752
5.583625324971119, -3.122076533541329
5.6730628461683095, -3.2724959115715477
5.763822597851716, -3.422125748727237
5.855827128234072, -3.5709977401957707
5.9489205004522345, -3.7191951324237658
6.043484014279515, -3.8664618394500017
6.139627458132848, -4.012703905598234
6.237141300142646, -4.158036252014184
6.335998912172167, -4.302456449493437
6.436835355206088, -4.445498470000916
6.539254217417712, -4.587406627757355
6.643907167123038, -4.727668309065033
6.750744908285585, -4.866265437276543
6.859763811973021, -5.003146421383729
6.971188210915553, -5.1380700067076095
7.0849237374281335, -5.271046007043227
7.20120527220702, -5.4017982430870575
7.3203028148251885, -5.529989491550586
7.442475116614081, -5.655254346436919
7.567763281993594, -5.777404759592242
7.696016426223892, -5.896441192495653
7.827617638064982, -6.011768173440624
7.962835813927249, -6.122834943119035
8.101618844184024, -6.229416234931473
8.24380874098065, -6.331409454936433
8.389314939484375, -6.428612705815474
8.538251132835343, -6.520471614046352
8.69066329031212, -6.6064356424557475
8.84600408353062, -6.6869825807391425
9.004572144424051, -6.76096797750441
9.166051532723472, -6.828358975844782
9.330082569056138, -6.889275369191554
9.496580828010076, -6.943084296175801
9.665234430366159, -6.989706722131924
9.835773687912004, -7.028887543510636
10.007858288848116, -7.0606241499474605
10.181125569384758, -7.085131836227103
10.355340152276575, -7.101662915600155
10.53013141161384, -7.110264176784845
10.705131792005195, -7.111947080132248
10.880041653904298, -7.105959440646655
11.05456828655621, -7.092889960146612
11.228352548881688, -7.072160684853168
11.40134355850631, -7.0456071345655875
11.573247654389936, -7.012750290306291
11.74380783407079, -6.973520202821959
11.912891465602982, -6.928361553693176
12.08050951916565, -6.8780494523356985
12.246531370133841, -6.822712980520144
12.410774045726296, -6.762315407238865
12.573339410379882, -6.697551354147243
12.734200005132957, -6.628672381145336
12.893368275551532, -6.555975316186256
13.050743554661, -6.479477625240107
13.206415104959241, -6.399568924069614
13.360416798652789, -6.316483189115963
13.512755864702328, -6.230380074655773
13.663442110347281, -6.141408141331767
13.81253670449528, -6.049786266113531
13.959990612507891, -5.95554012508168
14.105847744520068, -5.858836291141716
14.250177653892699, -5.759864573613742
14.39295345476297, -5.658662860655871
14.534257245834292, -5.555416474491909
14.674282484153146, -5.45044430770601
14.813149020020466, -5.3439462668882465
14.950925401780506, -5.236043983127276
15.087663080540315, -5.1268305898839674
15.223543190517864, -5.016553636320266
15.35851919386369, -4.90517251446526
15.492847902327227, -4.79301076476529
15.626592750010317, -4.680151586608469
15.760026739613583, -4.566922448608769
15.893238651063317, -4.4534293337307425
16.02629401488851, -4.339750222111094
16.159314905792158, -4.226028817461512
16.29232908737731, -4.112298700273547
16.425435500132306, -3.9986766910303686
16.558624874912738, -3.8851531387417535
16.69206889539017, -3.7719311893269603
16.825872418959726, -3.6591368273911873
16.96005296836251, -3.546793850845253
17.09463612243028, -3.434935967712022
17.229490355383543, -3.3234072234690144
17.3648452266759, -3.21248843598781
17.50074793972855, -3.1022430281445725
17.637168450640026, -2.992640111821541
17.773766312252874, -2.883257932290386
17.911003821478317, -2.774678190258987
18.048909145377547, -2.6669476424665652
18.187342593249756, -2.559897553168641
18.326399620071356, -2.453660946301321
18.466174179900555, -2.348373140215129
18.606651995652896, -2.244028548593818
18.74791112142037, -2.1407466147678123
18.8899623429304, -2.0385578128351045
19.0328250507862, -1.9375056187094166
19.17654602001375, -1.8376750818686092
19.321226928159046, -1.7392365249232902
19.466777679613347, -1.6420828791971427
19.613283892986335, -1.54636948471449
19.76081677986506, -1.4522394418747817
19.909186710359602, -1.3594281454813621
20.058581787718925, -1.2682718838286475
20.208800094629133, -1.1784775448514089
20.360181746511632, -1.0906607555854035
20.51275793399339, -1.0049397022975688
20.666557352595493, -0.921437747507371
20.821442602832008, -0.8399725464332839
20.977377330757474, -0.7605402221106814
21.134438584235685, -0.6833650509573059
21.29253463321069, -0.6083376782223548
21.451732657927884, -0.5356821385543025
21.61196838839684, -0.46534753278974506
21.77336440080973, -0.3977190666835112
21.93576301333708, -0.3325337987352197
22.09920033623828, -0.26999576734556036
22.26365727379939, -0.21018634085507729
22.42908553754789, -0.15311418038836128
22.59544390193611, -0.09880933811162712
22.762764154565573, -0.04754209856322824
22.93099302749448, 0.0006620178358668141
23.100063257886273, 0.045827608221393666
23.269931195118005, 0.08789277022326045
23.440572037579706, 0.12670101643508436
23.611910739491844, 0.16229787298690926
23.783869769382388, 0.1947614434654295
23.95640711860843, 0.22399130353878924
24.129445296678835, 0.2500890651745203
24.30293015150446, 0.27302739622141764
24.47680176615382, 0.29282096777216066
24.651001510028703, 0.30948385381882665
24.825471775379164, 0.3230307619117672
25.00015627726215, 0.33347102841499804
25.174996026703916, 0.3408921229583583
25.3499348094176, 0.3454484823051119
25.52492631535736, 0.347042959693397
25.69992092831946, 0.34576184193902604
25.874871681766642, 0.3416208125445535
26.049730666229774, 0.3345938466943063
26.224451426280986, 0.3247035670605329
26.398981985943205, 0.31188366941257106
26.5732782657399, 0.2961931316817269
26.747321486517848, 0.2779049027500918
26.921069423813538, 0.2569955512918254
27.094471458236296, 0.23338851728003496
27.26748914869973, 0.20711197445948556
27.440123327712143, 0.1784230893410693
27.61231220937376, 0.14717269880472425
27.784074224441316, 0.11365567496904316
27.95537489159606, 0.07785653445533522
28.126173086007, 0.03973364298850657
28.29649271657147, -0.00047184985062583007
28.466243178880152, -0.04301439998561695
28.63538249683878, -0.08792367510150692
28.803940932963055, -0.1349651590674728
28.971871422820595, -0.18420004443828597
29.139136612707304, -0.2356488102316478
29.305772876861134, -0.2890988338822087
29.471686902406937, -0.34474962885846977
29.636957742735117, -0.40228235647505683
29.80151547307493, -0.46182400438602983
29.96541911217926, -0.5231434233872596
30.128592695998126, -0.5863799861648767
30.290983741268462, -0.6516000493520474
30.45269160548533, -0.7184965649988468
30.61362194114473, -0.7872428037814283
30.773868187756626, -0.8575692852947275
30.93330100831615, -0.9297209196602307
31.092069868612736, -1.0033222977848162
31.250174337464166, -1.078340149855948
31.407531735609147, -1.154912353191806
31.564234224404856, -1.2328158223957117
31.720167979679676, -1.3122465458289727
31.87543782957718, -1.39296735136169
32.029866132756545, -1.475286751614912
32.1836514009785, -1.5588016534042264
32.336603807251684, -1.6438326011970015
32.48892800147625, -1.7299844215755313
32.64041755493737, -1.8175960489616112
32.79130255374943, -1.9062454072999382
32.94139050329866, -1.9962378950029704
33.09083342899852, -2.087297986987162
33.239484818510746, -2.179645171779916
33.38743894186639, -2.2731059083875387
33.53459003360914, -2.3678258748600993
33.68088748721668, -2.4638585663332373
33.82652709370342, -2.560885900277733
33.97136353883676, -2.659108289807948
34.11542270302872, -2.758466902669112
34.25883598464713, -2.8587549166339654
34.401376505977176, -2.96027901414971
34.54302573929943, -3.0630424631376254
34.68371276225909, -3.1671186791553554
34.823671294531145, -3.272172338226605
34.962843787730506, -3.3782652359918672
35.10117204633, -3.485456380588687
35.238800007798865, -3.593545136167116
35.37559776856915, -3.702682829050218
35.511667334650255, -3.812727119660738
35.646994803145475, -3.9236826920495105
35.78152194964113, -4.035607342945425
35.915349466652636, -4.148367704052365
36.04840236109373, -4.262041120349799
36.18064512684403, -4.376656189715421
36.31214794041723, -4.492119778822868
36.442862904620945, -4.608474841489947
36.57267070035728, -4.725841479652148
36.70168436330689, -4.844080909475814
36.82994494987609, -4.963137145014303
36.957437143749, -5.083016072405337
37.08423172703201, -5.203632711487878
37.2101664758065, -5.325146791178634
37.33536335387295, -5.447420923104073
37.45983422876391, -5.570433920568301
37.58361747411364, -5.694138673950441
37.706564528323284, -5.818674311162118
37.82881078070201, -5.943897783920822
37.95036585112052, -6.069792141938582
38.07109848602276, -6.196475253324521
38.19114459385221, -6.323809052481529
38.3105237404213, -6.451768317463248
38.429098674988445, -6.580473136507847
38.546996176567056, -6.70979885015963
38.664266129321156, -6.83969393828933
38.780825935061806, -6.970226664001399
38.896756966330585, -7.10131816638056
39.01210758406292, -7.232920664620052
39.126910452758935, -7.365001202950952
39.24107294320602, -7.497635541315537
39.35466811453132, -7.630756012088899
39.467731824598154, -7.764328108126679
39.580216263941516, -7.898388345981802
39.69217399542934, -8.032888771639598
39.80363284685894, -8.167802943605851
39.91462620608552, -8.30310040497343
40.02510608278485, -8.438817574707283
40.135123703904235, -8.574909854626105
40.24470022742821, -8.711357666010056
40.35386383315198, -8.84813617206564
40.46254396292915, -8.985299247503118
40.570863144237016, -9.122747641656002
40.67879295772218, -9.260502052626949
40.78637031449339, -9.398531915385714
40.893639584658885, -9.536801341769666
41.000609639410065, -9.67530235083153
41.10727690534657, -9.814036636790915
41.21366544853635, -9.95298471402359
41.3197939725015, -10.092131427671344
41.42568165682606, -10.231461435797705
41.531346872068575, -10.370960173041627
41.63681449250702, -10.5106083063466
41.74202090164277, -10.650453274586324
41.84714279737041, -10.790361741311305
41.95203176876486, -10.930444869269781
42.05679901057097, -11.070618973908871
42.16145702834977, -11.210874550619867
42.26603200097578, -11.351191967144603
42.37054479026859, -11.491555616912215
42.47501455463164, -11.631951219765032
42.57940234599566, -11.77240771849615
42.68376101269115, -11.91288582464977
42.788119320994305, -12.053364189128171
42.89250388330198, -12.193823065061057
42.99692905546473, -12.334251795395867
43.101316349088556, -12.47470874413161
43.20574890874428, -12.615132108224632
43.310254726598785, -12.755501037328472
43.41480463919777, -12.895837206646652
43.5194748629266, -13.03608374305321
43.62429652075414, -13.17621721073956
43.72923074458559, -13.316266480667093
43.83435312941925, -13.456174634016802
43.93963101649505, -13.595965864489804
44.04511417776196, -13.735602299382165
44.15078789035047, -13.875094603321134
44.2567275878485, -14.014385010393722
44.3629025083059, -14.153496191894737
44.469390320333076, -14.29236798404617
44.57614512377017, -14.431034613867824
44.68314810061122, -14.569509789238385
44.790499611393216, -14.707714890376124
44.89816328187346, -14.845676906907798
45.006196876154085, -14.98334938815776
45.11458805479915, -15.120740462515972
45.22337627612345, -15.257817308501904
45.33252163980193, -15.394609888849416
45.442125728127515, -15.531035103326442
45.552164432091494, -15.667109900618797
45.66278886761418, -15.802708837767328
45.77396026031126, -15.937859639833365
45.88569372967933, -16.072546064375864
45.998077094636066, -16.20669062053305
46.11106607514209, -16.340325392952156
46.224765485783564, -16.47335610969339
46.339032551647726, -16.605899358956517
46.454117669782924, -16.73773266250601
46.57001034744706, -16.868856394529377
46.68672928449773, -16.99924495698302
46.8044126056804, -17.128763555493347
46.922974950330335, -17.25747781490628
47.04258647139165, -17.38521745299031
47.16328219657011, -17.511932953457183
47.284998299624604, -17.637668481271934
47.40779015949205, -17.762353383862347
47.53182907134854, -17.885797340155325
47.65705917289294, -18.00803222090733
47.78361305682766, -18.128895510779135
47.91140309043419, -18.248450567769666
48.04070029330109, -18.366373339480184
48.171328402494765, -18.482819383805378
48.30336639124779, -18.597663415118628
48.437247505970426, -18.710352614365384
48.572843796299466, -18.82097172271414
48.710052137539, -18.92958459196964
48.84900639423183, -19.035954310241674
48.98973706861238, -19.1399619372979
49.13251951219876, -19.241133846302013
49.27721121014811, -19.339555609280897
49.42381151539279, -19.43511118554243
49.57239955214242, -19.52754543083968
49.72298287158202, -19.616692080770374
49.87537937326665, -19.702702048461727
50.02973770152567, -19.78513845243834
50.18610515571728, -19.86369663823886
50.34438246507121, -19.9383326294209
50.504460427842155, -20.0090251997197
50.666334414971374, -20.07550348024706
50.82996534458595, -20.13753307512345
50.99518256356074, -20.195207201864648
51.16189905381299, -20.248394534188307
51.33001370593426, -20.296984037949198
51.49938504333878, -20.340995156122027
51.66992299803057, -20.38024456070413
51.84148198115687, -20.414759694065957
52.013961502992935, -20.444333642357158
52.18717853539916, -20.469228037679002
52.36103939107054, -20.489135485535733
52.535378780393714, -20.50429547314765
52.71007384090131, -20.514583477833717
52.88498238537203, -20.52018740865651
53.059979324368264, -20.520972576884297
53.23493269985189, -20.516972430740754
53.40971601447602, -20.50827733229131
53.58421247707885, -20.495014746169268
53.758293797486985, -20.477107584267813
53.93190152522052, -20.455075424692957
54.10490076069604, -20.428688469227104
54.277240666145914, -20.398292400039622
54.44883737402536, -20.363949344190985
54.619641010592815, -20.325858553572417
54.78954653768075, -20.283944394948225
54.95858409377365, -20.23865688623292
55.12662778293733, -20.189811053700343
55.293708826989736, -20.137767370268893
55.45971005915016, -20.082375731032453
55.624650588554395, -20.023900369160582
55.7884980055792, -19.962427653707937
55.95124340131388, -19.898093020791478
56.11291108687737, -19.83109526984425
56.27346702867471, -19.761474753012102
56.43289843290317, -19.689315764299998
56.59121373904568, -19.614739583292153
56.74837637119843, -19.537763779048614
56.90447492147184, -19.45865225916541
57.05960095343379, -19.37765045074879
57.21370721778581, -19.294725423567847
57.366781053739984, -19.209910342678892
57.5188316753777, -19.123274860692415
57.66985597630739, -19.03486293361404
57.819928403990794, -18.944845131055533
57.96913708021515, -18.853403080259756
58.11750407685053, -18.76060195934822
58.26507317551179, -18.666537493320302
58.41189821242382, -18.57131596621669
58.55800980366163, -18.475003332666137
58.70341297458366, -18.377624413189533
58.84816201610984, -18.27927554606703
58.99231651987794, -18.180056908130272
59.135904097841276, -18.080019147006425
59.278960997132295, -17.979223510567426
59.42152160772394, -17.877726756742277
59.563618366619046, -17.77558131180665
59.70528314579364, -17.67283743255733
59.846545804031386, -17.56954137197502
59.98745252622, -17.46576045597305
60.12802056079306, -17.361521549576516
60.26827251739998, -17.25685813539868
60.40823039842451, -17.151802223471698
60.54791572957903, -17.04638459452109
60.68734933499289, -16.940634570664386
60.826555457510494, -16.83458549821913
60.96555129590901, -16.728261055414322
61.10435457135376, -16.62168530762916
61.24298332377853, -16.514882476757414
61.38145981494523, -16.407882027937568
61.51983833705409, -16.300754589977238
61.65808072097465, -16.193451217771223
61.79621873458149, -16.08601323901576
61.934258977569236, -15.978449466733753
62.07221663002142, -15.870779685004486
62.21006889955712, -15.762975035155383
62.3478863629519, -15.655125999384422
62.48567427818142, -15.54723936874328
62.62342821007063, -15.439309525049838
62.76119722821203, -15.331399103986726
62.89892978188232, -15.223442226152336
63.036754250831805, -15.115602651168341
63.174557240841956, -15.007735494911604
63.312363045871834, -14.899871825580782
63.45023532284826, -14.792093101527405
63.58827271164702, -14.684525961129141
63.72639103209585, -14.577062827222253
63.86468326029765, -14.469823640082533
64.00322422387312, -14.362906000067062
64.14205885417394, -14.256369934544441
64.28089376192257, -14.149834136531874
64.41989513368719, -14.043515479248757
64.55896047774358, -13.937280388158586
64.69823291996799, -13.831318883960112
64.83756652731842, -13.725439042548052
64.97704117077427, -13.619745637778482
65.1165877603376, -13.514145431390581
65.25620409127552, -13.408634894210655
65.39589321303282, -13.303220445942125
65.53560451820519, -13.197834683311813
65.67536068185534, -13.092508345298677
65.81511462143814, -12.987179120229012
65.95496252086048, -12.881975164219487
66.09474216233701, -12.77668102221473
66.23444459413436, -12.671285048313493
66.37402161461306, -12.565723624133318
66.51347445790624, -12.459998747734458
66.6528039223683, -12.354111806454721
66.79198697109057, -12.248032873083206
66.93100213012971, -12.141734303469534
67.06982858918552, -12.035189578737599
67.20844608212606, -11.928373175261232
67.34683480194543, -11.821260479417928
67.48497534929677, -11.713827745343702
67.62284870283423, -11.606052079189084
67.76037396578319, -11.497832280398013
67.89756126263423, -11.389184008052323
68.03436114281924, -11.280047980105472
68.17078179756909, -11.1704379743548
68.30671268936432, -11.060220946728613
68.44214897245823, -10.949396533814346
68.57710432623499, -10.837986927935624
68.71158193262768, -10.726001225112174
68.84545004033804, -10.613287875172743
68.97873589213982, -10.499886901888756
69.11143026316958, -10.385794779153935
69.24341532987592, -10.27088329051007
69.37472310422534, -10.15519886777854
69.50536118717636, -10.038759083793135
69.63522459398145, -9.92145624681722
69.76431951311987, -9.803308380014718
69.89270123243577, -9.684386013598617
70.02017336751186, -9.564489204928233
70.1467845418994, -9.44368345212405
70.27251118729157, -9.321957240768995
70.39721790003776, -9.19918613124381
70.52098983296943, -9.075472373914035
70.6436455506407, -8.95065154589288
70.76526106322231, -8.824816635439108
70.8858539393466, -8.69800105288833
71.00523779433023, -8.570046459209244
71.1234576478179, -8.441015495706326
71.2405190365234, -8.310932570201674
71.35627179524018, -8.179683859845543
71.47073268595425, -8.0473070538983
71.58394173067816, -7.913858157450413
71.69595221981005, -7.779401836816487
71.80667631952416, -7.643884541513641
71.9159362261658, -7.507184376972185
72.02376171886934, -7.369350226215366
72.13012296545618, -7.230383235210982
72.23498838251429, -7.090284127734536
72.33832545903823, -6.9490539360031365
72.44020849592329, -6.806771154524479
72.54059996834299, -6.663431982441874
72.63940830522145, -6.518996882708068
72.73659086637208, -6.37346283233862
72.8322647836602, -6.226932504869991
72.92633698018187, -6.079368791780014
73.01874226118902, -5.930755642059852
73.10936440370016, -5.781048578348703
73.19820054113396, -5.630274882560386
73.28519711525192, -5.478432321903254
73.37044743875519, -5.325602516044112
73.45387011826934, -5.17176759255064
73.53539768946597, -5.0169201976104
73.61486980794665, -4.861008152485107
73.69230803982748, -4.7040761717317565
73.76783124527773, -4.5462138290488365
73.84133145214305, -4.387399749627671
73.91273968446288, -4.227634384838283
73.98199046274809, -4.0669223087596365
74.04892792125442, -3.905233166073586
74.11374938739222, -3.742684176274638
74.1763488910264, -3.5792666907006483
74.2366537711805, -3.414988645632944
74.29455966956532, -3.249849741377212
74.3499409184443, -3.0838470914082245
74.40280649524514, -2.917026139144444
74.45310577959428, -2.7494134018834395
74.50086007816722, -2.5810577543917828
74.5459708535837, -2.4119745139511726
74.58839119250793, -2.2421962717398793
74.62807693778794, -2.071758093840992
74.66498624872283, -1.9006972533214597
74.6991143285174, -1.729060019324411
74.73025763482322, -1.556856374194448
74.75855136954604, -1.3841617571408216
74.78391839946951, -1.211013149191602
74.80634359049239, -1.0374591023790434
74.82558132017274, -0.8635229265215898
74.84172028117071, -0.689271743387238
74.85474941862408, -0.5147602344203709
74.86466000549584, -0.34004359982401244
74.87144597257847, -0.1651774668017619
74.87510377837607, 0.009782262231614297
74.87563230648013, 0.18477955444099176
74.87297216699803, 0.3597575092301121
74.86714272683773, 0.5346586782710929
74.8581537768713, 0.7094260769492535
74.84609695904302, 0.8840088092410866
74.83097484683404, 1.058352909832526
74.81276261684468, 1.2324014544359985
74.79145616030918, 1.4060984504417504
74.76689120047493, 1.5793647270834525
74.73919084138358, 1.7521576844109992
74.70838623503141, 1.924424565985613
74.67445484461167, 2.096103142010846
74.63744373985372, 2.2671443543913394
74.59740032884501, 2.437501188901021
74.55456336363069, 2.607177040648875
74.50885656075056, 2.7761021191928235
74.46031033734472, 2.944232766499782
74.40907221413593, 3.111562288254412
74.35507439176493, 3.27802137723878
74.29834561185703, 3.443569486585563
74.23891759550702, 3.6081679335777923
74.17702293993665, 3.771854973401755
74.11261750466076, 3.9345705999750225
74.04570242503439, 4.096270496416115
73.97629687806868, 4.256917381460589
73.90442459350315, 4.416476183728623
73.83011370517215, 4.574914270867861
73.75360051183276, 4.732300950940121
73.6748309281483, 4.888570696518624
73.59399280824819, 5.043780524955482
73.5110247456164, 5.197862132265141
73.42610501133696, 5.350876500449635
73.33916685185996, 5.502752703053396
73.25021724224314, 5.653459247803119
73.1592658467818, 5.80296591301887
73.06648464841955, 5.951343792175202
72.97178086404111, 6.09850186364785
72.87519351297806, 6.244430612071756
72.77673515934296, 6.389103802156883
72.67657563186222, 6.532604852252876
72.5746614572406, 6.674865469979647
72.4709565148364, 6.815826389216229
72.36546919310848, 6.955458971263246
72.25842126428934, 7.093899305457461
72.14963262112235, 7.230976405849755
72.03911843198311, 7.36666664837788
71.92692716678268, 7.50097405058035
71.81329250649995, 7.634062910144274
71.69820035512852, 7.765893639060125
71.58168327525146, 7.8964667236533375
71.46377632222979, 8.025786020828676
71.34462561152462, 8.153959999003193
71.22421859395631, 8.280954046929557
71.10258279704802, 8.406771063537848
70.97974852954513, 8.531417658231659
70.85574377933851, 8.654899250593001
70.73061085957164, 8.777236938580115
70.60446921962138, 8.898533918115618
70.47732089401377, 9.018774997047482
70.34919718366469, 9.137976144324321
70.22013282528262, 9.25615828328275
70.09016600186824, 9.373347526486587
69.95933794697447, 9.489574944299429
69.82772830416923, 9.604917108529708
69.695363639181, 9.719392574137744
69.56228235667568, 9.833034670942144
69.42852543779154, 9.945881204156171
69.29413592726593, 10.057973958887207
69.15915829008442, 10.169357993427028
69.02363904505856, 10.2800824367442
68.88762029475798, 10.390192525570928
68.75114173761172, 10.499731848039824
68.61424827771359, 10.608751743707378
68.47698475807303, 10.717304774122315
68.33939542223713, 10.825443941897642
68.20152323513521, 10.933221690517106
68.06340969437893, 11.040689511119636
67.92509430615526, 11.147897110869883
67.78656095581995, 11.254822783571012
67.64789477724496, 11.361576204526406
67.50920479442779, 11.468298905264247
67.37035712516476, 11.574816767271722
67.23139020813872, 11.681179635698122
67.09255349473749, 11.787713128544823
66.95366871181199, 11.894184010415444
66.81497839907495, 12.000907611567227
66.6764691205177, 12.107865703110052
66.53827456431803, 12.215229821558486
66.40037418562916, 12.322971288945316
66.26280452588374, 12.431134519866792
66.12570257453581, 12.539889849273637
65.98923749787869, 12.649443260750399
65.8533142140485, 12.75966830252778
65.71772968683715, 12.870309891139689
65.58272229247694, 12.981654941040198
65.44829514387939, 13.09369973977121
65.31458251653187, 13.206596137846425
65.18153888532703, 13.32028001064807
65.04916297778085, 13.434740467407373
64.91746151726164, 13.549975956528488
64.78658794981635, 13.666150396493027
64.65656149278601, 13.783271800624133
64.52753747014557, 13.901496354902145
64.3994012983888, 14.020682627246991
64.27229291295771, 14.140964562040619
64.14612292117265, 14.262230807115161
64.02104201695866, 14.38462048488516
63.8969601571361, 14.508023369522311
63.77402762172329, 14.632571629534164
63.65213792541307, 14.758141008536528
63.53144455197, 14.884860893633515
63.41200348335502, 15.012762061953266
63.29367623348564, 15.141694592814964
63.176708923015255, 15.271862181906476
63.06105906683512, 15.403201788296515
62.9466454261299, 15.53561970247527
62.83369898195802, 15.669291170722634
62.72221043212132, 15.80418104767943
62.612241741983276, 15.940312976952033
62.50349362109252, 16.077422098175447
62.396238786924904, 16.21570242716013
62.29058843466575, 16.35521242061633
62.18622835498349, 16.495690424951864
62.08337143429088, 16.63727285764531
61.982062179644274, 16.779966827122593
61.88215370982131, 16.923645059301908
61.783647956088075, 17.068288533629218
61.68660767975479, 17.213919146321032
61.59091319731117, 17.360437543275246
61.496718269558976, 17.50792436795931
61.40375607973885, 17.65619129791847
61.31229828764441, 17.8053908532513
61.222007289518885, 17.955299441449053
61.1331697131548, 18.106073861203495
61.0455394792404, 18.257553225677686
60.959186988038276, 18.40976461611975
60.87411619306282, 18.562696037549134
60.79026879772399, 18.716301641772688
60.707409416488694, 18.870442486554037
60.625636344384446, 19.02516230585074
60.544885671290146, 19.180418094769895
60.46516224291892, 19.3362037582343
60.38640426027283, 19.492479623782565
60.30866468108515, 19.649264479293702
60.23188830049086, 19.80652318765214
60.15617464704353, 19.96429627162625
60.08136639189154, 20.122500700449844
60.007593425280014, 20.281190588551
59.93461282058664, 20.44024652695847
59.862415542982, 20.59965960896374
59.79103704078734, 20.759440993066423
59.7203075579597, 20.919510742433058
59.650481457073965, 21.07997658004595
59.58129548158002, 21.240719456631183
59.51300824152039, 21.40184618457219
59.44537432402135, 21.563248260330695
59.3784934305086, 21.724963817495684
59.31224644444589, 21.886940096395666
59.24661213782274, 22.049165604726145
59.181572851556304, 22.21163057405468
59.11707129921631, 22.374309773514625
59.05317339699527, 22.53722701075826
58.98984648990684, 22.700367048601237
58.927044805580216, 22.86371001064009
58.86469640899789, 23.02722655637131
58.80281644641014, 23.190920969055263
58.74140132403953, 23.35479036744427
58.68036911727862, 23.518802784028995
58.619745591137004, 23.682966705516353
58.559470401653634, 23.8472588444642
58.49956530753644, 24.011686283764984
58.440035042488816, 24.176249790413735
58.38083618363847, 24.340932799194977
58.32196794147831, 24.5057342771365
58.26339118363307, 24.670639586352948
58.20507816274028, 24.83563834613026
58.147021061721105, 25.000727335184898
58.0891989759201, 25.165898792999972
58.03159413998004, 25.331146153027543
57.97420164130885, 25.496467388619998
57.91699962965645, 25.661854636882314
57.85998856008895, 25.827307804768108
57.80305592101748, 25.99278797692896
57.746343099084896, 26.15834360319893
57.689758357388776, 26.323943035254857
57.633276512899506, 26.48957757515462
57.576863563034195, 26.655235578218374
57.52051514624559, 26.820915530463417
57.46421757045154, 26.986612756345625
57.407980553831585, 27.15233054053554
57.351773947834246, 27.31805864256504
57.29558160872543, 27.483791588145472
57.239426812351105, 27.649537266659863
57.18321991389536, 27.815265294614832
57.12703239968122, 27.980999905318665
57.070819329211176, 28.146725857645468
57.014557132647, 28.312435143700935
56.95823071933237, 28.478122615049784
56.90182110799399, 28.64378177902229
56.8453191464749, 28.809409464602968
56.788711330282766, 28.9750009961274
56.731974464142084, 29.14054834817424
56.675093246025256, 29.30604614815833
56.61806524485206, 29.471493416325245
56.56087822293336, 29.636885775416317
56.503573169200024, 29.802237263540455
56.44610304572512, 29.967531435032942
56.388463521938164, 30.132766592720152
56.33063803906085, 30.29793674552754
56.272610352212354, 30.463035951449797
56.214351635317875, 30.628053760916995
56.155859224020666, 30.79298886932158
56.0971001752535, 30.957829167643705
56.03807951631129, 31.12257597407709
55.97876060431389, 31.287215623349283
55.91915168784912, 31.451750494808294
55.859186740253506, 31.616155942189266
55.79885860565211, 31.780428465463824
55.73818767476573, 31.94457468975882
55.67717428049446, 32.108593918752845
55.61581424223265, 32.27248376345193
55.5541008230334, 32.43624083366821
55.49187739705556, 32.599804751546586
55.429190144372626, 32.76319143414961
55.36606828402165, 32.92641067548542
55.30241586245406, 33.08942371209015
55.23832905527555, 33.252266442402565
55.17359140572361, 33.414851498834885
55.10832115087434, 33.57722346150139
55.04254295882171, 33.73939028466786
54.97612500646961, 33.90129607474898
54.90917770802778, 34.062983629691935
54.84145955958687, 34.22434975167264
54.773123291696855, 34.385454983456256
54.70403711753975, 34.54623994202846
54.63412743380524, 34.70666845357052
54.563278091294556, 34.86668413578841
54.491484639897166, 35.02627842128437
54.41864515320823, 35.18539800417861
54.34470202099847, 35.344007744000805
54.26981693179328, 35.50217494010813
54.19380666566892, 35.659804427997784
54.116455747376754, 35.81678026423994
54.038075139040224, 35.97324435501036
53.95840188054802, 36.129053880715624
53.87731695233792, 36.28413305511172
53.795039930663584, 36.43858259028954
53.71131747079517, 36.59225270697774
53.626191045137496, 36.74514877591002
53.53912066966392, 36.896945406755876
53.4503127710991, 37.047731509819954
53.35949673629871, 37.197316226725135
53.266349590881205, 37.34546008330993
53.17129033784333, 37.49238384527545
53.07382594841038, 37.63772214146001
52.97411335110333, 37.7815257706167
52.871822402976406, 37.923505105685166
52.76631137570517, 38.06310614867295
52.65787260776976, 38.20044393373778
52.54616866309722, 38.33513796394739
52.43128343179215, 38.46712764393073
52.312773507481474, 38.5958710654383
52.19040114607193, 38.720947568758035
52.06445530527121, 38.8424241859007
51.93413188000359, 38.959190575733494
51.79998019877407, 39.07153738172529
51.66171526537229, 39.17878068595192
51.519486164363904, 39.28070797210194
51.37321128834756, 39.37673890210884
51.22317465519015, 39.46678032300312
51.06933468244647, 39.55015845419879
50.91204262406629, 39.62682824552511
50.751534382426556, 39.696517175613195
50.58788088208068, 39.758463017696876
50.4215983235072, 39.81296486126149
50.25292357643683, 39.859544377497585
50.082190533781606, 39.897905530678386
49.90982594433415, 39.928113044690804
49.73613023044319, 39.94938305604078
49.56163174318359, 39.96256499743844
49.38669240041025, 39.96707215427304
49.2117388110427, 39.96307770627453
49.03718316826608, 39.95060839964551
48.863318003870916, 39.930694505272804
48.690439834051844, 39.90351175105865
48.51894947074812, 39.86863452364765
48.34907796982121, 39.82657916814972
48.180621595794236, 39.77917388768637
48.01397176356563, 39.725770268727295
47.849254399226794, 39.666679556076524
47.68642410288266, 39.60257484706456
47.52547968411012, 39.53387506925954
47.36645032795469, 39.4608535852033
47.209454850149434, 39.38355714158595
47.054510103090585, 39.30222703017361
46.90148864332672, 39.21733107127315
46.7504129021427, 39.12901590863471
46.60127423111014, 39.03746398163342
46.45404754280254, 38.94286439582355
46.30871806173171, 38.84537200828241
46.16526743460479, 38.7451327852627
46.02360561511122, 38.64237893195368
45.88376221383348, 38.5371624858468
45.745687470943885, 38.429635183115124
45.60937862170772, 38.319878407341655
45.47472670766594, 38.20809616926295
45.341728746580664, 38.09435273354617
45.210289227220585, 37.97881386460043
45.0802595559336, 37.861692606307926
44.951535018195365, 37.7431403387636
44.82401527122392, 37.6232947248382
44.69766352457201, 37.502219341468184
44.572359395179895, 37.38006023040086
44.4479883142421, 37.25695079222218
44.32443000218238, 37.13302469635951
44.201523589955194, 37.008450970169264
44.079218491006245, 36.883285918092625
43.95742858339046, 36.757618848372765
43.836077258336736, 36.631527870913295
43.71516650231322, 36.505014386841594
43.59459186491181, 36.37818082837068
43.47427676641181, 36.25110153828011
43.3542098644927, 36.12378826064028
43.23432040544035, 35.996308311010985
43.114552491555685, 35.868714377067576
42.99497230480501, 35.740944246384984
42.87548824203035, 35.61308344126455
42.756053463754775, 35.485175554126876
42.636556200487014, 35.357325096970946
42.51716856701081, 35.22937181984411
42.39774485320264, 35.10145223958209
42.27827764270187, 34.973573538857686
42.158919233940026, 34.84559414412928
42.03930492172444, 34.71785522533269
41.91969009616768, 34.5901178170919
41.79997846036875, 34.46247163575403
41.68013033647046, 34.33495365404727
41.56016560690432, 34.20754506018858
41.44010701154512, 34.08022432834416
41.31987073481804, 33.9530706163992
41.19958351699868, 33.82596422643733
41.07900648889373, 33.69913188545517
40.95819913638504, 33.572518206071955
40.837430096942306, 33.44586993487324
40.71628159787992, 33.31958664114288
40.59484148700499, 33.19358334429485
40.47340584465101, 33.06757441813143
40.351488481044775, 32.942029796620076
40.22917018799315, 32.816874760704536
40.106369892632614, 32.692192115399855
39.98325981413422, 32.56781580381036
39.85962016209375, 32.44396732255139
39.735584903507366, 32.320516654189554
39.6110238595936, 32.19759803292583
39.48598037980148, 32.07517146972898
39.36033785906356, 31.953360594984986
39.234010070372406, 31.832260903422902
39.107210212215946, 31.711655544219376
38.97959710191109, 31.591910727088038
38.8511995305435, 31.473006821374568
38.7218709686361, 31.355115367935106
38.59173265963399, 31.238117376339392
38.46070275968676, 31.122117834959635
38.32877452240922, 31.00714030809467
38.19594359186916, 30.89320649451925
38.06214416524645, 30.78041169444534
37.92718930827419, 30.66900236882355
37.791485308165875, 30.5585078894376
37.6545251534856, 30.449576310716417
37.51635736560231, 30.342182625383714
37.377135376187866, 30.236161392670144
37.23679751897745, 30.131624184134306
37.09466270018725, 30.02954577846078
36.95110151101106, 29.929484156631986
36.80613025936456, 29.831477049848452
36.65955236990204, 29.735889765587856
36.51122200017376, 29.643045150774558
36.36123693897294, 29.552897435388303
36.209668694542806, 29.465437125711677
36.05631331192225, 29.381149746596936
35.901152818083226, 29.300233636136923
35.74416822863869, 29.22291619908838
35.58534249235288, 29.149455034107902
35.42479470122377, 29.07983714762333
35.26248534667997, 29.01443142094926
35.098455245417554, 28.95347012138992
34.93286435890085, 28.89688623865863
34.765670588199875, 28.845231335738955
34.597109570642026, 28.79822877209736
34.427231203804105, 28.75623551915823
34.25613011902599, 28.71953997774138
34.08400504991057, 28.68799242703919
33.91096151639022, 28.661946814261675
33.73717474492554, 28.641430838860277
33.56278832984072, 28.62685241630292
33.3880108327113, 28.61810766057887
33.21303697973058, 28.61525189032546
33.038062329266396, 28.618084490565895
32.86324776368328, 28.626088569369195
32.688793963855716, 28.639869752287893
32.51484955275497, 28.65903364182847
32.34158392805834, 28.683584439534453
32.16917622950007, 28.713571300268278
31.99771825763617, 28.748584072604896
31.82735378997939, 28.78858152466106
31.658190440838514, 28.83338946125858
31.490369017809762, 28.882988771821307
31.323869930919102, 28.936862195663767
31.158834244316957, 28.995065057494195
30.995375817861202, 29.057561017841877
30.833595207225965, 29.124280973477852
30.673430859266933, 29.194794122306106
30.514965162319573, 29.26904701922049
30.358349583221585, 29.3471274213533
30.2035045240494, 29.428663617487672
30.050463615702725, 29.513538174584085
29.89927668114875, 29.601672764917275
29.749912887894098, 29.692862758398054
29.602481654245185, 29.787144944655335
29.45686227028269, 29.884202123285228
29.313027182553466, 29.983884386740595
29.170953359410642, 30.08606110761502
29.030711154960134, 30.19073746371028
28.892117360451625, 30.29758678130336
28.755102615539446, 30.406453452086875
28.61982723384435, 30.517473821786567
28.48614891255435, 30.630412174523627
28.354247116075374, 30.74542041743005
28.223860501535135, 30.86214401825055
28.09511543759495, 30.980676009228105
27.967788505272782, 31.100730365959592
27.84225111245996, 31.22265464849605
27.717968137577714, 31.34585745183572
27.59501032122067, 31.47038261447641
27.473203133772426, 31.596033217825536
27.352557344703786, 31.722799007472275
27.232964861673413, 31.850558640258445
27.114407424558937, 31.979279051420907
26.99679090367972, 32.10885959519666
26.880135353939707, 32.23930584209944
26.764329642275992, 32.370507203864605
26.649256193768736, 32.50235147578518
26.53489136058221, 32.63481110004326
26.4212476151789, 32.76789010941643
26.30824409226854, 32.901513411079236
26.195870410981154, 33.03566701996377
26.08401912358974, 33.17025666504552
25.972715364384705, 33.30529956458555
25.861959221050743, 33.440791998850365
25.751704582601686, 33.57669281848657
25.641866781650794, 33.71293066979946
25.532461085581016, 33.84951561712503
25.423413696726296, 33.98638663067069
25.314732607548333, 34.12354851079405
25.206369647328476, 34.260961724875195
25.09835845010317, 34.398651514945925
24.99069298604811, 34.53661178313578
24.883361232909508, 34.67483186355631
24.776345232571387, 34.813296639917
24.66960661046959, 34.95197546858086
24.563145477871245, 35.09086755596252
24.456935852144717, 35.22995217002224
24.350976248937283, 35.369227426051346
24.245179741266828, 35.50862663517805
24.139677992409407, 35.64824900738008
24.034293715657103, 35.787959996630384
23.929146765035373, 35.927849591219186
23.82414786552093, 36.06785025681714
23.71927728757518, 36.207947018568944
23.61451896251323, 36.34812772160881
23.509858401717253, 36.488381452674545
23.40526921400453, 36.628688466852836
23.30073896286082, 36.76903946616146
23.196286149090163, 36.90944818942677
23.09188324151641, 37.04989411196387
22.987517027677427, 37.190367377176365
22.883139134503967, 37.330832015605544
22.778748325860576, 37.471287079454555
22.674335062026763, 37.611725446063296
22.569905631662216, 37.75215175926724
22.465418182172776, 37.89253485430584
22.36088513756676, 38.032883934075066
22.25628751727341, 38.17318481946402
22.151615335938345, 38.313430013765576
22.046811342437177, 38.453576670300116
21.94188087095195, 38.59362861019672
21.836815844780535, 38.73357961154392
21.731633374353652, 38.87344235907752
21.626309938308776, 39.013198988204834
21.520834253497767, 39.152840763848
21.415167842898125, 39.29233829485832
21.309317945824514, 39.431696674609185
21.203275501820695, 39.57090861930023
21.09702130461197, 39.709959026363634
20.990556341803067, 39.84884813079987
20.88387140125163, 39.98756832582361
20.776848766911485, 40.12602813671607
20.669535066281238, 40.26426245976476
20.561920563812624, 40.402262714655585
20.454004861940277, 40.54002752928634
20.345783127950778, 40.67755203058198
20.237250652544237, 40.814831384835266
20.12840287819895, 40.95186082159441
20.019221575073626, 41.08862459900126
19.909717366731588, 41.225129904179745
19.79978747297587, 41.36129257882111
19.689457985728435, 41.49713165657444
19.57870895465472, 41.632628902323255
19.467560406205898, 41.76779863615306
19.35601528402269, 41.90264131830814
19.243975041039054, 42.03707292750456
19.13143482637087, 42.17108633754152
19.01841206126455, 42.30469311325608
18.904869538357076, 42.4378585421442
18.790727404647892, 42.57051046254367
18.676036788572304, 42.70268855030002
18.560789136099423, 42.83438129701232
18.445026898802816, 42.965621946532
18.32863441946759, 43.09630391737268
18.211666585927308, 43.22647106066352
18.09405590310655, 43.356057509949544
17.97581301968304, 43.485067201601204
17.857000300647222, 43.61355212046753
17.73753561911818, 43.74143088731214
17.617471581782176, 43.86874691645015
17.49666123172617, 43.99535480258958
17.37523549305615, 44.12137247173325
17.253114887242923, 44.246716748092595
17.130244683201404, 44.371326261293355
17.00666153053438, 44.495228763309825
16.88231727613617, 44.61836750170924
16.757074656776275, 44.74059251975815
16.631118356445636, 44.86208207602941
16.504248078364558, 44.98261693332206
16.376475269794, 45.102194782924414
16.24781819526725, 45.220820868306845
16.11817531134708, 45.33836893479844
15.98752276632541, 45.454793906885385
15.856066271763554, 45.57031049434142
15.723757847071612, 45.68485025167212
15.590623014820466, 45.798428093936906
15.456521496814194, 45.910862483056135
15.321489083012553, 46.02217672426527
15.185415090461307, 46.132214851638146
15.048371387830331, 46.24104265250579
14.910401467161636, 46.34869362567791
14.771560643546605, 46.45521882627855
14.631647468471941, 46.56033134633058
14.490836877432082, 46.66423844173856
14.348935948109473, 46.76665127436516
14.20597353450644, 46.867576945682416
14.061954230501689, 46.96698861395134
13.916943768392262, 47.06494882924412
13.770919243568407, 47.1613907793692
13.623904364203304, 47.25631590736752
13.475620517116083, 47.34924586395105
13.326200463732293, 47.44033776865284
13.17556412455433, 47.52940416699742
13.023819020679726, 47.616568583739564
12.870980835413585, 47.701802203305526
12.716940890384915, 47.78484436987008
12.561684922236948, 47.86559027781332
12.405336285785072, 47.944199548809564
12.247850650301196, 48.020504983321366
12.089295120036436, 48.09456074483366
11.929553558810296, 48.166020854837384
11.768773315882859, 48.23511113354264
11.606857364986745, 48.301494843143495
11.443947475415024, 48.36539953061161
11.279947702032127, 48.42645174203308
11.115009231340759, 48.48491986747326
10.949088428241614, 48.54053832118665
10.782110366592827, 48.59289689991293
10.614190509754687, 48.64215278878586
10.44537468803316, 48.688246662799344
10.275776686807802, 48.73137662859805
10.105401858901857, 48.77133009579995
9.934266458729178, 48.80789079077502
9.762456373521061, 48.84113908784445
9.590014784259582, 48.870941083785425
9.416989093663439, 48.89714183965539
9.24348187725337, 48.91994024890443
9.069556638725185, 48.93929618443873
8.895260699658738, 48.9549690756894
8.720693881784868, 48.96726654033325
8.545920178007515, 48.97615250374394
8.3710028598087, 48.98150786435494
8.196014268486664, 48.98342376033248
8.021022405600784, 48.98186553758372
7.846100365513123, 48.97669276796912
7.671304799499229, 48.96827001256407
7.496699743220774, 48.9565471755776
7.32235260023441, 48.94146961199547
7.148336024605644, 48.92296409878944
6.974712853163043, 48.9010714014837
6.801526997595892, 48.875949187625295
6.6288045652209835, 48.847813199013856
6.456628416830326, 48.816504848583975
6.285050900933733, 48.78206404976037
6.114103371610195, 48.74461898093141
5.943759115851183, 48.704516942512704
5.774065919804373, 48.661743245939846
5.605071243540892, 48.61628858356887
5.436845884394521, 48.568065461245816
5.269345434676685, 48.51738245594458
5.10267819953355, 48.464024309356155
4.936791005562782, 48.408288923002424
4.77178486396185, 48.34999741360598
4.607593193877856, 48.2894498061659
4.444233125950921, 48.22669314011276
4.281645677201298, 48.16196108564946
4.119928765894148, 48.09508404431013
3.959055118834829, 48.026203144489706
3.7990135777402143, 47.95541019204594
3.639814888876452, 47.88274138799824
3.481422844247637, 47.80833040498352
3.3238414750630287, 47.73221731549622
3.1670742081873158, 47.65444091294872
3.011099173436332, 47.57508737252137
2.8559158978212644, 47.49419619095501
2.7014635685508903, 47.411917806866555
2.5476650934669545, 47.32842362425239
2.3945565678860254, 47.24367116676874
2.2421338357011464, 47.15769190082971
2.0903337064577268, 47.07061863232119
1.9391641639633332, 46.98245573118166
1.7885732561801564, 46.893308643727586
1.63857202377278, 46.80317342269013
1.4891597398968237, 46.71206567524984
1.340272385189807, 46.62010282786404
1.1919278533338762, 46.52726697571361
1.044077423058149, 46.43364610006311
0.8966867321406529, 46.339302816524494
0.7497656196832277, 46.24422951266068
0.603272344335328, 46.14849779197363
0.4572107960563637, 46.05210811565862
0.31154368962668294, 45.95512283393506
0.166243954987435, 45.85758754016406
0.0213135731892439, 45.75950386462877
-0.12327948080672688, 45.6609233132283
-0.2675585433668977, 45.56188365797651
-0.4115241877383093, 45.46238899638103
-0.5552047393203836, 45.362483253761596
-0.698620359536117, 45.262197883359256
-0.8417898415674958, 45.16156184724664
-0.9847185597942425, 45.06058463452702
-1.1274261186395593, 44.95929559534217
-1.2699281189760532, 44.85771801363666
-1.4122385388929832, 44.755872563490584
-1.5543695353792748, 44.65377709846118
-1.6963346714764385, 44.55145119581807
-1.8381446715904086, 44.44891029730127
-1.9798094854915427, 44.34616864291966
-2.121351860921755, 44.24325797672731
-2.2627781634059527, 44.14018737972021
-2.4041273280041793, 44.03701057153605
-2.5453678749780035, 43.933684759502114
-2.6865415295994053, 43.83026733717026
-2.82764376674055, 43.726752437748004
-2.9686764081131183, 43.62314284977068
-3.1096823001347786, 43.519497105279434
-3.250662354994322, 43.415816529986685
-3.391630937806863, 43.312120648297686
-3.5325979441771715, 43.20842287372134
-3.6735498503588815, 43.10470473358773
-3.8144893322020685, 43.00096971892386
-3.9555093219356543, 42.89734416448859
-4.096494088754031, 42.79366882154505
-4.237589627404458, 42.69014540842759
-4.378683198809457, 42.586619864389284
-4.519768399492616, 42.48308119307476
-4.6608879492577575, 42.37958925495597
-4.802001599165427, 42.27608920926167
-4.943079543165908, 42.1725413764521
-5.084189956957366, 42.069038335434435
-5.225273715924445, 41.96549969227988
-5.366306920032438, 41.861892677400945
-5.507266880168869, 41.758186288842225
-5.6481323032452595, 41.654351560896096
-5.7888857191568555, 41.5503649132862
-5.929508762122922, 41.44620177717744
-6.069957041826886, 41.34180281881602
-6.210283064770293, 41.23723930249069
-6.350446428391082, 41.13245763548567
-6.490408001100758, 41.02740645848098
-6.630161784867961, 40.922078980771644
-6.769672860694736, 40.81643028959959
-6.908935064275437, 40.71045387120584
-7.047928785720869, 40.60412571210456
-7.186634728750384, 40.49742256682687
-7.325033628708151, 40.39032161165853
-7.463106234141012, 40.282800447739774
-7.600835444148081, 40.17483985339129
-7.738184326330501, 40.066395889037956
-7.875148919364782, 39.95746703717224
-8.011710028480557, 39.84803284463988
-8.147848445562325, 39.738073344594405
-8.283470569911882, 39.627477768034865
-8.418590737313497, 39.516269522956044
-8.553115529780683, 39.40434180363183
-8.687046532349443, 39.29170416002247
-8.820370372671338, 39.17834838301165
-8.953073921756424, 39.064266947386045
-9.085157466123295, 38.94946814666351
-9.216592687641423, 38.83392760200209
-9.347257478679467, 38.71751650526391
-9.477179083028613, 38.6002765557089
-9.60634537351892, 38.48220501931008
-9.734743476158004, 38.36329866156919
-9.862258877937911, 38.2434463158022
-9.988911123428348, 38.12268230272092
-10.114713135772492, 38.00103294327153
-10.23966075288682, 37.878506310683605
-10.363739138029711, 37.755099673979274
-10.486777809128238, 37.63065655949836
-10.608817223269718, 37.505233379342826
-10.729846221575919, 37.37883487708774
-10.849849585034109, 37.25146215452369
-10.968665725843652, 37.12298115090566
-11.086494588101404, 36.993593924026634
-11.203227863366001, 36.863217280996274
-11.318873017813646, 36.73187443311369
-11.43338322959509, 36.599540932255884
-11.546721152082744, 36.46620210924584
-11.658847122662218, 36.33184264609933
-11.76971960865684, 36.19644707864555
-11.879143529266475, 36.05987821911695
-11.98714489382782, 35.922181548063726
-12.09369358395089, 35.783357609390485
-12.198859237274833, 35.64348285107773
-12.302549513610256, 35.502510786058394
-12.404881027986555, 35.36054927990425
-12.505803852108224, 35.21758301730011
-12.605244554404448, 35.07358220823169
-12.703143447019526, 34.92852915841125
-12.799443803323198, 34.78241029441203
-12.89404578472701, 34.635186409775564
-12.986945000950673, 34.48688227584683
-13.078256172868976, 34.337595108912076
-13.167880028332641, 34.18728890070009
-13.255729308769112, 34.03593862245324
-13.341673091528705, 33.88349817988442
-13.425732150783773, 33.730010273047576
-13.508020249044376, 33.57556555919508
-13.588435289752109, 33.42013740068046
-13.66690856854038, 33.26372002435845
-13.743351339423915, 33.106300510831844
-13.817707349870274, 32.94788478651948
-13.890103678666632, 32.78856407393875
-13.960314248309324, 32.628268358535415
-14.028384753312709, 32.46705243951436
-14.094206470120822, 32.304905630108784
-14.157719143141755, 32.14184072699167
-14.218864488466522, 31.977873583705325
-14.27784574918045, 31.81311573511292
-14.334424776244905, 31.647517843897443
-14.388371838682827, 31.481044164993495
-14.439732946500618, 31.313754620300124
-14.488457297732383, 31.145678103445427
-14.534558379334813, 30.9768630087789
-14.577926492723163, 30.807324987012755
-14.618517405759514, 30.637100408276357
-14.656289981067127, 30.46622808895694
-14.691205649305754, 30.294748984767637
-14.723252737689554, 30.122710584197392
-14.752392565938031, 29.950155965385044
-14.778588484659632, 29.777130055927046
-14.801806322173134, 29.603679580145972
-14.822003235745488, 29.42985162941453
-14.839154406411645, 29.25569694763183
-14.853135986362066, 29.081259253110385
-14.863964492861001, 28.906597331563646
-14.871695621231392, 28.731770626050825
-14.876260175597132, 28.556832252702606
-14.877673266332796, 28.38183967104662
-14.875912708656156, 28.206849909742253
-14.870979724553397, 28.03192057857839
-14.862878678058262, 27.85710915810519
-14.851616949641759, 27.682472816844836
-14.837204822540631, 27.508068240685688
-14.819655369713054, 27.333951474283015
-14.798941998207953, 27.1601828176681
-14.77510525754128, 26.986815070665752
-14.748167246784112, 26.8139020673899
-14.718433666300927, 26.641447749289995
-14.685750682299567, 26.46952812002443
-14.650131753669934, 26.29819281418027
-14.611592950204468, 26.12749066609097
-14.570152396228458, 25.957469695978165
-14.525830506867047, 25.78817695506155
-14.478598663671898, 25.619672787655926
-14.42848814714823, 25.452001937283505
-14.3755338565718, 25.285207085436856
-14.320000122611777, 25.11925290188832
-14.261755254072623, 24.95423060141591
-14.200865722236047, 24.790165687180266
-14.137357421783015, 24.62709667433647
-14.071467737740297, 24.464975348198248
-14.003309789893247, 24.303794746697125
-13.932811424415277, 24.14362441086623
-13.85997598106448, 23.984503646944926
-13.78482224423189, 23.826464954967694
-13.707433408005787, 23.66950889147963
-13.627829024457764, 23.513664980482652
-13.545756705995927, 23.35910660213689
-13.461411521318206, 23.205776478040416
-13.374829356206686, 23.053697867895625
-13.286209303607123, 22.9027971558865
-13.195509525584685, 22.75313681830127
-13.102762038305775, 22.604736429732363
-13.00800130807519, 22.457613171709895
-12.91126414649717, 22.311781687792646
-12.81254616476915, 22.167283662719328
-12.711864408914153, 22.024147016098055
-12.60934038337306, 21.882324122143217
-12.505020383506725, 21.741817077245422
-12.398951282949346, 21.602625784683294
-12.291180312021263, 21.46474807576981
-12.181754936514205, 21.328179764968333
-12.070722737595698, 21.192914709432944
-11.958131288298896, 21.058944876578046
-11.844045780572008, 20.926245158556487
-11.728343880467255, 20.794952493078416
-11.61094080134959, 20.66517868757759
-11.491995585428853, 20.536816443535994
-11.371646012010562, 20.40976943476824
-11.249953844610953, 20.28400737588794
-11.1269816438356, 20.15949630212008
-11.002617098189504, 20.036375705339395
-10.877038414004174, 19.914493514452605
-10.750308348069018, 19.793808815511284
-10.622402753530377, 19.67437065634683
-10.493406521853139, 19.556111236265625
-10.363380731821628, 19.438984792317928
-10.232387242378646, 19.322941721570643
-10.10041797404882, 19.20800973661388
-9.967538708572109, 19.094131282057074
-9.833800335092828, 18.981263251460177
-9.699131316735398, 18.86950758778886
-9.56361723612747, 18.758778471951096
-9.427327245616528, 18.649006111794503
-9.29036658255745, 18.540071971704677
-9.152880017376797, 18.431802572424424
-9.014904808064367, 18.324156798713783
-8.876469811561021, 18.217103126912477
-8.737704664131396, 18.11047778148878
-8.598633861542076, 18.004251325035742
-8.459294945752477, 17.898376610572384
-8.319727785594358, 17.792802697541816
-8.179967520939604, 17.687484295872544
-8.040208594749313, 17.582163882927865
-7.900427112184595, 17.476873284253312
-7.76039550406028, 17.37191589819037
-7.620504678978602, 17.266771429900313
-7.480598967719447, 17.161646830983074
-7.341023539489351, 17.056084165247473
-7.201758652527652, 16.950112463280497
-7.062836440751658, 16.84369215816799
-6.9244140060987895, 16.736622694336134
-6.786520425068803, 16.62887290813465
-6.649179360568539, 16.520419558364615
-6.512311681536089, 16.4113690787513
-6.375996531027347, 16.30162835634913
-6.239994243034094, 16.191500045622767
-6.104704208410321, 16.080498203971974
-5.970090988555797, 15.96867686557035
-5.836231086911639, 15.855955130400876
-5.703209714923829, 15.742245287164486
-5.571077551485353, 15.6275034618329
-5.43982798391638, 15.511753057989692
-5.309173600861187, 15.395331220534041
-5.179417190147609, 15.277909626972136
-5.0506342232971475, 15.15942141217277
-4.922702359506959, 15.040014808565575
-4.795757647409419, 14.919559235009798
-4.669994365146777, 14.797870475256554
-4.545205751792979, 14.675181866857386
-4.421575639843883, 14.551325356036264
-4.29907293178247, 14.426353041226445
-4.177832457922143, 14.300155258339716
-4.057812434978247, 14.172795695791912
-3.939159770898348, 14.044160897551878
