-3.8849999999999967, 14.054999999999996
-3.8834668053836388, 14.053025331874148
-3.8789237980392715, 14.0470578298229
-3.871466057318109, 14.037026276081551
-3.8610544634337134, 14.022960410011814
-3.8477378105092845, 14.004824357327971
-3.83156928606956, 13.982579627274559
-3.812527878317203, 13.956241949423445
-3.790599982397203, 13.925821317045761
-3.7657609136998187, 13.891335567043871
-3.7380343417638953, 13.852767678764854
-3.70735994162037, 13.810161052716412
-3.6738477667631955, 13.76343658788559
-3.6374191414685724, 13.71265080962673
-3.5980564746918917, 13.657816337379657
-3.5557417164236416, 13.598946146011082
-3.5103404285514954, 13.536137213245217
-3.46206703585976, 13.469234912550982
-3.410836386990937, 13.398300722559187
-3.3566557593147532, 13.32332940195299
-3.299472341437615, 13.244359170839667
-3.23941660769223, 13.161295642317425
-3.176284580207576, 13.074286503073408
-3.1103424526491064, 12.983138937011734
-3.041596232244615, 12.887848853291683
-2.9701325975141226, 12.788547217255662
-2.895683548056266, 12.68543750138024
-2.8185665826781823, 12.57838375364667
-2.739192333449894, 12.467565775511668
-2.6578758515091665, 12.353171469616246
-2.5745228060513634, 12.235627186479315
-2.4893058209648906, 12.115191670129802
-2.4026689456866404, 11.991922821585034
-2.31492055817517, 11.865955203584218
-2.2261900095496205, 11.737504900883597
-2.136759611648089, 11.606678810598838
-2.046669823671127, 11.473728134900668
-1.9566113009370816, 11.33843192881389
-1.8662164106560961, 11.201269330367046
-1.7758751676436328, 11.062204138599004
-1.685590971828783, 10.921483669609382
-1.5957350489623874, 10.779085627264815
-1.5061107457982428, 10.635287540865761
-1.4169982354465782, 10.490105714042311
-1.3284263252958577, 10.343643353400429
-1.2404489629076012, 10.196010794912354
-1.153001074646946, 10.047324345988867
-1.066050672630796, 9.897626059943406
-0.9796024963947035, 9.747073489756412
-0.8937548625521484, 9.595841902091674
-0.8083198939338084, 9.4440752000208
-0.7236485139116006, 9.291446939685487
-0.6399111636470077, 9.138110280311238
-0.5570608310534468, 8.984224789821427
-0.4748264947405911, 8.829867147905372
-0.3929443613681718, 8.675241268564902
-0.31165882811007933, 8.520265189628521
-0.23090388588324257, 8.36496310836581
-0.15063099528387747, 8.20935728466706
-0.07083588975023401, 8.053455904818595
0.008491991248635117, 7.897282148118975
0.08728826442707804, 7.740825339116401
0.165570671422739, 7.58411437392663
0.24334316457884372, 7.427171868304442
0.3206177843775813, 7.270023957512768
0.39741577939357103, 7.112693652403694
0.47376179053330514, 6.955198568535455
0.5496752336433703, 6.797549802939822
0.6251715582251385, 6.639752910625166
0.7002573331520127, 6.481803953766286
0.7749774119071674, 6.323711300092843
0.8493574965161022, 6.165473795895205
0.9234123025991544, 6.007084181037834
0.9971609240634618, 5.848537667387722
1.0706258426305868, 5.689835594735174
1.143823839433864, 5.530978381800477
1.2167756424709093, 5.371971130501091
1.2895102157548002, 5.212827355604289
1.3620291516055891, 5.053551790990952
1.4343451066208983, 4.894155388301421
1.5064684082019846, 4.734648771203594
1.5784112845991551, 4.575044980658296
1.650178089511869, 4.415354129572446
1.7217761193793606, 4.255587827303616
1.7932235647459767, 4.0957612127845415
1.8645328837604462, 3.935885068322858
1.9357226341556872, 3.775971699588431
2.006830058595422, 3.6160393786118314
2.0778362496383416, 3.4560799000080444
2.1488037439782057, 3.296120113009236
2.2196954624289074, 3.136142282012742
2.29058346984467, 2.9761764630770653
2.3614589323329005, 2.8162155061426546
2.4323080095337106, 2.6562497222939543
2.5031819606070425, 2.4962996365515164
2.574106507456201, 2.336373663696817
2.6451285336005252, 2.1764890699536203
2.716204075949819, 2.0166230290442693
2.7873771778212824, 1.8567920003623621
2.8586521279010215, 1.6969955975687405
2.9300261243658605, 1.5372321840509073
3.0016694383726197, 1.3775788783711584
3.073511864333794, 1.2180054978251686
3.1454869882195786, 1.0584835728743793
3.2177166776938084, 0.8990701379362482
3.2902127871894007, 0.73977267007974
3.3629890172686085, 0.5805995690925715
3.4361048335879683, 0.4215807236433169
3.5094489566747935, 0.2626672919901608
3.583145382207796, 0.10391896155863489
3.6570556990878442, -0.05472619279463589
3.7314132859018097, -0.2131569018623883
3.806126026748798, -0.3714151029466596
3.88128013480559, -0.5294587906261768
3.9569319403001746, -0.687259712022908
4.033121628463544, -0.8447971595428831
4.1098655793288135, -1.0020617739427753
4.187343554073087, -1.1589639398894998
4.265525805061823, -1.3155159056530257
4.344351333327279, -1.4717459881503097
4.423821552809497, -1.627651293656762
4.504277799827429, -1.7830528620875914
4.585519655468273, -1.9380481957398046
4.66769690964986, -2.092552319514308
4.750791176458691, -2.2465671299177603
4.835074606584043, -2.3999353808106063
4.920367748043816, -2.5527444185285084
5.006757173715963, -2.704935346136016
5.094388604524044, -2.8564127998151014
5.183293152825581, -3.0071443198837984
5.273708972485986, -3.1569720004118373
5.365827921898285, -3.3057588799099524
5.459798821384815, -3.4533845508761596
5.555574303080434, -3.5998477493596996
5.6538499123359625, -3.7446476643294737
5.753874758440195, -3.8882455735839496
5.855965462123653, -4.030381152982675
5.960561909873672, -4.17068369546797
6.067477441741468, -4.309228033141223
6.176871382032474, -4.44582316876723
6.289280206846279, -4.579948066391426
6.404615704212332, -4.711564542079371
6.522799297075261, -4.840628205521568
6.644073566697186, -4.966789493009983
6.768366185480207, -5.089975033186767
6.895952803098776, -5.209741388016238
7.026718606480571, -5.326024161027273
7.160731917776129, -5.438545442669627
7.298035260857212, -5.547024901670726
7.438474727979187, -5.651410520057614
7.582129861815058, -5.751323409709183
7.728862817472889, -5.846658808276789
7.8785413106349385, -5.937300229818579
8.030997684862218, -6.023188347346211
8.186331717684126, -6.103756694583233
8.344353872391498, -6.178918271438058
8.50476557289351, -6.248838601561024
8.667565720829785, -6.313003876586565
8.832499552899113, -6.371467945860733
8.999486116708315, -6.423782395894821
9.168439500999565, -6.469348132658768
9.339013516310963, -6.508423129736337
9.510983427214622, -6.5408213572006835
9.684129030049254, -6.566205840680261
9.858551134004852, -6.580352208446977
10.033404091137552, -6.587437161666064
10.208400754602586, -6.587220203118072
10.383242025692201, -6.579847981533442
10.557599021583167, -6.564907331585503
10.731341427922981, -6.54399911096654
10.90418752519516, -6.51665446342835
11.075961852471771, -6.48322597749101
11.246690421057913, -6.444809573176575
11.416263318101315, -6.401579973126814
11.584610506404267, -6.3538038522348605
11.751732784145023, -6.301906474511644
11.917715144564749, -6.2464681627858685
12.082585306801896, -6.187800468370645
12.24632367030287, -6.126039729166232
12.408978839167826, -6.061475521468534
12.570574658617833, -5.994300470535127
12.731172966502331, -5.924772413111127
12.890804617611366, -5.853052302596781
13.049542239660864, -5.779375206421508
13.207394218346755, -5.703820704698524
13.36438483486551, -5.626494010580725
13.520547281759523, -5.547509809827838
13.675885215737123, -5.466917519383241
13.830449088873493, -5.384851470217467
13.984230483679575, -5.301328951327641
14.137249822072462, -5.21641838191292
14.289482607656963, -5.13010509906219
14.44103149748714, -5.042595836507998
14.591840411514037, -4.953816721266767
14.741873277559073, -4.863731491450258
14.891134877910407, -4.772373085547309
15.039620882959468, -4.679758573793232
15.187299865417277, -4.585861849539059
15.334145868166747, -4.490666961785738
15.480177760510472, -4.394226928051742
15.625495204767024, -4.296714256118113
15.769919254532144, -4.197887257094687
15.913629160681355, -4.0980274696766195
16.056612879280085, -3.997130889665843
16.19889789189469, -3.895251876092539
16.340510470500455, -3.7924408521489816
16.481457319803138, -3.6887193929013495
16.62192836449546, -3.584355413860384
16.76205659513825, -3.4795324670896206
16.901948311924926, -3.3743937563918505
17.041751891832202, -3.269137175319721
17.181583135126125, -3.1639163989883947
17.321443419841195, -3.058732713697684
17.461507739203288, -2.9538189949902605
17.601926425431444, -2.8493782269096286
17.74281399374307, -2.745569923919771
17.884213731054075, -2.642459989937642
18.02632818788596, -2.5403375062618587
18.169005563656274, -2.43900392985458
18.312338590936168, -2.338601757338616
18.456375764421885, -2.2392145671435677
18.60114704599569, -2.140900488787252
18.746774532455525, -2.043859180932536
18.893222278092132, -1.9480599185587886
19.040595940046753, -1.853691269227805
19.188849394656213, -1.7607108500533712
19.338010053160367, -1.6691907186202415
19.488067550878586, -1.5791477036361308
19.63914234105062, -1.4908230067623467
19.79123315315979, -1.4042596016811286
19.94428595605832, -1.319409384466809
20.098277167429476, -1.2362754972112595
20.253188980835855, -1.1548714991020006
20.40907819631651, -1.07535670893995
20.565950377077243, -0.997800405877709
20.723764355294758, -0.922179290592485
20.88257265769633, -0.8486693533794275
21.042405339786935, -0.7774142397389615
21.203170923692454, -0.7082892610434977
21.364907581247756, -0.641467906899501
21.527545263595965, -0.576869567023214
21.691091697928083, -0.5146067064107925
21.85548936571262, -0.4546264434808059
22.02073899497103, -0.397034489883601
22.186868563038942, -0.3420327843286664
22.353784229210675, -0.2894661044131458
22.52150881345583, -0.23954113708226157
22.68998927741293, -0.19222844591696403
22.859186146454054, -0.14754397500472355
23.02906799410827, -0.10553788556563261
23.199591205215196, -0.06621602745305394
23.370734246443646, -0.02968641412740769
23.5424450622664, 0.004073439532941481
23.71468540754356, 0.035018240295454445
23.887410246754666, 0.06313330480578344
24.060572880998137, 0.08841308241145826
24.23412619040421, 0.11085542255711058
24.408023074789202, 0.1304591372846251
24.58221650938739, 0.14722421120130144
24.756659558764415, 0.16115271297412456
24.93130547931799, 0.17224904601131738
25.10610782227089, 0.1805202789581766
25.28102056691691, 0.18597608906161203
25.455998236118173, 0.18862916876078792
25.63099603523148, 0.18846830889315103
25.805970008932313, 0.18556667796483942
25.980875117139252, 0.179849443485154
26.15566996668637, 0.17138910727664283
26.330313587941262, 0.1602207772030468
26.50476203166867, 0.14633260740242
26.67897269277584, 0.12972647609155677
26.85292259509117, 0.11058133242276835
27.026573373911724, 0.088890969503334
27.199890232293946, 0.06467461221151066
27.372860376219933, 0.03809735018496516
27.54544812690126, 0.009144440143958356
27.717624408294686, -0.022161744812612356
27.889362921165162, -0.055786464197593325
28.060659119257448, -0.09159570674728425
28.231506912858237, -0.12948827905877663
28.401860659474817, -0.1695462656656922
28.57169845232654, -0.21173925171365748
28.741012631587523, -0.2559870611994091
28.9098004937337, -0.30220273214473725
29.07802490411207, -0.3504302636185591
29.24566604817424, -0.40064870527313234
29.412733350431235, -0.45274493896279644
29.579191589037766, -0.5067556028999225
29.74501788446895, -0.5626760105157479
29.910218830473585, -0.6204170676230163
30.074760081564257, -0.680011216388988
30.238618489344542, -0.7414571571161876
30.40178725828611, -0.8047116285519444
30.564245515879822, -0.8697701387902508
30.7260218122824, -0.9365068809779566
30.887076903389225, -1.0049655807701976
31.047387403034524, -1.0751499697409779
31.20695764038688, -1.1470010776108865
31.36576954599764, -1.2205123360397883
31.523846015372946, -1.2955909461681283
31.681159456881836, -1.3722541194693627
31.837733802736302, -1.4504141865524278
31.99352153070621, -1.5301289154844977
32.14858608330208, -1.6112431271896768
32.302872453033025, -1.693829625326172
32.456381844458754, -1.7778510668137775
32.60913378383059, -1.8632414691837047
32.76112652764507, -1.9499744103464822
32.91235400013326, -2.038034480513579
33.06278215480536, -2.1274538658486364
33.21236174518293, -2.2182858383307025
33.36117099126351, -2.3103746020718243
33.50919120864146, -2.403726385198259
33.65641356788696, -2.4983314463355755
33.802889786550864, -2.594087719947872
33.948598082336915, -2.6910085517990607
34.09347467831087, -2.7891683922606747
34.23753019924325, -2.888529630692635
34.380818709564984, -2.988994292380181
34.52326100002202, -3.0906556697236627
34.6648630270591, -3.1934846893323745
34.80562561186876, -3.2974603178590156
34.94556074831347, -3.4025473118884046
35.08467459985922, -3.5087194009645546
35.22297422880147, -3.6159500650326977
35.36045870640886, -3.724223866776419
35.49714241836668, -3.833506664638672
35.633035735582276, -3.943770538463118
35.76814849933941, -4.054989194885877
35.902490857806725, -4.1671368760950145
36.036026729371564, -4.28024331225578
36.168781225279446, -4.394265594065783
36.30076466061819, -4.509179360601851
36.43189791744723, -4.625062305479473
36.56222209551287, -4.7418545226717175
36.69175463023158, -4.859524399052363
36.82052094376523, -4.978032731391308
36.948473275613196, -5.097420112639636
37.075643815794926, -5.217640680916204
37.202055205014126, -5.338659900672816
37.32772680328236, -5.460447573529731
37.452614367217635, -5.583039208083225
37.57675958072034, -5.706382398073852
37.700178550537736, -5.830451882507011
37.8228941438628, -5.955216494621229
37.94487420557756, -6.08069956226816
38.06614976034724, -6.206862908850678
38.18674342419718, -6.333677619754946
38.3066235453735, -6.461166737091384
38.42582200574212, -6.589293383714535
38.544364635656656, -6.718027256916633
38.66222261929612, -6.847388578302488
38.77942513557464, -6.977344466662925
38.89599106778544, -7.1078720592144755
39.011895498007796, -7.238987754626007
39.12716357962581, -7.370663525249956
39.241813927229245, -7.502877703374284
39.355879399456406, -7.635596878272127
39.469337904023426, -7.7688352398844485
39.582189610878785, -7.902587683751041
39.69444551416162, -8.036840258606583
39.806127556914944, -8.171570329372031
39.91726148570366, -8.306752543203299
40.02785094857949, -8.442380293595804
40.13793846797594, -8.578415706885107
40.247550452369, -8.714834443661047
40.35661777117417, -8.851689970062676
40.46522681624596, -8.988910541859397
40.573389617328935, -9.126483015299645
40.68116720810027, -9.264356793152505
40.78859467081933, -9.402502672524406
40.895705826142596, -9.540893515322171
41.00248814541099, -9.679537457358864
41.10897911920134, -9.818404654119853
41.21520986549255, -9.957472199705029
41.321205126769904, -10.096720651183162
41.42701444060751, -10.236109319525482
41.53262410869599, -10.375648082905812
41.63810244685204, -10.515286979823657
41.74343972893557, -10.655031869490342
41.84863198553041, -10.794885215719509
41.95376558322956, -10.934783317328518
42.058790823985994, -11.074763810594275
42.163741485473246, -11.21480114506717
42.268617697260325, -11.354894826186529
42.37342539035766, -11.495040117197744
42.47819437923126, -11.635215313786317
42.58297370791389, -11.77538362112337
42.68773156893588, -11.915567543510935
42.79251943552569, -12.05572691826096
42.897337135603635, -12.195862296832848
43.00217268045782, -12.335984320937161
43.107008089521756, -12.476106326082899
43.21180394857948, -12.616257410522126
43.3166486604367, -12.756373003818887
43.42159426336944, -12.896414774948717
43.52662393171795, -13.036393231332706
43.63178023463428, -13.17627634671409
43.73714158021687, -13.316004514620413
43.84267988780621, -13.455598990650799
43.94843889749464, -13.595025653067808
44.054405375316115, -13.734293613906935
44.16067936215017, -13.873326861804744
44.26720746403958, -14.012165851978196
44.37399310189926, -14.15080714207771
44.48111490261089, -14.289189544231766
44.58855669636013, -14.427323874715366
44.696372030315906, -14.565166320366917
44.804568934817205, -14.702709784406066
44.913174809553865, -14.83993101734921
45.021985539052665, -14.976989714649216
45.13123814573044, -15.113695800874389
45.24100520248583, -15.249989410707792
45.35126896792074, -15.38588166747507
45.462008733237774, -15.521386422833396
45.573156797849784, -15.656556720183795
45.68474687760185, -15.791362339356716
45.79700027842468, -15.925615792850051
45.90990301293168, -16.059323174944687
46.02353685288136, -16.192409180967395
46.137863273296624, -16.324899972198914
46.25303128932519, -16.456658977231033
46.369007538894884, -16.58770624090226
46.48573638654243, -16.71808293542485
46.603522969998316, -16.847504585987892
46.72232445803554, -16.97599545158695
46.842301467532096, -17.103389872105588
46.96334741175608, -17.229769730454656
47.085820029121926, -17.354767946384616
47.20957973306417, -17.478492218648253
47.33454105437546, -17.601002682085525
47.460836103357586, -17.722137125426002
47.58869096107364, -17.84162292755652
47.71793591992508, -17.95960246352286
47.848737174925944, -18.075853119486723
47.98103712779664, -18.190394713858606
48.11506728089122, -18.302906468662524
48.25066614388546, -18.413522532873994
48.38785893985991, -18.52215529280088
48.52695998498137, -18.62833376383257
48.668018836015776, -18.7318979159248
48.810789278249814, -18.83309060849177
48.95531459072498, -18.931761337229492
49.10173178921342, -19.027602353026104
49.25013581745554, -19.120337125191618
49.40030542949686, -19.21018482517989
49.5523577980035, -19.296807810975636
49.70624012199271, -19.38013621905719
49.86186999538135, -19.460152972351242
50.0191792846003, -19.536815011456397
50.17816334731827, -19.609940164527266
50.33895748162556, -19.67899413562663
50.501322428762464, -19.74427097601749
50.6652385705084, -19.805549574433357
50.830559587561524, -19.862927377034815
50.99724213263107, -19.916220315802242
51.16517493653417, -19.965434948278162
51.33427574529893, -20.01046998333818
51.50447758325779, -20.051146966195375
51.67566242127124, -20.087471004146014
51.84776381051603, -20.119174801203847
52.02068558519879, -20.146060405684942
52.194271524137, -20.168271919064733
52.36838669180882, -20.185860888710636
52.542904523431375, -20.198844213227183
52.71770329864729, -20.207221405096526
52.89265932790886, -20.211110954699212
53.06765689011038, -20.210434603336545
53.24258140324519, -20.20534840837689
53.41732231387289, -20.195875632784134
53.59178688915389, -20.182248021967997
53.76586855354834, -20.16439970518737
53.93949174639791, -20.14254002445031
54.112579696606005, -20.11677437783328
54.2851017362709, -20.087446776756902
54.45695940704299, -20.054440204885104
54.62814253028031, -20.01809112266603
54.79861615069376, -19.978545123733888
54.96833656242164, -19.935881322713023
55.13728911280349, -19.890271582965084
55.30541405787626, -19.84170391117553
55.4727210137367, -19.790392614825098
55.63921407091208, -19.736497766835228
55.80486133026416, -19.68005476098804
55.9696344927118, -19.62110698681897
56.1335712326081, -19.55987062459816
56.29665912500868, -19.49640826022017
56.45891105808489, -19.430838564804574
56.62028968001356, -19.363149511202415
56.78083599984747, -19.29351184047793
56.94056730341095, -19.22202497476971
57.09944352278919, -19.14865699930322
57.257488848737275, -19.07351512425809
57.41466782095224, -18.996576376004047
57.57101852377525, -18.917967815589755
57.72650462877833, -18.837661137519255
57.881129782721295, -18.755707842178474
58.03487968416928, -18.672124595399886
58.187791507692864, -18.587017426449506
58.339914404131534, -18.50050676501743
58.49119976037304, -18.41253827313643
58.641697454757974, -18.323228940284878
58.79129763826551, -18.232426946019704
58.940101130032026, -18.140326575415173
59.088081819627, -18.046908276481034
59.23527930342216, -17.952259590066202
59.38173143907725, -17.8564616782578
59.5274364344807, -17.759531965622894
59.67239244791279, -17.66148690420524
59.81669078156862, -17.562476914778873
59.960326327565305, -17.4625080302782
60.10331734831063, -17.361619828035344
60.24568484629347, -17.25985309479099
60.38745589482083, -17.157256490179613
60.52869339448866, -17.05392608919544
60.669398686348266, -16.94987196620425
60.80963577629778, -16.84518861076682
60.949454667649434, -16.73994763690711
61.08886735344029, -16.634169274297037
61.22791839564859, -16.52791681875938
61.36663660329911, -16.421230594604303
61.50509696229043, -16.31420760518958
61.64329409963386, -16.206843355170406
61.781333518199276, -16.099277351361913
61.919215089555514, -15.991509698896314
62.05694095009749, -15.883543487219995
62.19457360420907, -15.775459131451909
62.332188870615774, -15.667353282310364
62.46986155252238, -15.559325171425632
62.60745417451811, -15.451198233158227
62.74502982493197, -15.343047481252166
62.88259830905684, -15.234885627177572
63.02031322811068, -15.126908087631543
63.15803900017716, -15.018941818153682
63.29577603769049, -14.910987215264907
63.43372682485433, -14.803305328167188
63.571802339358754, -14.695786653898459
63.70988664090798, -14.588281557350019
63.848037926225395, -14.480861169516169
63.98626340394234, -14.373534077462159
64.12456946696078, -14.26630958410506
64.26294273280868, -14.159172089878334
64.40140284811271, -14.052147527352062
64.54017966527863, -13.945534082127347
64.67911024740036, -13.839121467815483
64.81813703702066, -13.73283579430801
64.95726031582043, -13.626677864364794
65.09648283576723, -13.520650793970868
65.23581092490596, -13.41476253034337
65.37520024797762, -13.308955301528803
65.51469477303888, -13.203286795764006
65.65426012051097, -13.097710953092914
65.79395114688349, -12.992303250995286
65.93367072633755, -12.8869353203671
66.07337723685201, -12.781549073315873
66.21303478639874, -12.676097599029609
66.3526140236925, -12.570541356808723
66.49198011401688, -12.464701472746212
66.631125060475, -12.358569832334105
66.77005894577043, -12.252161376038465
66.9088437012218, -12.145557972660773
67.0474425567454, -12.038713500775842
67.18583062170462, -11.931595496370793
67.32398878769528, -11.824180106140608
67.46188751094957, -11.71643321441539
67.59951850715743, -11.608346040079029
67.73686384499521, -11.499897996185725
67.87373626566891, -11.39085459727056
68.01015985039301, -11.281250504415441
68.14608377847098, -11.171027666449906
68.28151959702033, -11.060206419159169
68.41647033599644, -10.94879434790507
68.55090445426745, -10.836757524354203
68.6847170426246, -10.723978994281492
68.81793522566213, -10.610498878096363
68.95055246224783, -10.49631707640184
69.08247997629843, -10.381339091238992
69.21372797303988, -10.265586120778025
69.34428982657793, -10.149059886026365
69.47413074959961, -10.031731110861982
69.60323643390386, -9.913593920189259
69.73158125243344, -9.794630811549528
69.85908023369616, -9.674761693362607
69.9857542096759, -9.554021205020641
70.11156917930592, -9.432385777506266
70.23640385749702, -9.309744666072245
70.36030839794435, -9.186163590827693
70.48313479949225, -9.061511141971604
70.6049018097132, -8.935823082194265
70.72568008556715, -8.809183707456903
70.84529796246842, -8.681447643678212
70.9637741314012, -8.5526524561124
71.08107851169524, -8.422789112481661
71.19711753996658, -8.291793427680412
71.3119222407854, -8.159714843371965
71.42543285356719, -8.026523081683546
71.53757630623024, -7.892178358327615
71.64842979037172, -7.75676695032331
71.75792561701498, -7.620255733527621
71.86603043053852, -7.482640970780382
71.97270809581019, -7.343917243965919
72.07791276037904, -7.204072987845327
72.18161426824649, -7.063110616440954
72.28362008384939, -6.920916663827126
72.3840539161008, -6.777607825908386
72.48303201736731, -6.633289224918357
72.58042733791757, -6.487897839736186
72.67620819582613, -6.341438177904954
72.77032803898537, -6.193905665842511
72.86273966294053, -6.04529749418236
72.9533934997427, -5.8956104687154305
73.0422410997094, -5.744844507816836
73.12920098756888, -5.592982841986386
73.2142348357168, -5.440033443969376
73.29743704605094, -5.28607875515773
73.37870235170412, -5.131092623469854
73.45797946543502, -4.97508035291301
73.53523712217556, -4.81805864541596
73.61026937296006, -4.659961520737088
73.6831280797937, -4.500851447844274
73.75391350029821, -4.340808403193568
73.82251881621413, -4.17981946696164
73.88890754176302, -4.017905189383987
73.95304801436998, -3.8550864916512735
74.01482114013297, -3.6913544223516856
74.07420002040631, -3.5267388241323814
74.13121221096826, -3.3612886687789185
74.1858172789975, -3.195028487712688
74.23787510988664, -3.027953269136942
74.28740248160737, -2.860110426682945
74.33436659169327, -2.69153246106698
74.37859809049571, -2.5222168808087897
74.42013812373732, -2.3522209747377447
74.45895949754106, -2.1815835195003985
74.49504111467301, -2.0103453907665707
74.52835962592188, -1.838549260508499
74.55889480871441, -1.6662371768063808
74.58673634099291, -1.4934699878679762
74.61170750943505, -1.3202645443998593
74.6337523541285, -1.1466615696676246
74.65287917818108, -0.9727129004510857
74.66907445383015, -0.7984664008669061
74.68231227020938, -0.6239701143073132
74.6924495521424, -0.4492656934051001
74.69957815066937, -0.27441070583284477
74.70369830703531, -0.09945787229009337
74.70476917468655, 0.07554095013503409
74.70282882661577, 0.2505319137333905
74.69788508337761, 0.4254623453095179
74.68982938405948, 0.6002764508386746
74.67875107503102, 0.7749246090103766
74.66462688257879, 0.9493533736000859
74.64749111721481, 1.1235121209719685
74.62731165177942, 1.297343213766667
74.60413965103243, 1.4707996731434338
74.57787033134083, 1.6438137057639546
74.54860117981423, 1.8163449240818301
74.51636744877163, 1.9883466391218194
74.48107773974903, 2.1597474509399306
74.44281301335234, 2.3305091733153915
74.401765412322, 2.5006239873671445
74.3579206148744, 2.6700400516447687
74.31132554091178, 2.838721011488549
74.26212232544952, 3.0066603067716615
74.21030084937996, 3.1738106746260115
74.15590100281825, 3.340140083986707
74.09885682585177, 3.505581788156878
74.03924526027528, 3.6701160463415237
73.97713476271977, 3.833723398392158
73.91255216366521, 3.9963707325210716
73.84565950110408, 4.15808146851513
73.77644197578765, 4.318810415333909
73.70493664234692, 4.478534187093271
73.63112661922156, 4.637205705601817
73.55519420257014, 4.7948721708447914
73.47712916713358, 4.951493394156816
73.39696418403535, 5.107050029315043
73.31472900025172, 5.261522355800819
73.23045393283381, 5.4148915437692455
73.14427548256903, 5.567199789783509
73.05616210006677, 5.718397229080777
72.96615267871097, 5.868474107767091
72.87427264328109, 6.017413456819501
72.78051994868785, 6.1651815939407415
72.68494003406676, 6.311774665263881
72.5876588282383, 6.457244452399104
72.48866478736429, 6.601553972419091
72.38798001333812, 6.744688831212056
72.2855685765377, 6.886594343381254
72.18143814153538, 7.027242714951805
72.07573224486877, 7.166709186547893
71.96837865773655, 7.304910156058958
71.85938871460307, 7.441825176742479
71.748788755215, 7.577445202690497
71.63668720167902, 7.711828450619229
71.52319347085641, 7.8450370999945145
71.40831869290727, 7.977055629039157
71.29206867409442, 8.107866222027203
71.17450502424335, 8.237498670780848
71.05565963788115, 8.365956177202682
70.93551291088492, 8.493196756095804
70.81424800838269, 8.619371764678895
70.69187889968978, 8.744475644968093
70.56843381891511, 8.868517319727607
70.44394006939885, 8.99150610289834
70.31833755117668, 9.113363419607511
70.19172009407275, 9.234166268634493
70.06405992651092, 9.353865090251903
69.93550446620418, 9.472600734420924
69.80603094729406, 9.590335526900384
69.67571583115699, 9.707138967889627
69.54453035251967, 9.822963361458271
69.4125651683032, 9.937898138480653
69.27979356517613, 10.051901219376731
69.14634012812675, 10.165106157183114
69.012196539484, 10.277492314937367
68.87738538008146, 10.389075558514586
68.7420591029144, 10.500033186384051
68.60628975234152, 10.610448934845614
68.47011397712103, 10.720363107115125
68.33353668746773, 10.829777339387189
68.19657619436477, 10.938711678810341
68.05932335486953, 11.047278397472578
67.92176587214956, 11.155457720377996
67.78401130287273, 11.263384864894816
67.64615434896056, 11.371181525743845
67.50821927178815, 11.478878686898208
67.3702760589555, 11.586565796933186
67.23234288252463, 11.694265733164164
67.09447545880074, 11.802049988079782
66.9567160958229, 11.909972867938535
66.81910529379789, 12.018085073064233
66.68161552205534, 12.126350130461052
66.54433979744474, 12.234885848210348
66.40730955585384, 12.343731452988589
66.27057827903884, 12.452951872570097
66.13426894417262, 12.562697853860362
65.99844416414125, 12.673042978410637
65.86307852179677, 12.783951373651442
65.72829732957628, 12.89556992382363
65.59406052715097, 13.007844017641604
65.46040040602348, 13.120804598545641
65.32733334983584, 13.234462266273944
65.19488099277632, 13.34883523301179
65.06309222103496, 13.4639718826782
64.93190605417017, 13.579792336782972
64.80141192141167, 13.696389390170827
64.671767344468, 13.813930165727845
64.54305648590999, 13.932494079004972
64.41529167760244, 14.052078629993318
64.28850537653832, 14.17270112168299
64.16274310060265, 14.294392835663094
64.0379816989033, 14.417112237628546
63.9143318347447, 14.540951906403413
63.7917523156861, 14.66585114159208
63.670323452460735, 14.791869080668263
63.55012334342254, 14.919059791767978
63.431029077225126, 15.047286300208917
63.31320300064139, 15.176678428921718
63.196621939626574, 15.307192567431176
63.08170337078374, 15.439170481526094
62.9680274773469, 15.5722185003305
62.85569785173943, 15.706404886996372
62.74475328235719, 15.841738622178694
62.63507128690271, 15.978097973101105
62.5266256808897, 16.115443212164223
62.41952648266191, 16.253842014381142
62.31380991340212, 16.393302530941522
62.20936112314427, 16.53371649293815
62.106238039227435, 16.675106983169517
62.004533232174985, 16.81752138357344
61.90403106657031, 16.960786534322626
61.804940833476216, 17.105029579992564
61.70719897501486, 17.250187932254516
61.610760304150894, 17.39621563073871
61.515695913773826, 17.543141609553896
61.42192805210767, 17.690898360533886
61.3294865197468, 17.83948938475345
61.23831303418279, 17.988862500138897
61.1485132634341, 18.13906580506034
61.05998524733067, 18.29002321786129
60.972684348383204, 18.441694732316762
60.886687843381424, 18.59410994168305
60.80194203140727, 18.747223878738513
60.7183304636501, 18.900959715122237
60.63579239399956, 19.055273689739103
60.554324182720556, 19.210154004557225
60.473899816544055, 19.365578090665398
60.39444340898523, 19.521498960545212
60.3159387691053, 19.67790081603526
60.23843414157935, 19.834800202058574
60.16198074237203, 19.99221610560841
60.08650358160321, 20.15010395220219
60.01187116451722, 20.308392979748074
59.93813846024529, 20.467102944630245
59.8651118692237, 20.626138293371927
59.79298328190367, 20.785582072562548
59.721602166350195, 20.945360874031856
59.65105621962903, 21.105509647331207
59.581248018066795, 21.265980898447033
59.51224358878273, 21.42679932683841
59.44399288775266, 21.58793917864124
59.37648281274585, 21.749391136029303
59.30968843821389, 21.91114074350255
59.24357925968332, 22.07317189181096
59.17809677781242, 22.235458763746355
59.113340477115024, 22.39803646330593
59.04918065122027, 22.56084998886517
58.98557401058268, 22.723881651849652
58.922489730539695, 22.887116813614572
58.85992636428672, 23.050552609443855
58.797857341600526, 23.214176438939674
58.73629414025124, 23.377990600554853
58.67514501328776, 23.541960401317844
58.61435075700591, 23.706062575783964
58.553948219526276, 23.870308829133243
58.493915429820916, 24.03468994988194
58.434188741387416, 24.199182728415476
58.37484021573114, 24.363813002895963
58.31579956138919, 24.528553776722557
58.25704827594278, 24.69339701173946
58.198560740499204, 24.858333434845576
58.140307604812925, 25.023351834013784
58.0823104609976, 25.188459679911187
58.02453289609977, 25.35364499923038
57.966947900390956, 25.518896945508367
57.9095744540125, 25.68422213499796
57.85234423097134, 25.849598131493767
57.79523832921253, 26.015017679681947
57.73828927142893, 26.180493294406364
57.68142916382277, 26.346000501694068
57.62468707770427, 26.51154831394949
57.568063631561174, 26.677137471716588
57.511518759465645, 26.842752637055455
57.45503274998696, 27.00838712868076
57.39859869003183, 27.174040267839885
57.34220200421994, 27.339706622423073
57.285807561538384, 27.50537273795137
57.22939526652525, 27.671031428301855
57.17298136563785, 27.836688252642155
57.116523683645134, 28.002328752810513
57.05999744487011, 28.16794457245626
57.00340005499373, 28.333535637349613
56.946740623937146, 28.49910621201126
56.88995438072448, 28.66463469684785
56.833132998415984, 28.83015274901568
56.7761946016133, 28.99563172819933
56.71915977868087, 29.16107859923411
56.661979765388246, 29.326476035124696
56.60464770305746, 29.4918213450124
56.54713765398329, 29.657104842979397
56.48943665738433, 29.822320531068453
56.43153184873462, 29.987463772372976
56.37341650190619, 30.15253255332961
56.315063947415645, 30.317517184870734
56.256587281525526, 30.482457435575025
56.19787620225707, 30.64731406829104
56.1389569865105, 30.81209629611135
56.0797747667201, 30.976784218506783
56.020377688100304, 31.14139486115396
55.960689231490875, 31.30590046329206
55.900698425235305, 31.470296206513282
55.84035000484956, 31.63456043076039
55.77961744093636, 31.79868226885317
55.71849602143463, 31.96265964422514
55.65701866601718, 32.126504623690245
55.59508036650554, 32.290176994357275
55.532587267159045, 32.453638916538395
55.46955095036773, 32.61689196580479
55.40601604500214, 32.77995094969581
55.34203184698496, 32.94283413833511
55.27745997322548, 33.10548520663544
55.21217183857148, 33.2678499920724
55.14621461665543, 33.4299440919374
55.07960400376042, 33.59177057972456
55.012230978658984, 33.753280202042006
54.944250240599665, 33.91453442456876
54.8754792250611, 34.075453814043506
54.80590340436921, 34.236027312093846
54.73545460877814, 34.39621905757382
54.664230710469894, 34.556065547837726
54.59209933277762, 34.715503435821404
54.51872567754292, 34.87437542186911
54.444207888230466, 35.03271553440914
54.36848437831342, 35.19048126755742
54.29116737678964, 35.347470033455686
54.21273867717649, 35.50390539854851
54.13293010679614, 35.65964054657462
54.05132376204509, 35.814439846310556
53.96812644804967, 35.968390112008855
53.882755814430276, 36.121146944218275
53.79553306358935, 36.272854859944324
53.706277740348526, 36.42337711217352
53.61492832608605, 36.57263745020423
53.52143670589055, 36.72056465988391
53.42499311539188, 36.8665838595136
53.32622893386746, 37.01104330159862
53.22467158312096, 37.15355269573969
53.11991762969066, 37.29372740142869
53.01234814741381, 37.43174949740255
52.90131695575572, 37.56699833385088
52.787325161403146, 37.699759803356336
52.670104152338716, 37.82967898355926
52.54907722148001, 37.95606193184816
52.42478595087461, 38.07923877569528
52.29693151831721, 38.1987149706076
52.16561413653486, 38.31437559177237
52.030759848506605, 38.425892807985825
51.892331725830054, 38.53294174940641
51.75032865907293, 38.63520087396851
51.60485644846469, 38.73246116005506
51.45622309018012, 38.824818149616995
51.304345950329854, 38.91173677842788
51.14943233164165, 38.993119379082074
50.991677155095346, 39.068846396286425
50.83109709615792, 39.13838228424497
50.667974574871494, 39.201724070265776
50.502504940221115, 39.25865418970469
50.33476859827715, 39.30851458735007
50.16513654914989, 39.35148752729775
49.99377811997147, 39.38695305954843
49.820758952545184, 39.41314458506187
49.64629857607203, 39.42677036603954
49.47138414798924, 39.432180293626864
49.296413309522556, 39.42890717415254
49.122104346685205, 39.41338652396789
48.94859623751413, 39.39059168120635
48.77630192866107, 39.35995617227728
48.60544187657978, 39.322143168979196
48.43598375944841, 39.27847837576905
48.26810821618045, 39.22908379671965
48.101934716049364, 39.174241128091104
47.93738927849955, 39.11469257654519
47.77441581491325, 39.050966620189904
47.61297496646374, 38.98345110988182
47.453102554657136, 38.91230044327139
47.294691736860905, 38.83795025925079
47.13779457942683, 38.7604530570768
46.98223165398468, 38.68030631709233
46.82790731464535, 38.59779472049376
46.67480175989711, 38.513037863438335
46.522997967305876, 38.42596748638666
46.37227306922346, 38.3370416493944
46.222658194542916, 38.246262361213596
46.074148533033444, 38.153687030518356
45.92663518396196, 38.05953013882398
45.78014853209294, 37.96378272460313
45.63462464130254, 37.86658073503975
45.49009570231369, 37.76790759340956
45.34653861394256, 37.66782508171672
45.20397616245331, 37.5663300686348
45.062399841667634, 37.46346494594893
44.92181632537855, 37.35924699137438
44.78217859798425, 37.25376312303023
44.643502277433036, 37.14701792889687
44.505829130779745, 37.03898346283284
44.36915784020172, 36.92968632049669
44.23350241311598, 36.819132186379896
44.09890592095273, 36.7072918429861
43.96532162657739, 36.59424407503008
43.83268049631468, 36.48008883500136
43.70096990236127, 36.36485930218572
43.5703020697593, 36.248448840250624
43.44062122510814, 36.130940193934364
43.31199094011884, 36.012281875082515
43.18444873227211, 35.892452883378006
43.05780168880168, 35.77167781872068
42.93200769544665, 35.65001613574742
42.80724285254382, 35.52730050716517
42.68348779389771, 35.40356934206214
42.56051118521707, 35.279065319518196
42.43817606939923, 35.15392982475448
42.31643737256373, 35.028214717012865
42.19523746927456, 34.90198093552045
42.074497051342, 34.77530676355038
41.95414739937934, 34.64826010829605
41.833995798750664, 34.521025829199935
41.714018758227084, 34.393626843742275
41.594146884625104, 34.266128473627795
41.47418966973465, 34.138709445769095
41.354165290570755, 34.011354208191705
41.23405445419414, 33.88408191088718
41.11367711667562, 33.757061917591855
40.993058695263095, 33.63027052164727
40.87211912535216, 33.503785590811894
40.75077910949212, 33.377685166492626
40.62927570954586, 33.25174417836196
40.50732373471829, 33.12623846321438
40.38488113338015, 33.001209905159115
40.261949164862095, 32.87666178501798
40.13846592037357, 32.75266047442113
40.01438738563329, 32.62925504554331
39.88970233946165, 32.50646171670865
39.76474147676928, 32.38394801440701
39.639097273943094, 32.26213451804873
39.51291380946045, 32.14088043982688
39.38594657386249, 32.02044883670839
39.258145675589056, 31.90090277939267
39.1296290008878, 31.782125109796585
39.00015125475719, 31.664395687845477
38.86972272654895, 31.547722609879596
38.73800534007286, 31.432507323774104
38.60538693002636, 31.31833038629085
38.47177515885312, 31.205319080075075
38.33701156581158, 31.093684997765045
38.20158734675086, 30.982852808032835
38.06507336690288, 30.873366105112364
37.92706746493053, 30.765767185632882
37.787731456908126, 30.659897780438044
37.64703344864533, 30.555847140214986
37.50492484129789, 30.453731355086752
37.361288282301565, 30.35377349790652
37.216149992860764, 30.25600692883859
37.06951096910243, 30.160506345677558
36.92107183121121, 30.06783015833083
36.771125011116744, 29.97761417571335
36.61964990579881, 29.88998767971958
36.46629252645645, 29.80569831436318
36.31131496080053, 29.72442784214748
36.15464209046739, 29.64647765625264
35.996317355627035, 29.571938767396567
35.836338762850865, 29.501018463648045
35.674686203986, 29.434000367159634
35.51143121445438, 29.370984333624918
35.34668242135566, 29.31198091082113
35.1805075435158, 29.257120383447145
35.01288319987367, 29.20686602184757
34.84398025072795, 29.161096405414998
34.67383930169335, 29.120170542959222
34.50269174003133, 29.083679671961324
34.33058472810014, 29.05201945200935
34.157582191869565, 29.02569661702606
33.98386929205893, 29.004585315890036
33.80962363961835, 28.988465893966865
33.63497269872052, 28.977590389341096
33.46007441174091, 28.971926041497618
33.28508191080308, 28.97184996972025
33.11015977179427, 28.976915741228765
32.93546973392772, 28.987303954983588
32.76117984518566, 29.003076138816848
32.58740870440723, 29.023812733755193
32.41437902640344, 29.05001992879665
32.24222647477688, 29.08147509447518
32.07099819390776, 29.117619402476073
31.90100554613895, 29.159175400648152
31.732163247562884, 29.205172310967956
31.56455798157073, 29.255481486695682
31.3982280911721, 29.309853709490348
31.233219140870084, 29.368110994723235
31.06958128961049, 29.43011678191533
30.90742342267259, 29.49589729497334
30.74672931461006, 29.565182477701295
30.587484631940907, 29.637745395880717
30.42968634046231, 29.71340824185799
30.273345161888468, 29.792041630350496
30.118482287497763, 29.873551014974957
29.965073645534865, 29.957766059136357
29.81315677089052, 30.044641137798543
29.66262667392047, 30.13389468860363
29.513559611008677, 30.225568423515647
29.365859835430086, 30.319428836605887
29.21958702788326, 30.415497244968094
29.074636667428745, 30.51354896286716
28.93103783772042, 30.61356995584243
28.788880097260627, 30.715629434656233
28.648047991229255, 30.81951106333996
28.508562056942996, 30.92519371911346
28.3703791001354, 31.03257400002951
28.233441812010952, 31.14153732659716
28.098056787987932, 31.2524221644765
27.963869215740566, 31.364753255101192
27.830982459107393, 31.478621529278023
27.699419905247478, 31.59401779242956
27.569011591385493, 31.710716580488462
27.439843617859406, 31.828786247326875
27.311887027327472, 31.94816860439792
27.185100000575446, 32.06879387794276
27.059586470276418, 32.19074418491039
26.935256830990404, 32.3139017183593
26.81203679572962, 32.43817007366631
26.689977388459873, 32.563578375417066
26.56910509489096, 32.69012982900119
26.449349078018997, 32.81773697371977
26.330633686025127, 32.94631280357844
26.212968405327928, 33.075850484422155
26.09641933656497, 33.206393595199586
25.980866413580152, 33.33781910553339
25.866446024717128, 33.47023096570281
25.753062587685463, 33.60353063320675
25.640596746540293, 33.737605130170735
25.528939875330607, 33.872354847250996
25.418010418127995, 34.00770502137899
25.307796473876802, 34.14363904516573
25.19822678657231, 34.28009261628871
25.08925450376617, 34.417023937594
24.980854563087007, 34.554408974386085
24.87299508897309, 34.69221882671756
24.765606648319753, 34.830396334263966
24.65864839968192, 34.968907306102224
24.552061651393004, 35.10770415679855
24.445770236980273, 35.24672692225115
24.33976877091742, 35.385969896615485
24.234026941943025, 35.525409088537515
24.128504576472398, 35.665014706250645
24.023174211095203, 35.80476578729154
23.917946916556357, 35.94459462987478
23.812836821750764, 36.08451103182305
23.70786569476536, 36.22453121809933
23.602934572823774, 36.36458182409932
23.49811525362872, 36.50471563695157
23.39335771225765, 36.64489529062239
23.28862316742097, 36.785093050292474
23.183918696771094, 36.925312886361574
23.07921318462772, 37.06553247662815
22.974514647641335, 37.20575876549094
22.869798165970412, 37.34597245342522
22.76505290906338, 37.48616545128835
22.660272538180276, 37.626332273825724
22.55546166580568, 37.766475427531304
22.45059147398735, 37.90657340261142
22.345688631656056, 38.046645514493015
22.24071513277872, 38.18666378977453
22.135670972372864, 38.32662957105438
22.030532656124198, 38.46652487399183
21.92529478792862, 38.60634492125088
21.819922147385952, 38.746063316134006
21.71443599534543, 38.88569571017949
21.60880203517562, 39.02521640149252
21.503003957792554, 39.1646137696374
21.397064365283242, 39.303904322616646
21.29097180579497, 39.44307831917378
21.184701530860014, 39.582116372820806
21.078174947738688, 39.720958116997885
20.971436807000728, 39.85963814172277
20.864459581274936, 39.99813443709553
20.757239898475884, 40.13644350052683
20.649657786586257, 40.27447098269385
20.541735978581947, 40.4122329799841
20.433454169209156, 40.54971193938907
20.324829529864925, 40.686918881570286
20.215874910080977, 40.8238629469526
20.106593684193605, 40.96054608418796
19.99696611134425, 41.09695055078991
19.88699146873792, 41.233074657695624
19.776690383314392, 41.368933952356926
19.665942981537757, 41.50442907496842
19.554748292108176, 41.63955782812393
19.44315282266502, 41.774357148263825
19.331131173444717, 41.908804010246364
19.218727738151653, 42.04293295579049
19.105747870043682, 42.176576928440426
18.99225983010457, 42.30978979718082
18.878199936373143, 42.44251324109461
18.763601304414628, 42.574771601083654
18.64839843514873, 42.70650360376223
18.532574323875476, 42.83768928717469
18.416185143534033, 42.96837433758987
18.29912419397021, 43.09845796155236
18.181455489414805, 43.22799151490556
18.063243450763746, 43.357029346935455
17.944339156177843, 43.485430067799115
17.824850557305126, 43.613286888640026
17.7046892676498, 43.74051104282962
17.58385089469418, 43.86709195272814
17.462244771667585, 43.99293467522017
17.339995653641296, 44.11815292305804
17.217024897509358, 44.242663752143756
17.09329328950069, 44.366418366427006
16.968791665554797, 44.48939811603846
16.84354458284761, 44.61161916207105
16.717368885719775, 44.73288074281023
16.590438836613153, 44.85335279699629
16.4626247868317, 44.972887755268765
16.333865867218385, 45.0914044108227
16.20420249590975, 45.208930252265624
16.073500288616223, 45.325299441468644
15.941890172693348, 45.44063980628312
15.809339877877848, 45.554896636109014
15.675894955817483, 45.66810810302142
15.541511299686224, 45.78020280160379
15.406134742599196, 45.89109494115245
15.269736100180094, 46.00072754863737
15.132240659347644, 46.108982015822434
14.993701008130264, 46.215897624555566
14.85412510997146, 46.32145787343787
14.71347623117004, 46.42558472420305
14.571772589541217, 46.5282722745919
14.429109039497646, 46.62962173924536
14.285355930334305, 46.729418132010046
14.1405054227575, 46.82761515460749
13.994587399635572, 46.924218113548356
13.847598496788105, 47.0191833082419
13.699558011537617, 47.11249974623332
13.550371070401448, 47.20397040028905
13.399894827434725, 47.29330494359697
13.248354860177779, 47.38082382548975
13.095603287836411, 47.46621140408986
12.941740238164234, 47.549579936966765
12.786788310743912, 47.63090720750273
12.630682362392891, 47.709997742528806
12.473349339702146, 47.78661813294327
12.31491087198634, 47.8609254517748
12.155385868376994, 47.93287008695211
11.9947839608427, 48.00237661046495
11.833072574457479, 48.069260388269825
11.670351036926071, 48.13364684805663
11.506593997947656, 48.19535149081052
11.341839277608438, 48.25434004854282
11.176152969433973, 48.31065877722918
11.009543356004826, 48.36418419000687
10.842020980810013, 48.41478078314709
10.673604247758568, 48.462316570661784
10.504385726447264, 48.506912312722974
10.3344012673099, 48.548493770668045
10.163715551234798, 48.58709582374306
9.99236686003161, 48.62264187646372
9.820385878020213, 48.65499437795277
9.647852026667989, 48.684253057370626
9.474762686651134, 48.710025547461115
9.301206481463556, 48.732450202985355
9.127254264330118, 48.75156607781561
8.95296256999641, 48.76729187156652
8.778395722923014, 48.77960885097266
8.603628015920235, 48.78863802595013
8.428721899720554, 48.79438247214519
8.253739035069092, 48.79682505512916
8.078742109536831, 48.795926413851824
7.903795303708196, 48.79166543234669
7.728954913929501, 48.78425885303424
7.5542776832655845, 48.77368891769582
7.3798192575444075, 48.75997432820525
7.2056335924606385, 48.74314452850213
7.031772332582333, 48.72323677823885
6.858272231021939, 48.7003898259672
6.685182083441627, 48.67461579673485
6.512558274862057, 48.645877479776885
6.340445045140556, 48.61421561020232
6.168860436063649, 48.57980075747721
5.997802131117101, 48.54285957501947
5.827338594672053, 48.503267016489815
5.657475171145558, 48.46117830629711
5.488235011956118, 48.41665354747752
5.319631432651515, 48.36977739227912
5.1517157527115325, 48.32049646311232
4.9844729137814054, 48.26898031318868
4.817958742148324, 48.215156195949895
4.652145970638348, 48.159208553932324
4.4871040005035585, 48.101023134484706
4.3227570275065546, 48.04089893346914
4.159130026564372, 47.97883929090095
3.9962643454455753, 47.91480636703143
3.834140392254868, 47.848916592028125
3.6727745011582544, 47.781190854771786
3.5121274601195647, 47.711777128727235
3.352224300289777, 47.640667245706204
3.193072553692419, 47.5678921300026
3.03466675667701, 47.49350869745445
2.877021936033826, 47.41752690089479
2.7200968020340404, 47.34007102240367
2.5638273224629846, 47.26130158995652
2.408246964657748, 47.18118086182845
2.2533744075025948, 47.09970235378974
2.099146509846649, 47.01700993724157
1.9456014385854115, 46.93305559777196
1.7927464371194566, 46.84785008445619
1.6405494235654403, 46.76147310442139
1.4890191915696351, 46.67393026908043
1.3381240841451394, 46.58529571982925
1.1878890195394074, 46.49554629291285
1.0382787124368462, 46.40475840820366
0.8892707379246275, 46.31298409890868
0.7408656114920631, 46.22023843139019
0.5930363175019134, 46.12657883141786
0.4457949751924257, 46.03199855672578
0.29910669489003283, 45.93656501960992
0.1529436390085, 45.840331398022705
0.007274865889118826, 45.74335250731185
-0.13790873979105575, 45.64564958505718
-0.2826693522767415, 45.54732136524017
-0.42699250954006807, 45.44835188006315
-0.5709390996204288, 45.348835189376494
-0.71451303737519, 45.248781437118346
-0.8577769484755541, 45.148282353145866
-1.000729786386349, 45.04733890305009
-1.1433938639571681, 44.94598581268922
-1.285825117571886, 44.844303987755495
-1.42804852880663, 44.74233024698888
-1.570067655812318, 44.64007330191128
-1.7119187360923571, 44.53758479526812
-1.853586156650634, 44.434843779500504
-1.9951295497003227, 44.33193315411681
-2.136561432370375, 44.22886974742786
-2.2778772087582793, 44.125648287312586
-2.419105629263104, 44.02230763749097
-2.5602603184177175, 43.918866803960775
-2.7013403599728627, 43.815324646877585
-2.8423626775334045, 43.71170347781118
-2.9833085789830984, 43.60797825415836
-3.1242370527244834, 43.504227918853026
-3.265146067369073, 43.40045117018325
-3.406005516936339, 43.296607914833935
-3.546853947811097, 43.19274844742408
-3.6876727450436446, 43.08884798234892
-3.828529159160131, 42.98499938053132
-3.969359793191309, 42.88111658392903
-4.110195395544908, 42.7772401735622
-4.251067766447814, 42.67341387165252
-4.391937163248714, 42.56958389822888
-4.5328197882665, 42.46577178016567
-4.673768116978437, 42.36204825090365
-4.814678296666755, 42.25827223792255
-4.955667854952491, 42.15460366855695
-5.096629841288563, 42.050897662237375
-5.237564638045226, 41.94715551573485
-5.37853486506692, 41.84346286626676
-5.51940755724886, 41.73963843410742
-5.660158921214833, 41.635650593472505
-5.80077019998474, 41.53147454802475
-5.94127752885139, 41.427157567733616
-6.0816137822700185, 41.32260951843466
-6.22176694955037, 41.21781505461831
-6.361713497418008, 41.11274367771583
-6.501404175175202, 41.007331693273656
-6.640834931840662, 40.90157522179899
-6.779986030304181, 40.795451881100995
-6.918825353331701, 40.688922136302416
-7.057330941165287, 40.581959529982825
-7.195557424790531, 40.47463734000187
-7.333502105032497, 40.36695337700978
-7.471170206553154, 40.25891544704004
-7.608443951838823, 40.15037593581244
-7.745293507847894, 40.04130159052876
-7.8817229879768655, 39.931702794438124
-8.017715468649254, 39.82156176230224
-8.153266333325625, 39.710876282537605
-8.288249193704335, 39.59949948071409
-8.422692878827275, 39.48747325071695
-8.556581571263996, 39.374785165877626
-8.689914872209282, 39.26144121505945
-8.82256897565305, 39.14730365293319
-8.954577910006362, 39.03242072261946
-9.085910439313741, 38.91676518695376
-9.216552545386497, 38.80033012736639
-9.34650100832678, 38.683121236945034
-9.475646337579876, 38.56502759175978
-9.603991428905596, 38.44606446762845
-9.731541284345358, 38.3262485923289
-9.858262450465233, 38.20555663966892
-9.98413837250784, 38.083982979637895
-10.109111234778787, 37.96148070399756
-10.23314003748563, 37.83802268340421
-10.356216341059586, 37.71361581768401
-10.478319221039403, 37.58825347025874
-10.599347662742376, 37.46185241238796
-10.719266207807575, 37.334398388311
-10.838069196824113, 37.205904500902754
-10.955771141194683, 37.07640222637329
-11.072449402155081, 36.94597815952196
-11.18801035242375, 36.814562976622284
-11.30238812295165, 36.68211633888991
-11.415561985093802, 36.548639605059186
-11.52749681926913, 36.4141223222468
-11.63815548848438, 36.278553149173234
-11.74749967988171, 36.141921639200625
-11.855489057452969, 36.00421637942862
-11.962056595402712, 35.86540800902209
-12.067175473365287, 35.725499487638714
-12.17090586643656, 35.58455758782609
-12.273148421166466, 35.442532465691954
-12.373959516728078, 35.29948789443649
-12.473244881535518, 35.155380107136615
-12.570955474891658, 35.01020038637585
-12.66704010659122, 34.86393938853706
-12.761463932294669, 34.71659956649528
-12.854087958798912, 34.56812193802994
-12.944938149389943, 34.418553814573286
-13.03396900444437, 34.267896842747994
-13.121277009139574, 34.11623434031966
-13.20673092105305, 33.96351964666303
-13.290235877849518, 33.80973032482849
-13.371685666240214, 33.65484292148941
-13.451108821720426, 33.49890725182053
-13.528448862126051, 33.341927139929794
-13.603802027072456, 33.18398192227094
-13.677093515495368, 33.025068335406154
-13.74827041252376, 32.86519814426498
-13.817275505713953, 32.7043803193023
-13.884032684614814, 32.54261699815556
-13.94843702478363, 32.37990276756729
-14.010504969319273, 32.21628318098666
-14.070196375915899, 32.05178152685104
-14.127473476798706, 31.886423756253674
-14.182298006853053, 31.720236333858566
-14.198669756887735, 31.543522134300353
-14.297383603814863, 31.39319006724489
-14.31403350115884, 31.214368593507178
-14.411563797714853, 31.06385965178806
-14.455646742097263, 30.89024994171734
-14.4928313280843, 30.715289847164463
-14.527532321351934, 30.540073554060267
-14.559132315634344, 30.364524770649187
-14.584648278571656, 30.188242486610342
-14.612317455734889, 30.01253545437772
-14.64045631800503, 29.837155149798065
-14.659940755234283, 29.66085731956269
-14.677612846089318, 29.484619116607337
-14.691846581669294, 29.308320804137775
-14.702756731649814, 29.1320361126139
-14.704689156344019, 28.955677090702864
-14.71516683010164, 28.779865076164896
-14.719939829632784, 28.604056804433235
-14.704780226512677, 28.429097595131914
-14.696533716373134, 28.253919820058503
-14.689431517892139, 28.078940700145736
-14.68311108823274, 27.904181068282778
-14.676482910438365, 27.72968279454445
-14.684506986199567, 27.555494143183108
-14.661820086300091, 27.382860287759563
-14.63639512555808, 27.210859841803362
-14.58032172857961, 27.046567510101575
-14.565530187144105, 26.87382540011273
-14.594083849435306, 26.70309863699271
-14.59591210466639, 26.530234970012188
-14.573075846953268, 26.359130989569763
-14.608991061581564, 26.19056482072421
-14.655944263901311, 26.024995239809567
-14.61980887851026, 25.85698876524938
-14.573704565834134, 25.691699591566167
-14.517841275797055, 25.529712822978837
-14.454937586592498, 25.370593599055
-14.386881086555972, 25.213877355909847
-14.310598591836932, 25.06127597685536
-14.309914515210133, 24.89092807603737
-14.259088601293444, 24.728575832057075
-14.19133283261671, 24.572809726457727
-14.112245503003063, 24.422080719657586
-14.0321708372113, 24.270746940835846
-13.94872741196285, 24.120144928693144
-13.865727606259803, 23.96837781529085
-13.780613342906515, 23.816956051753156
-13.693886288604439, 23.665787098126685
-13.607297413136047, 23.51408319749176
-13.518738730922395, 23.36325827304932
-13.428147585636266, 23.21353382519701
-13.335882342534216, 23.06478396511066
-13.242222887700589, 22.916966752149836
-13.147645074629194, 22.769745898017536
-13.052040131762649, 22.623151209697728
-12.954654725611235, 22.47770833385464
-12.855772897371635, 22.333250315809398
-12.755395185774056, 22.189814324093273
-12.653195680835188, 22.04767858788284
-12.549391175361372, 21.90673496393992
-12.444025738374423, 21.76698509453316
-12.33714293156469, 21.62842432220787
-12.228785541907891, 21.491043222460178
-12.11903922336167, 21.354794049478066
-12.00793423443013, 21.219669635809556
-11.895504127400269, 21.085657430695466
-11.781732038637843, 20.9527831228891
-11.666576221963782, 20.821095692097163
-11.550132042200472, 20.690528310963106
-11.432375266858896, 20.561120025551883
-11.313178662811017, 20.433009482020022
-11.192637004437971, 20.30613621591135
-11.070820765607449, 20.180462724968837
-10.947800268005855, 20.055950978308413
-10.823531937485951, 19.93267489030222
-10.69809814720364, 19.81058085470368
-10.571572730899883, 19.689618047700716
-10.444054843534488, 19.569705338227237
-10.315562882083556, 19.450842855398058
-10.186128892520344, 19.333012267431553
-10.055724853403827, 19.216260881558398
-9.924459447888973, 19.100482552710677
-9.792295235240257, 18.98573511476121
-9.65933670230904, 18.87191632452708
-9.525623186767751, 18.758995277331877
-9.391113412478823, 18.647033977808302
-9.255806917500205, 18.53604968613051
-9.119714180288376, 18.426048240440938
-8.983019851341847, 18.316815236228866
-8.845811440589761, 18.208247779310444
-8.708152657653077, 18.100267735621436
-8.570062793948006, 17.992850564811185
-8.431626424268462, 17.88588633452072
-8.292997112494685, 17.779172493905545
-8.15412123489651, 17.67276795319859
-8.015034860699025, 17.56661783864982
-7.875843224633869, 17.460583152674904
-7.7366304685372755, 17.354553360978304
-7.597431541710464, 17.248484920893354
-7.4583197167646365, 17.142285150352524
-7.319469567995331, 17.035731816104605
-7.180969837821771, 16.928717451038672
-7.042839243758048, 16.821224558716487
-6.9051696485675, 16.71314233816615
-6.767962563928646, 16.604477223290065
-6.631363575023827, 16.49505610106988
-6.495359091741308, 16.384907712503324
-6.359982216002998, 16.274000911502416
-6.225174574354393, 16.162414146544663
-6.091081756397962, 16.049980976084136
-5.957612203269653, 15.936817360088318
-5.82482242761068, 15.822857315482523
-5.69277520979422, 15.708034314912217
-5.561661087284068, 15.592144443868905
-5.431554379238483, 15.475122490440832
-5.30218323075223, 15.357285273428928
-5.173621749948749, 15.238563043799582
-5.045891723584308, 15.11894486588877
-4.919108779317727, 14.998320139464532
-4.793234444676703, 14.876743839008853
-4.668513166374074, 14.753981195349176
-4.545011458261578, 14.629987420760243
-4.422494774880172, 14.505015764857024
-4.301382188139052, 14.378681631609952
-4.181371878421542, 14.25129940674653
-4.0630518562815725, 14.12234457307921
