-3.8850000000000002, 14.054999999999996
-3.8833751484784598, 14.053100037494458
-3.8785187742599394, 14.047384652216932
-3.87048376620288, 14.037809233706472
-3.8593034903877466, 14.024346269506172
-3.8450191210876916, 14.00696217610287
-3.8276050698977175, 13.985678364970928
-3.8071778039774227, 13.9604003837576
-3.783717365156311, 13.931145351178532
-3.7572376838283175, 13.897902682700984
-3.72782619097944, 13.860603732940486
-3.6954727259064404, 13.819257636719511
-3.660206569024267, 13.773842407461649
-3.6220651523836938, 13.724330031810567
-3.5810749974056524, 13.670701233161008
-3.5372525429472503, 13.61294457974655
-3.4906161958646393, 13.551047186819714
-3.4412079618868123, 13.484978586935869
-3.389067827530644, 13.414710265239554
-3.3341820783668, 13.340253681094405
-3.2766035913938727, 13.261571130811964
-3.216299809922955, 13.178687607560876
-3.15330368563584, 13.091580136516908
-3.0876673628812425, 13.00021222771749
-3.0192588887263, 12.904679490453022
-2.948209914845914, 12.804888608225571
-2.874663441681414, 12.700739480743602
-2.7984314884099724, 12.592377634967768
-2.719438318344052, 12.479860068080852
-2.6378966068366863, 12.363038410851708
-2.5536656660696107, 12.242027973504193
-2.466803715551263, 12.116804589621667
-2.3775409744314926, 11.98727555986307
-2.28581021185397, 11.853850446432382
-2.1922690540612026, 11.716779277284907
-2.097841558396602, 11.577079868269054
-2.0029055474060558, 11.435195368681107
-1.9072569644587178, 11.291205266988099
-1.8117297890968693, 11.146120883528694
-1.7169762729811024, 11.000226918104477
-1.6223758961768056, 10.853460498532517
-1.52865772836382, 10.705838122985117
-1.4351886388303594, 10.557978525339221
-1.3420500895388736, 10.409831252337952
-1.249989483898356, 10.261118025422615
-1.158398674636358, 10.111919047365484
-1.0673097081608227, 9.962306351644912
-0.9768933442084587, 9.812445654002055
-0.8875491557132318, 9.662064248915517
-0.7988284093921333, 9.511347474013368
-0.7106617414891852, 9.360288551802421
-0.6228326613935415, 9.208980365041645
-0.5355575193158298, 9.057329607580114
-0.4488165313231882, 8.905352874342972
-0.3626272789195149, 8.753042423388802
-0.2769417929564062, 8.600424106721338
-0.19177081370556892, 8.447489091867997
-0.10712154136027369, 8.29423282284484
-0.023150097128255165, 8.1405745638636
0.060188246240904186, 7.986550369466903
0.14292438643803834, 7.832191754514078
0.22509621547863878, 7.67753470290998
0.30686276828376924, 7.522677219930519
0.3882068377051393, 7.367619916740851
0.46912120825855763, 7.212365256122223
0.5496031337092022, 7.0569148950346525
0.6296549663337176, 6.901270400012586
0.7092827040229839, 6.745432828152545
0.7884958870694303, 6.5894031219315945
0.8673088367657856, 6.433183263815641
0.9458311215593713, 6.276823665375059
1.0240077875924485, 6.120293162122379
1.1018623529025127, 5.963600217584754
1.17933532358013, 5.806711003337438
1.2564570063420506, 5.649636028498054
1.333265009261828, 5.49239095995942
1.4099357544045112, 5.335061395295438
1.4863485743979097, 5.177589949053187
1.5626593400934365, 5.020054774993629
1.6387650046844784, 4.862409073505086
1.714706254283545, 4.704676799905297
1.7904846420227556, 4.54686316711638
1.8661096486815103, 4.388977384530515
1.9415949141767386, 4.23103075565111
2.0169557342927016, 4.07303483053145
2.0922154485388407, 3.9150044037402854
2.1673690759500217, 3.7569397332518726
2.2424107296527174, 3.5988406305086307
2.3173237853455437, 3.440700844211684
2.392248577359966, 3.2825861868830857
2.4671025652332643, 3.12445620410644
2.5419557620096125, 2.9663420424121516
2.616810551229206, 2.8082413097781744
2.69170962820852, 2.650170261432649
2.7666464132099486, 2.4921214749201965
2.8416415034212275, 2.3341003927677706
2.9167147925053807, 2.1761124005329147
2.9919116829626153, 2.018175536274655
3.0671960498748336, 1.8602697382557705
3.142570473117784, 1.7023941519427586
3.2180786918858293, 1.5445684445208818
3.2938015065269526, 1.386830993199003
3.3697258847776554, 1.2291761070801108
3.4459015557073207, 1.0716290784129197
3.5223145486486374, 0.9141851618977489
3.599038533480862, 0.7568827265781836
3.6760050189632643, 0.5996915995412815
3.7532617106230224, 0.44263834471283037
3.8309905396395534, 0.28581588386745144
3.9089931031939633, 0.12912954983840808
3.987225394662513, -0.027439477674568724
4.065890120947314, -0.18378728495779784
4.145101716184005, -0.3398535568790062
4.224804564643449, -0.4956639361723488
4.305065886081449, -0.651181725682628
4.385837552031656, -0.8064296479597451
4.467202979720167, -0.9613622246409128
4.549343888127988, -1.1158807522505017
4.632283807350929, -1.2699684108783094
4.716026525427264, -1.4236186520911294
4.800606694067498, -1.57680770353585
4.8859963294947075, -1.7295460910058496
4.972250095092587, -1.8817980029802002
5.05955218932309, -2.0334515133625315
5.147823160054985, -2.184543625766478
5.237476399389452, -2.334820038737922
5.328332862658479, -2.484372112577569
5.420466949744533, -2.6331398914527124
5.514055726425162, -2.780995443851504
5.609150677223721, -2.9278845951883907
5.7059453945502385, -3.0736562648789887
5.804388451791068, -3.218316384851639
5.9047960847117755, -3.3616164057964353
6.007466786641949, -3.503300768100488
6.11197874008527, -3.64363029722732
6.218647539516513, -3.7823261294894444
6.328040374116379, -3.9188837558582916
6.439642662351451, -4.053643585124615
6.553792963965853, -4.186254928126859
6.670797307948906, -4.316359459058594
6.790466697389118, -4.4440228813114775
6.913127431049815, -4.5688213217902165
7.038715361550587, -4.69068052721454
7.167161046057109, -4.809530647449279
7.298635244877702, -4.925028049878435
7.433175978015451, -5.036943871667087
7.570724540322664, -5.145145973024447
7.711241565234131, -5.249466908995751
7.854751967462823, -5.349631304873802
8.001261443972517, -5.445355206374616
8.15054846031721, -5.536685386803733
8.30246754947082, -5.623563372072478
8.457256236479639, -5.705213620714447
8.614537940390521, -5.781947279305417
8.774199571807708, -5.85359254229107
8.936171495356879, -5.919845163985791
9.100320338430478, -5.980501431948833
9.266443806922085, -6.0355201714254765
9.434395491362832, -6.084679840787134
9.604038398490319, -6.127651439435943
9.775208427103198, -6.164085939993418
9.947720893427755, -6.1935480710382125
10.121296524449857, -6.215966899446454
10.295674927888523, -6.231005844107404
10.470708044063162, -6.230450826614113
10.645612222275062, -6.223185461081375
10.820129357696382, -6.2092797417822725
10.993976049926253, -6.1885519675598095
11.167067191597392, -6.162254283864467
11.339188438400175, -6.130274823253284
11.510204633364236, -6.092929125642357
11.680194592193008, -6.05128229256488
11.849086165535958, -6.0055161250877624
12.016833720489412, -5.955844016130943
12.18350307956833, -5.902768647533676
12.349136752216044, -5.84661725810797
12.513727072611083, -5.787518882250515
12.67730788737001, -5.72569309947881
12.839954847983254, -5.661434929175209
13.001685820684818, -5.594864265836477
13.162583798204375, -5.52624362737026
13.322678659012306, -5.455694435665605
13.48204374312943, -5.383429647959551
13.640672236912547, -5.309480161534476
13.798619472747323, -5.234011633023786
13.95590682398975, -5.1571153000624905
14.112583751186758, -5.078938137090512
14.268648174791107, -4.999520947399066
14.424128503820288, -4.918962992481219
14.579023277020102, -4.837301798419539
14.733405346863323, -4.754710123708108
14.887261882401777, -4.671192127591919
15.040610781854657, -4.586803264363987
15.193456639977022, -4.501567957649565
15.345819676995585, -4.415532232712305
15.497696150687506, -4.328693644433431
15.64910199589337, -4.241079695071393
15.800058556208317, -4.152723211304291
15.950596557699287, -4.0636701720874795
16.100734520222943, -3.9739443446633316
16.250492131437372, -3.8835715911276614
16.399894076076766, -3.7925871823752066
16.548916191060098, -3.700948721183191
16.69755883670183, -3.608657890320278
16.84577585706208, -3.5156457785155903
16.993563666694936, -3.421916121264535
17.140856393900545, -3.3273783077717662
17.28762603205287, -3.232005309228329
17.43389002544128, -3.1358412424445796
17.58004143467611, -3.039494067543778
17.72606939984822, -2.9429513575999255
17.871870043623765, -2.846062320404226
18.017428340367026, -2.7488162251973414
18.163027768459692, -2.651645977673892
18.3087536414488, -2.554682066838478
18.454753393842395, -2.458148942299104
18.60122948817629, -2.3623571270029045
18.748173153703558, -2.2672990846234224
18.89565464280773, -2.173089980810161
19.043763814147972, -2.079880323272542
19.192531567288764, -1.9877322590132878
19.342039515104478, -1.8967945680809528
19.49246319921929, -1.8073822709091272
19.64382014581233, -1.719559775332948
19.796072648257674, -1.6332987614789425
19.949232324842917, -1.5486580218427324
20.103307141418576, -1.4656938179141568
20.258301558781213, -1.384459668112858
20.41432527967243, -1.3052193011381512
20.571345551724228, -1.2279705204184546
20.729457439655267, -1.1529783743297726
20.888610960550054, -1.080217692660231
21.04876428365555, -1.0096769502301162
21.20993690931696, -0.9414875927522337
21.372094037303924, -0.8756620478547781
21.535202202948444, -0.8122145003653314
21.699233460727545, -0.7511824128590332
21.864224419617997, -0.6927949481649419
22.03006792046717, -0.6368828307210627
22.196753380404314, -0.5835470619917624
22.364219874071534, -0.5327397819173353
22.532458487568483, -0.4845827524197679
22.701456637973813, -0.43919912610104306
22.871178496398578, -0.39663853536281346
23.04156374927078, -0.3568538773608251
23.212568823728223, -0.319855805580117
23.38411822940091, -0.28549028154633127
23.556196138644918, -0.25388992565206214
23.72876195442346, -0.2250719562634396
23.901761616928983, -0.19896357179424962
24.075166596706932, -0.17565481081063394
24.248927284417988, -0.1551009556140731
24.423010087353358, -0.13739903571212067
24.597352514498077, -0.12237611183624611
24.771924850450986, -0.11021194822956613
24.946667009467433, -0.10067916701074338
25.121546493104386, -0.09400048585553224
25.296505355291362, -0.08975313490723834
25.471510054948805, -0.08818189409496502
25.646518983947104, -0.08917889064872082
25.821495305938214, -0.0926441454036962
25.99640178514853, -0.09861998620764997
26.17120362668438, -0.10706819360631074
26.345859304052844, -0.11808710250109929
26.520339260348518, -0.13157339833623102
26.694611210778394, -0.14750244074553712
26.868644657876352, -0.16584305894275506
27.042397266347653, -0.1866757367021631
27.215844403107802, -0.2099224005684795
27.388973823009216, -0.23543924494997964
27.561754422826116, -0.2632322978108066
27.73415909830392, -0.29328161450922713
27.906203515488965, -0.32534057548248696
28.077838732092783, -0.3595314147494605
28.24905988082739, -0.39574587701360014
28.41982933454281, -0.43403922392279287
28.59012674466676, -0.47438401461444446
28.759927591321528, -0.5167731178793136
28.9292093057779, -0.5611921552093999
29.097939045787296, -0.6076651350172264
29.266082945665346, -0.6562153768904495
29.433674949309044, -0.7066373038053684
29.600671444449393, -0.7589963828212093
29.767054518492706, -0.8132713730859703
29.93280602294801, -0.8694434587064139
30.097920566347373, -0.92745871044789
30.262380308477336, -0.9873021407532878
30.42615396570992, -1.0489953914662433
30.58927811115951, -1.1123828863236127
30.751689581546536, -1.1775710394057168
30.913391335756753, -1.2444966657774401
31.074413426751285, -1.3130381273757628
31.234725729283525, -1.383220552115165
31.39439167619913, -1.4548590410778488
31.553323836919418, -1.528111050571999
31.711506880257257, -1.602965247993742
31.86893858801944, -1.6793849403994225
32.02562610248825, -1.7573181629874226
32.181551470857684, -1.8367641113026825
32.33672165158969, -1.9176741332522853
32.491118157148556, -2.0000495151042808
32.64478957376895, -2.083768191624398
32.79769553917103, -2.1688745840738126
32.94983141103764, -2.2553475361107087
33.1012391102253, -2.3430862588039325
33.251788124199116, -2.4322873702657963
33.401514722220604, -2.522858999714918
33.55043667736042, -2.614744802612787
33.6985486486741, -2.7079282163127627
33.845850683638986, -2.8023850245355364
33.99239924655463, -2.898005689475689
34.13816231359593, -2.9948193597122286
34.283084808574074, -3.092887962036628
34.427206708839186, -3.192131779014265
34.5704070317327, -3.292704492521273
34.712848803360075, -3.394353369247112
34.85438637377777, -3.4972627615689005
34.99514829278386, -3.6012361426854227
35.135089609469965, -3.7063166894852544
35.27423742081969, -3.8124506750590528
35.41257673035978, -3.919640567711273
35.550138112122276, -4.0278303587367095
35.68692871301786, -4.136995422595017
35.82289338322385, -4.247189007348913
35.958068973689144, -4.358350025301245
36.09240230834594, -4.470527720633516
36.22594404380299, -4.5836464264012005
36.358707952353086, -4.697676309896871
36.49070956079036, -4.812586476730646
36.621835742495726, -4.928492835234151
36.752160820928886, -5.045297297714824
36.88171722861194, -5.1629517221254
37.01052819338477, -5.281419653766777
37.138558775056765, -5.400728460451982
37.2658451478088, -5.520829063402093
37.392412742262074, -5.6416853027787495
37.518210666280986, -5.76334116029776
37.64329350582365, -5.885731205414356
37.76768454169473, -6.008823689033562
37.891328994800716, -6.13266579953068
38.014275969417476, -6.257200443807965
38.13655013625666, -6.382396066980244
38.2581017775201, -6.508293826187933
38.37897945278539, -6.634839539099806
38.49921024652311, -6.762000790002189
38.61874149240177, -6.889820604973184
38.73762981086698, -7.018239362732955
38.85589860127782, -7.147229444056962
38.97349090123029, -7.276836824695214
39.09044519879721, -7.407020241798051
39.20679849021545, -7.5377407763585165
39.32248600759581, -7.669050242556876
39.43762143876588, -7.800843264769734
39.552205844260754, -7.933114708594378
39.66627218921386, -8.06583213964241
39.77975816702927, -8.199045190507915
39.89271586475258, -8.332705661027392
40.00518239145665, -8.466779045933283
40.11710918277153, -8.601302927194084
40.2285339159359, -8.736242809876646
40.33948391204551, -8.871573397532432
40.4499860761513, -9.007270198742034
40.560063797312566, -9.143311976264718
40.6696823618531, -9.279724532102124
40.77887016122471, -9.416482704654689
40.887674586225174, -9.553546638127578
40.99610849015528, -9.690904340650913
41.104190708806534, -9.828539256324225
41.21193239412066, -9.966441042339643
41.319349249643, -10.104595946030864
41.42645943120901, -10.242988507712935
41.53328123708587, -10.381603382791406
41.63982389144319, -10.520432418010188
41.74612079402608, -10.65944912286642
41.852197028091155, -10.798633680388859
41.95806546272467, -10.937975794008548
42.06376630131202, -11.077444590376446
42.16930007600678, -11.217039453967189
42.274657962796915, -11.356766857093017
42.379906232897504, -11.4965767497815
42.48508030599266, -11.636442530540862
42.590215022346825, -11.776338105492576
42.695334129535745, -11.916245740953453
42.80046896681399, -12.056141985925803
42.9056203581434, -12.196026284133868
43.01082440228731, -12.335871517956024
43.116068727596456, -12.475686972455383
43.22138250921374, -12.615450624952642
43.32674195635398, -12.755180311093316
43.43222607923236, -12.894816289242895
43.53787657981296, -13.034326751915884
43.64367274312136, -13.173727040820099
43.7496705815884, -13.312974222686153
43.85587068309552, -13.452067315043179
43.96234224473628, -13.590952763612396
44.06902181860534, -13.729678478076568
44.176005195862516, -13.868169960450011
44.28327331916972, -14.006440898689787
44.39092245871154, -14.144415271897492
44.49893797252947, -14.282102870334962
44.607378166173234, -14.419456109620256
44.71625333338907, -14.556464697988433
44.825538611715984, -14.693146256359045
44.93535221815211, -14.829403567638897
45.0456911938201, -14.965235677307495
45.15644549259411, -15.100729175288048
45.267695515810026, -15.235815645053494
45.37961213242568, -15.37035003607081
45.49218720440127, -15.504333608339172
45.60540172978357, -15.63777695720104
45.71932334139688, -15.770616807141536
45.83399873999678, -15.90280607723583
45.94933018616951, -16.034422852051975
46.0655774063086, -16.165230967159957
46.182708334770794, -16.295247969067326
46.30091579152748, -16.424286600571897
46.42010125195379, -16.55242207670152
46.540213217203046, -16.679688989890455
46.661408334705456, -16.805924151387817
46.783723942532674, -16.931072990807444
46.90737071668866, -17.054905808799116
47.032236557178486, -17.177508464823287
47.158673551288075, -17.298489340172388
47.28650297326854, -17.417997442637834
47.41571963595745, -17.53600366761817
47.54641369567366, -17.652370706720276
47.67882542987934, -17.76677829093912
47.81279160833454, -17.87936044923967
47.94841570998252, -17.9899382907431
48.085682532829296, -18.09846868484076
48.224806965129595, -18.20460569340291
48.365626471317285, -18.308481732190625
48.5081490675751, -18.410006889189813
48.65264316968421, -18.508704462242964
48.7990389503527, -18.604557943566046
48.94723053370109, -18.697610791431003
49.09714316056886, -18.787864785590468
49.248827799238505, -18.875107914186636
49.402452452225866, -18.95888807413231
49.55780442289576, -19.039421287157005
49.71491484979634, -19.116469057486196
49.87365788542792, -19.190096066768135
50.03394735094232, -19.26029433456302
50.195805494087395, -19.326797545018582
50.35915574893163, -19.389548693872047
50.52399285219516, -19.448285652374707
50.6901406659114, -19.5032088367785
50.85757747816958, -19.554070252615
51.026162477018815, -19.60098957405401
51.19583063621906, -19.6438308897446
51.36649798484614, -19.682504612590787
51.538064644867106, -19.716975057068097
51.71041085604935, -19.747313505999482
51.88347014377472, -19.77328210531657
52.05712231642993, -19.794940524726318
52.23127024204173, -19.81217305919717
52.405791421201364, -19.825103012222588
52.580583351951816, -19.83364667028204
52.75553410771635, -19.83787394591558
52.93053707248274, -19.837999190902313
53.10549270642873, -19.83388727216947
53.28030630033292, -19.825709761395526
53.454891739342514, -19.813594145939707
53.62915490637009, -19.797490284088838
53.80304302195379, -19.777742019566478
53.9764840595026, -19.7543916401454
54.14941728177905, -19.727539726903466
54.32179689355147, -19.697339731192297
54.493585475512226, -19.66394433708198
54.664745294495894, -19.627466311511537
54.8352537706581, -19.58805865027438
55.00508303558698, -19.545822226627692
55.17421960317792, -19.500894155362214
55.34263902259875, -19.453349690142808
55.510344354722584, -19.40334533584878
55.6772928892883, -19.350869515722508
55.84349811024258, -19.296083734945775
56.00898292040409, -19.239156927468734
56.173715261317746, -19.180085509754278
56.337716725020975, -19.119011289776864
56.500971623001, -19.055965478937708
56.66351552198908, -18.991105393356587
56.82536619628008, -18.924531452285283
56.986497025724276, -18.856231272249072
57.146904428720475, -18.78624688550164
57.30658740948114, -18.714623226020972
57.46560709866227, -18.641537380443644
57.62392524278623, -18.566943314987647
57.781567532882924, -18.49093113333418
57.93854197689865, -18.413549474406793
58.09485922027041, -18.334849464362104
58.25054456521932, -18.25490798244945
58.405565407267, -18.1736871454229
58.55995273237262, -18.091270374619707
58.71371312081021, -18.007691735795174
58.866881393009535, -17.923034764185996
59.019456077221705, -17.83731446091537
59.171443901000146, -17.750559514899713
59.32284864618264, -17.66279227426788
59.47367982701445, -17.574043907230223
59.62394263046294, -17.48433709378065
59.773642333915625, -17.393693852474403
59.92278299041758, -17.302133482851477
60.071368712772085, -17.20967481470528
60.21943131994105, -17.11638016537885
60.36696781793638, -17.02225523821571
60.51398062244201, -16.927314095029445
60.660471166802196, -16.831568977421426
60.80644032976477, -16.735031022431357
60.95191744670415, -16.637753685131493
61.09689889378164, -16.539740044231266
61.24138344521518, -16.440996640840403
61.38537027397563, -16.34153042227647
61.52885873834361, -16.241348402829953
61.67187146266152, -16.140490364491935
61.814406521008976, -16.038960428442437
61.95646650780723, -15.936768848468772
62.098059764396844, -15.833933464515159
62.2392001099085, -15.730479056592753
62.37989395881966, -15.626419697265957
62.52016232359471, -15.521788637340073
62.66002873595133, -15.416621639992314
62.799524618142236, -15.310964053613073
62.938692178023246, -15.204874417957948
63.07756658363895, -15.098401023284978
63.21618995534007, -14.991600443136075
63.354558564662575, -14.88446929797934
63.49278486669327, -14.777153872162165
63.630868468726156, -14.669654314659628
63.768886578759215, -14.562070318584665
63.90679619127384, -14.454347059333935
64.04467633973343, -14.346585873967662
64.18258342206533, -14.238858768249019
64.3205767544757, -14.131241501549917
64.45863546463372, -14.02370722038193
64.59674619307658, -13.916238715264775
64.73490709547876, -13.808833648655341
64.87310344299286, -13.701473206299438
65.01134766321324, -13.594173559858428
65.14970502659047, -13.487019173026876
65.28806334738108, -13.379865592944247
65.42647478678042, -13.272780412932388
65.56489317381713, -13.165704166587432
65.70329214971673, -13.058602908772949
65.84176897412505, -12.951602531364099
65.9802469655011, -12.844603980469053
66.11863221622335, -12.737485811392395
66.25696538573419, -12.630300611653928
66.39513721499495, -12.522907621135005
66.53310096123484, -12.415247410934303
66.67087169420564, -12.307340147969729
66.80842700225152, -12.199158134611954
66.94581164370054, -12.090759167586503
67.08297743689965, -11.982083152936154
67.2199021534144, -11.873103359099163
67.35656709093993, -11.76379784732582
67.49295750183366, -11.654149934049041
67.62903715903607, -11.54411664112462
67.76466706305206, -11.433529484583314
67.89987425438943, -11.32242584381539
68.03460573255049, -11.210745683564914
68.16885063550484, -11.098480962500842
68.30258792420886, -10.98561191730854
68.43577594581045, -10.87209524193459
68.56836724112694, -10.757882212661752
68.70037390706712, -10.642994121047307
68.83175624416799, -10.527392870235941
68.9624559789438, -10.411020800912357
69.09246188891308, -10.293874563033091
69.22175295211937, -10.175940357026779
69.350247663371, -10.057139537434818
69.47803264247112, -9.937576165956767
69.60502540786673, -9.81717224862429
69.7311987739712, -9.695910439859206
69.85651462383505, -9.573763056115412
69.98091301576166, -9.45068170943011
70.10437742381552, -9.326663607032634
70.22688153813041, -9.201696860428669
70.34836933231463, -9.075741774302013
70.46882029595471, -8.948794610269855
70.58812716219215, -8.820771342610495
70.7064149362762, -8.691805570942275
70.82352064649206, -8.561765251032304
70.93944591534554, -8.430671271130521
71.05416934782663, -8.29852409325593
71.16762564982746, -8.165287314360633
71.27984150176336, -8.031004017228533
71.39075100283506, -7.895639740799797
71.50030835861266, -7.75917885177953
71.60855714476743, -7.6216777720528945
71.71543138148868, -7.483105978783013
71.82080927996974, -7.343393382863366
71.9246950761497, -7.202568228764789
72.02705175336145, -7.060628256268186
72.12780492535576, -6.917546097495671
72.22692494597455, -6.7733282448999965
72.32446462600078, -6.6280374037191425
72.42042361381058, -6.481698368809119
72.51473307217535, -6.334291575489034
72.60734904919696, -6.185815610760847
72.6982265976138, -6.036269876387593
72.78732015702562, -5.885654894529654
72.8745837829639, -5.733972509079498
72.95990307644442, -5.581187951376733
73.04328650864299, -5.427338041692429
73.12468815053559, -5.2724299594462405
73.2040007226586, -5.116441368957463
73.2812474064252, -4.959418821690782
73.35631114302848, -4.801340465503612
73.42910986871591, -4.642205705280738
73.49965971279134, -4.482060669017865
73.56792302968002, -4.320927224220767
73.63386471339014, -4.158829487550256
73.69745048223874, -3.9957929800149667
73.75864681412143, -3.8318445379703556
73.81732923163693, -3.6669795664835054
73.87353132759785, -3.5012526539785385
73.92723189176196, -3.3346984079719753
73.97839291827968, -3.167346739183539
74.02700721997755, -2.999237748055508
74.07302456193385, -2.8303995960007198
74.11641903808973, -2.6608686194190327
74.1569631131951, -2.490633681549946
74.19477317880173, -2.319770742406333
74.2298294189489, -2.148321596843096
74.26211655953983, -1.976329434673021
74.29151955700468, -1.8038207343149222
74.31809716035792, -1.630854052437054
74.34174261146796, -1.4574620375234935
74.36253445246847, -1.2837044645407276
74.38050868785989, -1.1096325205749795
74.39558588846918, -0.935285396865206
74.40777592140297, -0.7607122519668033
74.41698299494162, -0.5859560159712007
74.42317980607484, -0.41106673748308226
74.42644137159787, -0.2360976583528225
74.42667888337297, -0.061097965260022286
74.42388007448793, 0.11387986906394351
74.41822613740979, 0.28878902658956984
74.40957615846587, 0.4635757244617945
74.39792286178289, 0.6381879278517212
74.38334707166963, 0.8125804962340719
74.36595699439336, 0.9867148925298324
74.34569021379801, 1.1605378362782992
74.32249586940887, 1.333994313309589
74.29646692348237, 1.5070481152960684
74.26754500065911, 1.679642024562831
74.235733830579, 1.8517269890434025
74.20113160832538, 2.0232727787092086
74.16366513064546, 2.1942161138898824
74.12345883377895, 2.364536145860107
74.08055540071634, 2.5341970484512206
74.034999824101, 2.7031652036021043
73.98674836250244, 2.8713832808347095
73.93598823815245, 3.0388612882301094
73.88270576597954, 3.2055536159024367
73.82686451191573, 3.371405832188952
73.76856447062566, 3.5364093388098197
73.70779907836555, 3.7005204552946243
73.64457539705673, 3.8636998606627833
73.57899364236422, 4.0259456171845605
73.51110030180867, 4.187237487740693
73.44093759168236, 4.347555003659308
73.36855930022455, 4.506884364421643
73.29393616258382, 4.665174666383307
73.21723946056869, 4.822470712242738
73.13846925098407, 4.978738642365802
73.05763682962385, 5.133949837516646
72.97482100553113, 5.288111856871328
72.89006543841766, 5.441216023517384
72.80341753836038, 5.593257352867997
72.71492239895296, 5.744231190560363
72.6245819032832, 5.894108394025175
72.53247162935841, 6.04290494725409
72.43863626966174, 6.1906202519443
72.34312006299278, 6.337254922000713
72.24596636600145, 6.482810459057509
72.14716063084508, 6.627250242017231
72.0467878170197, 6.770606009654664
71.94487762549606, 6.9128733680799925
71.84140443820546, 7.05400828266526
71.73646635665824, 7.194057647983335
71.63010858890705, 7.333032031842473
71.52237459017397, 7.4709422709036195
71.4133073155736, 7.607800366434004
71.30294911656941, 7.743619389816558
71.19134166893873, 7.8784134006315405
71.07852591520653, 8.012197366339949
70.96454201936595, 8.144987084385987
70.84942913431713, 8.276798933654986
70.73321849575227, 8.40764367700015
70.61595403289633, 8.537544604227229
70.49767376497529, 8.666521193657452
70.37840991089554, 8.794588862831192
70.25820237527559, 8.921771380886206
70.13708581500579, 9.048088874562126
70.01512891708502, 9.173595663618846
69.89235553168021, 9.298304325246527
69.76879546653306, 9.42223410395241
69.64447556713783, 9.545402189913728
69.51942673319913, 9.667830732702498
69.39367255656995, 9.789535277036608
69.26724312153594, 9.910538826748581
69.14015687005002, 10.030852969139094
69.01248073226468, 10.150541484847224
68.88421264187242, 10.269595802885501
68.75536089231478, 10.388018460830935
68.625942541086, 10.50582176520846
68.4958743708136, 10.622907094938856
68.36518028569594, 10.739292995527144
68.23398869807504, 10.855117280427617
68.10230882466442, 10.970385430666706
67.9701406330455, 11.085092494626652
67.83751876726372, 11.199273774386613
67.70441645809443, 11.312893580134002
67.57071807640087, 11.425810201898129
67.43665570909432, 11.538293240865572
67.30228961334349, 11.650412068105643
67.16773874191568, 11.76230788214892
67.03294220559575, 11.873906458220064
66.89776933075714, 11.98504781227815
66.76265243646507, 12.096256356675285
66.62761310091697, 12.207558292405356
66.49270304321722, 12.319016156620503
66.35798584387814, 12.430706405807426
66.22358909224619, 12.5427816018184
66.08956579578232, 12.655302949087199
65.95602716595582, 12.768399169337318
65.82303123778516, 12.882133514173077
65.69059102341116, 12.996515194403354
65.55873661547781, 13.111572510606482
65.42749806784249, 13.22733263397544
65.29695846385977, 13.343881158736636
65.16710273227574, 13.46119190159898
65.03796581157148, 13.579294015666761
64.90962742831186, 13.698263783168022
64.7821190477833, 13.81812294996309
64.65553283686798, 13.938955760768023
64.52989764054912, 14.060777147730711
64.4051793108053, 14.183536923962277
64.28146801158132, 14.307311173858588
64.1589091875138, 14.432226572408583
64.03721592043902, 14.557984616565394
63.916695006248254, 14.684865389768746
63.797199884023364, 14.812711602091365
63.67871637820576, 14.941494409599349
63.56131865913291, 15.071267287599424
63.44501686482567, 15.20202380094452
63.32983805644264, 15.333770976974714
63.21570328503734, 15.466424487450345
63.10272315768744, 15.600064152811164
62.99089404956695, 15.734669754273266
62.88029287180073, 15.870287304528611
62.770833085404604, 16.00682861701089
62.66247119792874, 16.144243370574063
62.555296029090655, 16.282585893402047
62.44921983200839, 16.42177270141569
62.3443756303001, 16.561889377301924
62.24083733765529, 16.702973242656885
62.13837271159093, 16.844838573238427
62.03719742307433, 16.98762627807948
61.937076192963026, 17.131154938438087
61.838171452689224, 17.275524390859804
61.74041807371803, 17.420676004484555
61.64388638398024, 17.566643181412065
61.548410249133525, 17.713303396530684
61.454213720905436, 17.86078931441844
61.361071441188116, 18.008944036182296
61.26907675926604, 18.157814829911132
61.17813782140518, 18.30733366000536
61.08841475867602, 18.45758601231649
60.999689996669176, 18.608430772517984
60.91225198928296, 18.760025660044573
60.8257389141371, 18.91215087451626
60.74028326910394, 19.064872897514167
60.655824705520644, 19.218148664249686
60.57236320433993, 19.371969503142733
60.48990957946818, 19.526332686190138
60.408346976488076, 19.681168151695566
60.32774844611732, 19.836507163531536
60.24810322726461, 19.99233663428189
60.16934726588859, 20.14861699992431
60.09154321271044, 20.305373095251326
60.01459593326052, 20.46255128459037
59.938582854734705, 20.620183215881557
59.86338261438872, 20.778204462082503
59.789060655297895, 20.936640649597102
59.715565463588646, 21.095462073799816
59.642910509831964, 21.254669696538986
59.571063995294246, 21.41424387538871
59.500072840141996, 21.57420052278274
59.42986195819624, 21.734501304959153
59.3603430685107, 21.895103437969855
59.29159082769369, 22.05603519214931
59.2235799172316, 22.21728151510062
59.156247999893814, 22.37881234861513
59.0895850026253, 22.54062011101383
59.02359022778893, 22.702701226395167
58.9582243021853, 22.865036605856517
58.89348879183726, 23.027624027926606
58.82937512372618, 23.19045729747504
58.7658716776956, 23.35352917318136
58.702790003935235, 23.516764341440368
58.640182615283955, 23.680181662074624
58.578073527572755, 23.843788700930904
58.51639626341638, 24.00755874049857
58.45520590463444, 24.17151108366069
58.394520967138064, 24.335650981482438
58.33428397710915, 24.499955658186202
58.27449840330743, 24.664425031599226
58.215102403824034, 24.82903544360368
58.156026319930156, 24.993760928441755
58.09727442829886, 25.158602346410632
58.03880913608631, 25.323545700479556
57.98059729597881, 25.48857877766864
57.92261104006371, 25.653691382861737
57.86482723044161, 25.818875093762813
57.80722597872981, 25.984122704911496
57.74978949056874, 26.149427801415325
57.692499433548164, 26.314783832143068
57.63535485769567, 26.480190299751502
57.57831591673041, 26.64563329853765
57.521366963650195, 26.81110733347656
57.46448661465486, 26.976604969498037
57.407653961983186, 27.142118969210436
57.35085436906946, 27.30764427420191
57.294069021346274, 27.473174411131026
57.23728122037113, 27.638703647208914
57.180473750168936, 27.80422608046776
57.123618409552876, 27.969732037308443
57.066702780609916, 28.135217253096364
57.0097230143683, 28.3006804033944
56.952655612548405, 28.46611338529634
56.895464354560254, 28.63150365879608
56.83815801002022, 28.796854190713457
56.78070539218741, 28.96215408152656
56.72313135318924, 29.12741186396762
56.66540979093805, 29.29261832755802
56.607531139998585, 29.45776997438906
56.54948044431723, 29.62286137337408
56.491238967995315, 29.787885700163436
56.43277203768349, 29.952830403154078
56.374080290821304, 30.11769533857948
56.31515465988069, 30.282476888411622
56.25598929439959, 30.447172544095586
56.19653303503214, 30.611763405948803
56.13677522693995, 30.77624498705865
56.07669768519596, 30.94060997840004
56.01631652787907, 31.104863563699944
55.95556486927748, 31.26898032760557
55.89448522625774, 31.43297512182323
55.83298101778028, 31.596810944842368
55.771021818102554, 31.760475027328436
55.70865766133328, 31.92398500591645
55.6458924013655, 32.08734118844145
55.58274690956459, 32.250550496362465
55.5190829062339, 32.41355795799007
55.45486081984111, 32.576346069593654
55.39010232264562, 32.73892124468448
55.3247590899123, 32.901261999760145
55.25872748160851, 33.0633237506601
55.191997011854475, 33.22509880699607
55.12467188558577, 33.38662710089569
55.05647786544583, 33.54779029434393
54.98741343369665, 33.70858224328255
54.917682554347685, 33.86908606188764
54.84701983652305, 34.029181473151056
54.77558366329475, 34.18893280136955
54.703001233518016, 34.34816600650164
54.62923718761861, 34.5068546987565
54.5545215660292, 34.665096915341934
54.478380126032874, 34.82265722200666
54.40079050805363, 34.979508687254416
54.321718295637844, 35.135617292309306
54.240769836228075, 35.290760525869224
54.158491283323954, 35.44520159605814
54.074394749040266, 35.598659045375676
53.9880623467396, 35.750868476679614
53.89986025737725, 35.902000823757206
53.809495396535134, 36.05184852936947
53.7170149593397, 36.20039828918183
53.622065367506266, 36.34738016866671
53.524542642784624, 36.49266538039812
53.424525618350074, 36.63624272431343
53.321230302306084, 36.77747777266269
53.21510126636085, 36.91659453339423
53.10600369572203, 37.053394419053795
52.99334214751385, 37.1872734621786
52.877743438254996, 37.31862468683606
52.75844259948809, 37.446622358739326
52.6359608839993, 37.57157990454976
52.51027915296364, 37.69331842791886
52.38092425311117, 37.81114644796851
52.24823302910447, 37.92520474708735
52.112208806146995, 38.0352671868867
51.97292428576097, 38.141173943891175
51.830306746319934, 38.242548077770316
51.684420010785814, 38.33915896628071
51.53547806990274, 38.43099076141089
51.38345191803045, 38.51762207712292
51.22863967183311, 38.599171640450606
51.07103850153628, 38.67519255361667
50.910767755880094, 38.745412764832224
50.74814084920066, 38.809991873450855
50.58315348523786, 38.86828052471801
50.415972223723735, 38.919949180207276
50.24682188611212, 38.964766230297755
50.07587018207131, 39.002150280041846
49.90336683502777, 39.0315941799062
49.72888764041105, 39.04519256179649
49.553923495359086, 39.05008958351346
49.37892787998618, 39.045734726230016
49.204918000399786, 39.02673460230819
49.03178384083109, 39.00099151189175
48.85987177333244, 38.96806297773839
48.68937445033501, 38.92842970776323
48.52018954509705, 38.88349002324887
48.35245077763571, 38.83340475088582
48.186158753488385, 38.7787139181518
48.021278041833, 38.7199362498292
47.85774364099314, 38.65756122162103
47.69560666927387, 38.59169965232957
47.53476142467847, 38.52280271450465
47.37525642867661, 38.45090639394858
47.217053828960765, 38.376221714803314
47.060082755795854, 38.298999974362964
46.9042835920598, 38.219442730378724
46.74964649901522, 38.13763893877284
46.59610419284075, 38.05377761898987
46.443588987207185, 37.96803574852971
46.292044911791734, 37.88055955922896
46.14149598882198, 37.791352414686436
45.99186976312991, 37.700578930587064
45.843118805534864, 37.60835448879211
45.69529650119113, 37.514629157163604
45.54836928961037, 37.41949113486966
45.40233202483744, 37.32298156132758
45.257169334718306, 37.22515551532408
45.112842497020786, 37.126099994546344
44.96932239668376, 37.025884335369426
44.82661206144671, 36.92452930436167
44.68470286587514, 36.82207048184834
44.54356192268531, 36.718574148056724
44.403169130289854, 36.614085429820214
44.263531836190715, 36.5086099303801
44.124646752349854, 36.40216552506278
43.986474721848495, 36.294814231316444
43.84896225476337, 36.18663282250297
43.71212520473259, 36.07760735826587
43.575927628633636, 35.96778807629474
43.440375693032756, 35.8571717050207
43.305471462333585, 35.74576027102212
43.17118588906845, 35.633593638604786
43.0375275901991, 35.52066675433968
42.90447138375365, 35.407015537786336
42.77199362504184, 35.29267441096977
42.6401915313181, 35.17753971073826
42.50894209115541, 35.06176173892214
42.37835061317624, 34.945231408844954
42.24828457633043, 34.82810741446528
42.11875550707584, 34.71038528991031
41.98975935469575, 34.592077890398514
41.86130149669376, 34.47318764512699
41.73338749177394, 34.3537167244513
41.60613370945157, 34.233550219368176
41.479492422600906, 34.112748776879805
41.35332115351887, 33.99146806105644
41.22753760706987, 33.86979638970059
41.102141387875044, 33.747735499400136
40.977174665831214, 33.62524241947455
40.85255569226403, 33.50239906439391
40.727949027029844, 33.37954427419224
40.60331767917744, 33.25671533429729
40.47852983883979, 33.134045909226245
40.35372530192978, 33.01139413458268
40.22866361079907, 32.88900480794764
40.10317219059185, 32.767055502266686
39.977181926852154, 32.64562011592267
39.8507473687421, 32.52464465751143
39.723703981149, 32.40430497372645
39.59606865432356, 32.284588861377266
39.46770485277711, 32.16564949767424
39.33849453418595, 32.04762568051344
39.20841144568181, 31.930560525577622
39.07746977970364, 31.814454580895443
38.94539370037604, 31.699641984992763
38.81234208112205, 31.58596453241776
38.67792804516282, 31.47390505893351
38.54261542795924, 31.362936859165583
38.405955596845295, 31.253638976534965
38.26789107491114, 31.14612857438196
38.128463894259184, 31.040397738505863
37.9876288504649, 30.93655412294433
37.845218568853035, 30.834883812006975
37.70120445453975, 30.735498067903272
37.55570429720638, 30.638298159507602
37.408844245272874, 30.543156852898488
37.260226293507195, 30.450772140560495
37.11004016695402, 30.360945963347604
36.958202662602034, 30.27392963675864
36.80453955543525, 30.190171522793886
36.64935140153546, 30.109271876205337
36.492419810367515, 30.031816770232556
36.33372875699484, 29.958050066374366
36.17340425824612, 29.887923938498407
36.011591482499256, 29.821323348237108
35.8482810521225, 29.758503045802783
35.68351066720274, 29.69963414248165
35.51733936707987, 29.644856045016862
35.349856546864494, 29.594235547773398
35.1811888171753, 29.547713662659145
35.011374709165636, 29.505557791156473
34.84050410623539, 29.467893584073735
34.66865685718589, 29.434943607387233
34.49594925137751, 29.406808420829602
34.3226176849686, 29.382757057522632
34.14864399969524, 29.363834250245215
33.97418035358956, 29.350056282759123
33.799367497074876, 29.341691827824373
33.62438998788336, 29.33792028914021
33.449376020876954, 29.339551463424893
33.27449743450489, 29.346658768453523
33.099920907459605, 29.359137601750994
32.92578331479149, 29.376682323819683
32.752168597561585, 29.39878324045026
32.57929790174352, 29.426075352835205
32.407273079730466, 29.458252063148862
32.23613441340519, 29.494835402090654
32.06600228806407, 29.535833605924473
31.896967612117674, 29.581135758517117
31.72909655676928, 29.63057041953512
31.562414702775413, 29.683874740754163
31.397017922397076, 29.741041590501702
31.2329234271985, 29.801847420911606
31.070134774535397, 29.86606976579427
30.9086979763199, 29.933620673147804
30.74860161712382, 30.00429184161692
30.58987309696429, 30.07798546225389
30.432483972056694, 30.15449915671785
30.27643879620649, 30.23371841732345
30.121766635960498, 30.315586352268213
29.96840230414944, 30.39987901774826
29.816337022263635, 30.486493158446113
29.66561435015303, 30.57542287593557
29.516144584522465, 30.666442534880535
29.367905309501506, 30.759452339993082
29.220938436975697, 30.85445931875068
29.075199593438587, 30.951339048591336
28.930632821454022, 31.04995873746925
28.78731501318509, 31.150384376562304
28.645133226909884, 31.252411729717068
28.504031258913756, 31.355926791482307
28.364044478312163, 31.460944335934347
28.22520991245394, 31.567479896593145
28.087439873950842, 31.675388369809895
27.950702464874873, 31.784602538449732
27.8149936561656, 31.89509266761313
27.680331009558305, 32.006856219788936
27.546695245813346, 32.11984681684888
27.414091810084336, 32.23404873062677
27.282478644347403, 32.349392309591956
27.15191335317134, 32.46592264729619
27.022322182506173, 32.58353727983984
26.893714408419388, 32.70222809522637
26.766088038369485, 32.82197477422831
26.639406415457078, 32.942721038211225
26.51361827850357, 33.06439748928014
26.388747749970566, 33.187014119547165
26.264782307068195, 33.310543578134514
26.141704293543583, 33.4349545447255
26.01946807579819, 33.56018964409446
25.89809586038846, 33.68625913797093
25.77759031192825, 33.81315443406333
25.65794694500981, 33.94086065251612
25.53909266241006, 34.06929998186143
25.420933011415165, 34.1983777276625
25.303527259781603, 34.32814139567303
25.18688936447731, 34.458596372401125
25.070958617975506, 34.589681673929064
24.955784476193752, 34.72143442744113
24.84135659781361, 34.85383866312856
24.72763761319181, 34.986855398281506
24.61456132070119, 35.120421973276414
24.50215018933652, 35.254551567113054
24.390357369709317, 35.38919915378558
24.27919458393996, 35.524368897828154
24.16861790371955, 35.66001935183703
24.05874462290822, 35.79623997296984
23.949499091316753, 35.932963243402114
23.840803144828797, 36.070121761487336
23.73260571690051, 36.20767139101004
23.624891468143872, 36.34559715142488
23.51761326868592, 36.48385995694024
23.410738858876012, 36.6224331048334
23.304215887610464, 36.76127506112611
23.19797770664715, 36.90033406341092
23.092000705896965, 37.03959176228709
22.986246170863264, 37.17901852106444
22.880721844158, 37.318620115765576
22.775364188777544, 37.45834849360408
22.67013737439888, 37.59817664510121
22.564952965616804, 37.73803801891107
22.459792419769524, 37.877918618948875
22.35462835360192, 38.01779769487627
22.249435562416878, 38.15765603969314
22.144190575136104, 38.29747566854437
22.038864437443603, 38.43723439791628
21.93344380018035, 38.57692174957766
21.82790434201348, 38.716518940771046
21.72227007581303, 38.856043743998654
21.6164455476242, 38.995423458101534
21.51041985853458, 39.134649281506675
21.404152978125406, 39.273690150337885
21.29764745996174, 39.41254741104081
21.190878725764144, 39.55120159022502
21.08382788258169, 39.6896374239812
20.976505814014597, 39.827862606031395
20.86890476643522, 39.965870407755155
20.760975230105498, 40.10362132011094
20.652743206452627, 40.24113471042653
20.544206259349625, 40.37840772957505
20.435357133743665, 40.515433646917245
20.32612650871108, 40.652156046250646
20.21652436491916, 40.78858125337267
20.10654878452062, 40.92470602459263
19.99619162299205, 41.060521964789245
19.885453141324447, 41.19602738973322
19.774320131496143, 41.331209519173704
19.66279487822379, 41.46606813078321
19.55078124525959, 41.60052113544556
19.438321873571912, 41.73460126870887
19.325408238091526, 41.86829876789508
19.212049439550075, 42.00161871241122
19.098164596145423, 42.134489269170125
18.983701923567214, 42.26686214519808
18.86866689503801, 42.39873788418731
18.75307430978961, 42.53012530643929
18.636876368228826, 42.66097795078632
18.520055468084195, 42.791275207708175
18.402651976994772, 42.921048295372415
18.28456276122645, 43.05019820699504
18.165845817383655, 43.17877176990262
18.04652832872257, 43.30678847273834
17.92648788178681, 43.43412758525126
17.805786578092317, 43.56084037187443
17.684407329275864, 43.686903533383536
17.562318991097747, 43.812279384648384
17.43943622767196, 43.9368757408652
17.315851615116564, 44.06077485477856
17.19152598591048, 44.18392901577992
17.06645726809512, 44.306326935761184
16.940569963718648, 44.42788122366185
16.813888831951196, 44.548606536344025
16.686265262020964, 44.668333869672146
16.557843118461932, 44.787203281515005
16.428520417072978, 44.9050916431844
16.298266443979173, 45.02194999403569
16.167111537035677, 45.13779655048693
16.03493662397306, 45.25247873803579
15.901699308513434, 45.365926148026944
15.767468424826214, 45.4781979777554
15.632244731125121, 45.589274192507936
15.4960397279735, 45.69914719385499
15.358868939341813, 45.80781425206321
15.220652131628992, 45.91514955622211
15.08133051397152, 46.02104838256086
14.94096479928129, 46.12556046302868
14.799463136640211, 46.228529958265796
14.656910786109655, 46.33003993281837
14.51320177653737, 46.42990501893809
14.368466334323402, 46.528275339674515
14.222621301580375, 46.624990917512136
14.075556619184642, 46.71983926772063
13.927382363465933, 46.812942252467
13.778063083930604, 46.90419494155285
13.627646125870454, 46.99362413305219
13.47601181416758, 47.08097084942085
13.32312321412251, 47.166101292499654
13.1690855280283, 47.2491338233485
13.013826643951004, 47.329860053095416
12.857437275157787, 47.40837497143202
12.699897218888484, 47.484556497512756
12.541193872362568, 47.55828611985164
12.381382150585152, 47.62958395260814
12.220470617850335, 47.69836642401365
12.058521162792262, 47.764671110189695
11.895498655914002, 47.82829456230119
11.731462124110736, 47.88925851281573
11.5664133262629, 47.94742828829853
11.400429593566587, 48.00287577816368
11.233529123130126, 48.05550027692206
11.065763442054298, 48.10529761606499
10.897167254229707, 48.15220545171827
10.72776563072353, 48.19611386155324
10.557592879918815, 48.23692902326339
10.386744948194409, 48.27481577248967
10.215240830388568, 48.30960823349906
10.04317034217757, 48.34147846203862
9.870552016357534, 48.370230199743666
9.697445465556239, 48.395876219435344
9.523907617689709, 48.41841801729901
9.349980219125106, 48.43772573550877
9.17573160814613, 48.45388383019486
9.001221124121136, 48.46692147189364
8.826501098309201, 48.47677511400566
8.651637081659125, 48.483637418255405
8.47667680000349, 48.48734013631809
8.301677840988699, 48.4880149094842
8.126694166865589, 48.48555895666938
7.951780626846526, 48.48001163345454
7.776981177743571, 48.471596139990474
7.6023515125728105, 48.46018660839383
7.4279381165372005, 48.445847771789744
7.253778073807409, 48.42870787324755
7.0799258829168155, 48.40868994933941
6.90640653247624, 48.3859716892894
6.733247052101122, 48.36066107575812
6.5605083283413705, 48.332627058990774
6.388200711323664, 48.302058186919254
6.216340244041592, 48.269070441192866
6.044956079653387, 48.23369305469919
5.874083674683461, 48.195921844332865
5.703713025482306, 48.155947650664004
5.533891517719297, 48.113699634232304
5.364617453969581, 48.06930602923701
5.195927652281081, 48.022737767424786
5.0278137513192815, 47.9741268919018
4.860317412762728, 47.92342399909965
4.693403772896905, 47.870829467395964
4.527122658954622, 47.81626364416469
4.361429096495178, 47.759935076474825
4.196373806761829, 47.70176034643423
4.0319183358810315, 47.64190964695333
3.868085931965496, 47.58037393819613
3.704908172496383, 47.51712399478106
3.5423356544706706, 47.45233627102687
3.3803941027611577, 47.38598993659751
3.2190872910917165, 47.31811825802374
3.058394206318067, 47.24880946069144
2.898333657610758, 47.17805538413899
2.738876402781594, 47.10595481559013
2.5800093544752083, 47.03256534594736
2.4217187002783103, 46.95794272476291
2.2640206535441636, 46.882076960954095
2.106898636913257, 46.805025564598104
1.9503402959798104, 46.72683475536453
1.7943599263354033, 46.64749591449326
1.638969452628413, 46.567005518122976
1.484110711173114, 46.485493921490956
1.3298254739589006, 46.40289896417038
1.1760726701807938, 46.31931410006257
1.0228879473586676, 46.234690056468374
0.870229056993048, 46.149118984698866
0.718111589211767, 46.062587670474684
0.5665159422911908, 45.9751446630617
0.41543138792279344, 45.886821584634326
0.2648710376081673, 45.79760867746539
0.11481567597734843, 45.70755044893988
-0.03474767927815964, 45.616679508692485
-0.1838035098783759, 45.52498088490192
-0.3323681238702662, 45.43249115686436
-0.48045565813397906, 45.33924210186482
-0.6280511533472022, 45.245218630830486
-0.7751718794091949, 45.150456080503695
-0.9218299144729535, 45.054980610033176
-1.068041225167533, 44.95882344051443
-1.2137940612301303, 44.86197313283064
-1.359106105766757, 44.76446247916551
-1.5039918630069316, 44.6663187270842
-1.6484660931684667, 44.56756887246823
-1.7925247423432986, 44.46821206753171
-1.9361884533742513, 44.36828316064846
-2.079467475300245, 44.26780150689095
-2.222377808315505, 44.16679433069532
-2.364940931372863, 44.065296118777624
-2.5071789166994596, 43.96334161439286
-2.649111763068755, 43.860962125511115
-2.7907589438426252, 43.75818774021577
-2.932148752325381, 43.65506015042229
-3.0733095854030923, 43.55162051546943
-3.214258121812582, 43.44789341653694
-3.3550339613669915, 43.343934002557575
-3.4956426607718427, 43.239750699767455
-3.6361250263101033, 43.135399055325735
-3.776515380511254, 43.03092525653893
-3.916814104418314, 42.92632957498696
-4.057089718373765, 42.82170337711944
-4.197364150456086, 42.71707534960585
-4.337585508692806, 42.61237546962908
-4.477807508493582, 42.50767539035361
-4.6180105320879274, 42.4029486920287
-4.758220028523621, 42.29822951366182
-4.898398382434787, 42.19346773788463
-5.03852100218493, 42.088630847998395
-5.178636488609079, 41.98378425388221
-5.318694519119664, 41.87886117907669
-5.458623936214869, 41.77376724391148
-5.598460003485873, 41.66854998814318
-5.7381745841219605, 41.563172502298805
-5.877745998607646, 41.4576065612373
-6.017117788386924, 41.35177823048652
-6.156289893956631, 41.24568827076415
-6.295291427713044, 41.13937553251945
-6.434058899454202, 41.032757824828266
-6.572587402899072, 40.92582988654222
-6.71085591307088, 40.81856575930183
-6.8488225928290465, 40.710913224596474
-6.986486628593207, 40.60287327117038
-7.123823277236126, 40.49441664862328
-7.260812385988859, 40.38552051845619
-7.397433564106259, 40.27616229668492
-7.5336937480203465, 40.1663538667538
-7.669529593226457, 40.056020392744934
-7.804933496518552, 39.94515692406371
-7.939883592930339, 39.83374144262609
-8.074357964608215, 39.7217524809664
-8.208233740435753, 39.60904905067843
-8.341527519096555, 39.4956583909005
-8.47424301630495, 39.381592031870404
-8.606340788837112, 39.26681155190183
-8.737820382024879, 39.15132422045097
-8.868644440583763, 39.035095617894875
-8.998756211436898, 38.918070943193506
-9.128142656162774, 38.8002454309141
-9.25678252391238, 38.68160573889754
-9.38467611429413, 38.56216224751265
-9.511722404676005, 38.44181801740749
-9.637940106044988, 38.320604866773884
-9.763323045249283, 38.198528052833716
-9.88781345318152, 38.07554064882716
-10.01136827952952, 37.95161266635833
-10.134011707111421, 37.8267818124353
-10.255689685275449, 37.70100883724566
-10.37637706563432, 37.574284178626684
-10.49598147614415, 37.446536133229785
-10.614504085327365, 37.31778307956886
-10.731926407411047, 37.188025278282545
-10.848148152276575, 37.057190732554304
-10.963282352877712, 36.92539797161328
-11.07728150793486, 36.792622335038736
-11.190142695194133, 36.6588785175047
-11.30181439202125, 36.52414075553396
-11.41217019224363, 36.388324172053025
-11.521217913987611, 36.25145615266287
-11.628919593680221, 36.11352746645198
-11.735237683779822, 35.974530418186504
-11.840095276924695, 35.834429075654285
-11.943487310922176, 35.69324324681234
-12.045450563367469, 35.55102247326858
-12.145876438925821, 35.40771221809664
-12.244758246713316, 35.26333228386411
-12.342115371762654, 35.117919731320946
-12.437873841275376, 34.97144918779308
-12.531986681091645, 34.82391538837009
-12.62440618528332, 34.67531430671184
-12.715018602612103, 34.52560370861555
-12.803828578109028, 34.374816090174974
-12.890788000984912, 34.2229529603602
-12.975850265455875, 34.070018466344365
-13.058907774278655, 33.915985551720816
-13.139878358158851, 33.76084515497859
-13.218770498854473, 33.6046374978251
-13.295541766965545, 33.44737688084828
-13.370151957054576, 33.28908005930559
-13.442571109673636, 33.12976970374305
-13.51275101164768, 32.9694612162391
-13.580686613680596, 32.80818976418998
-13.646312309637823, 32.64596551125933
-13.709499885532166, 32.48277690035986
-13.770275978839292, 32.318675448252804
-13.828605407484938, 32.15368880645264
-13.884454879707047, 31.987846406798212
-13.937792601704274, 31.821179237620786
-13.988588227482857, 31.653719714539093
-14.036812572209877, 31.485501524616918
-14.082335712803758, 31.31653204452308
-14.125099491882885, 31.146842734241666
-14.165242302521628, 30.976513676789295
-14.202737388967792, 30.80558153155071
-14.237508277831635, 30.634073804773788
-14.269433961795887, 30.46201309935367
-14.298567971651703, 30.28945714310627
-14.324795960660088, 30.11643514100096
-14.34817394492777, 29.94300464869177
-14.368695468047815, 29.769212773513548
-14.38625733858214, 29.595096874250178
-14.400825029098298, 29.420704983896886
-14.412467039110505, 29.24609349256725
-14.421092034008762, 29.071307209605255
-14.426863696634674, 28.89640368541654
-14.429711817810059, 28.721428461323868
-14.429520406669864, 28.546430493879807
-14.426468603156842, 28.371459252719852
-14.420425794789677, 28.196565938681722
-14.41137863638122, 28.021802293326495
-14.39941376510344, 27.847213971727665
-14.384461848966652, 27.672855788468993
-14.366613230275165, 27.498769873074924
-14.345883954040104, 27.325003005612235
-14.322163629314671, 27.151618724781848
-14.29559624759815, 26.97864739351641
-14.266094990925664, 26.806151890475707
-14.233817306362635, 26.634154024061573
-14.198789262498071, 26.462695059125906
-14.160961894833957, 26.291831937366357
-14.120415496400614, 26.12159370766925
-14.077119200406399, 25.952034222383233
-14.031136932668216, 25.78318357093676
-13.982543026553712, 25.615066174366323
-13.931295019994801, 25.44773900934474
-13.877442952388746, 25.281231886427594
-13.820959085841368, 25.11559925387525
-13.761983080637696, 24.95083770371196
-13.700562738845326, 24.78697186202701
-13.636746995311452, 24.624024154875624
-13.570584142551215, 24.46201546815365
-13.502085081145179, 24.300980822013045
-13.431285900871574, 24.140944210224113
-13.358272304888416, 23.98190569717834
-13.282973330511807, 23.823936309782066
-13.205469247030797, 23.667036721485175
-13.125653746015372, 23.511299662255016
-13.043707950439547, 23.35667194448795
-12.959687607320234, 23.203160468400874
-12.873650446492388, 23.050769015445358
-12.78565401486791, 22.89949939149119
-12.69575547929808, 22.74935153900639
-12.604011435255519, 22.600323649270123
-12.510374017369815, 22.452477862029387
-12.414808899800473, 22.305870686117863
-12.317448242931318, 22.160449776607244
-12.21838027158865, 22.0161868192409
-12.117665561668499, 21.87306910642391
-12.015299965674997, 21.73112815862689
-11.911392172984034, 21.590313017354443
-11.806001439393139, 21.450605159033543
-11.699129075999197, 21.312028303824604
-11.590894597673566, 21.1745134981577
-11.481279463433813, 21.038097358850084
-11.370271451328303, 20.902812524597998
-11.258001923857993, 20.768572612790603
-11.14448983696812, 20.635381357987143
-11.029802250138905, 20.50320030374578
-10.91392643742175, 20.37205874191805
-10.796968919059609, 20.24187981051465
-10.678981351963653, 20.112632563253797
-10.55998373740938, 19.98431353050982
-10.440038943189007, 19.85687837371451
-10.319167399595377, 19.730320996011383
-10.197422888790319, 19.604602438958217
-10.074823549473358, 19.479716855290405
-9.951419427572821, 19.355626172349844
-9.827258307268526, 19.23229293188982
-9.702291722232353, 19.109776248336754
-9.576630514983595, 18.9879727459812
-9.450248959961746, 18.86691774996554
-9.323173402992577, 18.746592614685223
-9.195445650417344, 18.626961264738156
-9.067159136958336, 18.507930542224155
-8.938335212691932, 18.389482831853535
-8.808859520470136, 18.271748880954128
-8.678772238677375, 18.154691610729188
-8.54810152222333, 18.03828618489969
-8.416952978802767, 17.92241930604138
-8.285324321710673, 17.80709798634889
-8.153104798352638, 17.69245443521115
-8.020391473764889, 17.578382771419825
-7.887020427829208, 17.465081050179446
-7.7532203007787555, 17.352286989686448
-7.619040521858667, 17.2399458309318
-7.484666323422707, 17.127838553793993
-7.35004550132688, 17.016029080036557
-7.21527307694073, 16.904404181852637
-7.080513165298377, 16.79276602515549
-6.945777509386328, 16.681100220437713
-6.811341712315066, 16.569074792883164
-6.677422320700959, 16.456432272952856
-6.543854913232143, 16.343371049424057
-6.410575107534249, 16.229969496664616
-6.277716590361274, 16.116073569520054
-6.145356110237172, 16.001598469840836
-6.013571522866602, 15.886460357129813
-5.882398310730916, 15.770625884202271
-5.751948121426898, 15.65397755103129
-5.622384962092644, 15.536344485928865
-5.493578629984093, 15.41788278375701
-5.3652038465587255, 15.298953860392736
-5.237795926791055, 15.178990444987695
-5.111423056825924, 15.057936393985683
-4.985964317970619, 14.93593246917919
-4.8611278341695545, 14.813289842777266
-4.737421531230411, 14.689506155557632
-4.61481776576446, 14.56462805159417
-4.49302054330214, 14.438961793716857
-4.372220587810377, 14.312336623514014
-4.252329784588843, 14.184850442388932
-4.133439119714019, 14.056431315208314
