4.468647674116255e-15, 13.500000000000002
0.0018979306807797793, 13.498372775667736
0.006808365347821806, 13.492703772375611
0.014941197742706813, 13.48321131250362
0.026343499351090545, 13.469935897267293
0.04102121586721992, 13.452882673736816
0.05898598440474467, 13.432061708949528
0.0802855938717133, 13.407514432662865
0.10491069757889357, 13.379232956702726
0.13287685514033046, 13.347230985444806
0.16417883159552665, 13.311504075061384
0.19890039674377166, 13.272125998520316
0.23696568229049375, 13.229035822502816
0.27844895849410517, 13.182299395642191
0.3234058027367816, 13.131961032771896
0.3718219535848466, 13.078014042373315
0.42369801378408434, 13.020460766498028
0.4789965871545292, 12.95926284207718
0.5377153501313044, 12.894426071912115
0.5999612368137334, 12.826047323410746
0.6656168893584465, 12.754032412829497
0.7346567345975087, 12.67836027193634
0.807214947685231, 12.599140603625226
0.8829427664924998, 12.516075248805238
0.9621014030315646, 12.429394777779578
1.0446114834231948, 12.33901857219923
1.1304670472771396, 12.244963068648891
1.219228998119368, 12.14682605082246
1.3111136044920715, 12.04484478516158
1.4066127076921502, 11.939476776227018
1.5050519839016734, 11.830065984561928
1.6066584268585824, 11.716837598016795
1.7103087328410973, 11.598975134691896
1.8170440651983315, 11.477387063269394
1.9262774062739279, 11.351565986653062
2.0368967998506426, 11.221952396467119
2.148120976177921, 11.089648538500384
2.258790324584662, 10.955708240111374
2.368805038088058, 10.820898827847218
2.4783960074448284, 10.684804261300728
2.5873249162889955, 10.547877852132821
2.6944953829077662, 10.409652293749188
2.8008407560202064, 10.270651383893554
2.906527735676436, 10.131243169261912
3.011243264829995, 9.991303257350085
3.114151946250505, 9.85022718256572
3.2160420976155613, 9.7083714860942
3.317544756374794, 9.56583203453098
3.4179014907056797, 9.422426920565698
3.517307263406409, 9.278508566274825
3.61553007141947, 9.13388077339725
3.712651980399168, 8.988462747524476
3.8085120432252353, 8.842207321072665
3.9044567004135717, 8.69597067083589
3.9998738512617464, 8.549352836728465
4.0938516475308875, 8.402104850834164
4.18658280185716, 8.254363725019862
4.277835612313714, 8.105998437708385
4.368947768463135, 7.957254561385784
4.4588345725910115, 7.807476648286197
4.54767343469565, 7.657038420519742
4.636359574030924, 7.506187569345908
4.72365946507749, 7.354534325465534
4.810354973568084, 7.202822562901094
4.895584132646261, 7.050555633307747
4.980749762030295, 6.897961832049639
5.064647877836942, 6.744390811534904
5.148145501161276, 6.590624061333542
5.230368115411892, 6.436194202490924
5.312211887706933, 6.281586592920106
5.392825791818137, 6.126293113967718
5.47329408301393, 5.9708788667415265
5.5524170382871185, 5.814794631021947
5.631802469282127, 5.659057968978893
5.7108738416262534, 5.503375803621059
5.78818741685257, 5.347091663419428
5.865058400095875, 5.190833037494875
5.941766576314934, 5.034290856110073
6.017257085030395, 4.876664188395983
6.0925985362361565, 4.718698860745566
6.1676283586784715, 4.560642756560007
6.24115052847743, 4.402113548508352
6.314619327828043, 4.24348198435253
6.387760430240488, 4.084661552146355
6.459688584185034, 3.92539809932986
6.531383984914524, 3.765964475577027
6.602915895221637, 3.606346155480329
6.674419160232379, 3.4465445342436545
6.744634774781912, 3.2862108631143054
6.81462208556807, 3.126021249338964
6.8844343243186925, 2.9658515252576696
6.953231607537126, 2.805258030266387
7.022018743447424, 2.6444586404418393
7.090658135929142, 2.4835047256670872
7.15909089004036, 2.3227261015526146
7.226720140453069, 2.161598484505486
7.294225762387101, 2.0003839871325635
7.361705593803398, 1.8391094095483467
7.428575093665256, 1.6774677078183993
7.495384056184651, 1.5156971094940785
7.562063454638214, 1.3538670834533424
7.62825297284405, 1.1921034434725224
7.69425179851261, 1.0304726527046197
7.760132013145702, 0.8685985764449682
7.825892766145083, 0.7065365777277817
7.891490770430494, 0.5445925477793778
7.957000816359552, 0.3824189823111337
8.022564041474837, 0.22015771016519906
8.087875851474376, 0.058047726655213655
8.153108838749091, -0.10386291333771516
8.218177167494396, -0.26571473605837836
8.282958317968927, -0.42786739075516245
8.348088977736412, -0.5899429956835935
8.412912143619504, -0.7521683988666488
8.47811337924972, -0.9142688194062266
8.542964407965767, -1.0763879348705794
8.608430254846796, -1.2384111438208971
8.673147476934458, -1.4007384640311014
8.73843184101671, -1.56277065323444
8.804425994342983, -1.7247892749871643
8.869736504805301, -1.8871568018683287
8.935582225757479, -2.0490423808174483
9.002297659618357, -2.2103051730861876
9.069571089888587, -2.371064997061443
9.137317777350509, -2.5316048007098755
9.205944132619152, -2.69220253350839
9.275171917088864, -2.8530906328404373
9.345038864969721, -3.0137973056798093
9.41584703765268, -3.173818111441256
9.487683562013196, -3.3331058252706516
9.56029452259428, -3.4918403912585187
9.632951435959669, -3.650697061072429
9.70690058215398, -3.8090264439230257
9.781690503830717, -3.96685777434808
9.858521751456601, -4.123908201451974
9.936541625024406, -4.280399349156054
10.016545374499175, -4.435604506028563
10.098040761514438, -4.589749129865571
10.180471746189367, -4.743112572834928
10.266058475522764, -4.894908105598825
10.353517768531525, -5.04627278312403
10.442708749507865, -5.1969170352252325
10.535764199569526, -5.345042361800658
10.630974819332843, -5.49166953028882
10.729229036404808, -5.636346872306417
10.829645599991322, -5.7797270843944615
10.9324809004544, -5.921359483927771
11.038376044883815, -6.060536552109241
11.147450249684029, -6.1971017975349465
11.259640640706419, -6.331143707796273
11.372468825855677, -6.464733668834312
11.489427545615566, -6.594631684573512
11.608750180765423, -6.722449335873601
11.72990254733679, -6.848599704323903
11.854010451784465, -6.97174786580879
11.981092511853129, -7.0917689943671665
12.110937982748805, -7.208782654213242
12.243259224673485, -7.3230205850147065
12.378318316814054, -7.434061848214134
12.516450597375655, -7.541321827383123
12.657210896235108, -7.64517992784095
12.800468623618064, -7.745636555096388
12.946449325988631, -7.842165704644191
13.09519262293136, -7.93445474376955
13.246653177957873, -8.022287464026428
13.400724635764712, -8.105525895030684
13.557413097330182, -8.183792534953488
13.716626370365205, -8.25684850327794
13.878211604941853, -8.324553959299681
14.042065606328201, -8.386620117295847
14.212052021659074, -8.428995340437513
14.383778884954925, -8.463421104206935
14.55693516583044, -8.48947841917591
14.731839052073468, -8.497472546525668
14.906787159706775, -8.494735163905323
15.081133146689075, -8.481296906441553
15.254226522842268, -8.45722730897049
15.425513732426799, -8.422613871156798
15.594560941741303, -8.377525721837598
15.760501899969226, -8.322176924205213
15.922674408361136, -8.256798204172766
16.08049855431523, -8.181635223907996
16.23340752262596, -8.09696493071934
16.381353958937147, -8.003495179407707
16.52303155604557, -7.900733689934117
16.659758662797927, -7.791592620698188
16.795249646793874, -7.680924390057939
16.929988970111598, -7.569343520177519
17.063379863827308, -7.4562644383690095
17.195787315927863, -7.341978469122376
17.327158117823714, -7.226172976650903
17.45779114015287, -7.109620022157742
17.586872518200575, -6.991720592604703
17.71518386439246, -6.872947499051427
17.84223876268981, -6.752792444255128
17.968047942294277, -6.63168772824435
18.093201433611544, -6.509797015036502
18.217283004150776, -6.38671015906106
18.34018415894125, -6.26279637529191
18.462133279955896, -6.13770009267771
18.583224913696174, -6.0115299733571534
18.703285809694837, -5.8847189674823
18.822405725170082, -5.756979142142682
18.940778590606488, -5.6281639974910425
19.05830133961782, -5.49854586203004
19.174822875541167, -5.3680921857299175
19.290905278996572, -5.23705501644748
19.4054959068683, -5.104640193807123
19.519050057911304, -4.971541732875933
19.631607395213695, -4.8376484891579015
19.743141075917578, -4.702950297954336
19.853769551256345, -4.567422631917069
19.9641867944214, -4.431637761411849
20.073373978009396, -4.295079407736679
20.181499455409035, -4.1576639245787375
20.28850917593357, -4.019464156128439
20.394536635063602, -3.880422254556252
20.499773541010395, -3.740475877124922
20.604223757858176, -3.600035359435337
20.707817069002164, -3.4592718134786233
20.810694166382387, -3.3182932891123684
20.91320958990226, -3.1773604827533877
21.01560393231527, -3.0359445342111604
21.11626312746325, -2.892896500073895
21.217356502713415, -2.75039052245983
21.318769146570702, -2.60799034619966
21.420764259631625, -2.465954087664096
21.52311492809294, -2.324480817867324
21.624840248181233, -2.1824427601402023
21.727575343606905, -2.0410182938766153
21.831921318095784, -1.9010897780610394
21.937021317706613, -1.7616106339064375
22.04215291969599, -1.621932053010983
22.148148364622593, -1.4828040802603608
22.255368501241456, -1.3446218007983055
22.363757052158398, -1.207348369755042
22.47291509637144, -1.0706653387716194
22.582040576917247, -0.9339330356240898
22.692157801302272, -0.7978026144823716
22.803987776650967, -0.6632116518777172
22.91681483150449, -0.5297827207407872
23.030759890054696, -0.39723611727400593
23.146428759082294, -0.2659462124093342
23.26346330338381, -0.13574982434989316
23.381511728439392, -0.006524513441669627
23.501687141116832, 0.12038068096743029
23.62316936374513, 0.24584858433806284
23.745967771130715, 0.3703761476589216
23.871201459778323, 0.49264226360422075
23.998844016524707, 0.6121120822888693
24.12756208046, 0.7305800889746854
24.258382371691457, 0.8467931797377509
24.391262519212606, 0.9603353216710198
24.525641938451486, 1.0723004485169807
24.662708165931328, 1.181087830651097
24.80161822398788, 1.2875222768497356
24.942214546954137, 1.3917309299158136
25.085164433761452, 1.4924490577376717
25.230755758044545, 1.5894705673604574
25.377894150478994, 1.6841360112643613
25.527047061409842, 1.7754857878017958
25.678240958862556, 1.86324935735506
25.83127944817874, 1.9472486480373123
25.986375357046573, 2.027606021870567
26.14325477792404, 2.105218994587042
26.302049686992362, 2.179017078567425
26.462434591012375, 2.24884756614735
26.624607475209643, 2.314324558038916
26.788270180998012, 2.37619744452693
26.95324693318553, 2.434441186102418
27.11978383160062, 2.4882373933148276
27.28760748764263, 2.537665714184243
27.45661837741677, 2.5825712923725095
27.62672965491405, 2.6236405409368677
27.797874074430897, 2.659995253191435
27.970049904036397, 2.690908338402106
28.142960848127426, 2.717211684678268
28.31630614337351, 2.740446121680542
28.490589067236623, 2.756425367207459
28.6653380432502, 2.765051915877787
28.840251237687387, 2.769207591445553
29.015279172062055, 2.767124363914036
29.18999066447327, 2.7567889604944114
29.36418782187074, 2.7402437548977345
29.537594029166982, 2.7166677160402415
29.70982247223187, 2.6862777190330998
29.881100029704818, 2.650847095684968
30.051275914777854, 2.610392692600564
30.22020659719853, 2.5651810113004347
30.387981104865634, 2.5153919441339165
30.554585915755126, 2.461741352255297
30.719850021491713, 2.404546138049169
30.883652177131726, 2.3439280260528843
31.046463559112706, 2.2805855085610482
31.207959170452128, 2.2139217383378837
31.368014417972084, 2.1441400751236666
31.527185720564066, 2.0718809366156554
31.685185980062847, 1.9969581190258094
31.841759624648503, 1.919452658416538
31.99732805232836, 1.8394322636991574
32.15213490932401, 1.7576402413885122
32.305426845000696, 1.6734485674211665
32.457278764038186, 1.5870802581682066
32.60771660418574, 1.498763286497848
32.75732827840288, 1.408567318148909
32.90591697277453, 1.3162202671631689
33.053022570679836, 1.2219911519025788
33.19914042517059, 1.1259206852198025
33.3443130317601, 1.0281162035971663
33.48799266709014, 0.9285696867679318
33.630427258594835, 0.8276814269989546
33.771867548196504, 0.7257146400334277
33.91189990398445, 0.6218728956687523
34.05090397609761, 0.5162242136948871
34.188860637361856, 0.4090294554805963
34.32534264051918, 0.30036215388497456
34.46090267357354, 0.19039245742013491
34.59532051134077, 0.07851878780449362
34.72854777424151, -0.03473803759792521
34.86046318662668, -0.14918014243678418
34.991944648719176, -0.2643478628723489
35.121948292086174, -0.38136426453765326
35.25075702884782, -0.4995709097319565
35.37876301476348, -0.6189272333507095
35.505233216223466, -0.7399458254379733
35.631059773638306, -0.8612752785107051
35.755620683967784, -0.9835484801560768
35.87891403727722, -1.1070531019290524
36.00114492542387, -1.2315631892590704
36.12228913265191, -1.3572939888812803
36.24270098137894, -1.484245869338854
36.36193508216181, -1.612317028548081
36.47993307908668, -1.741189332415804
36.5967453879175, -1.8708010150851857
36.712099194855, -2.0013913388323252
36.82665388619894, -2.132931313734079
36.940592044990275, -2.265752371574487
37.05351443835974, -2.3996190844537475
37.16520225445036, -2.5342629447444818
37.27569245157243, -2.6696383746085632
37.385122327755944, -2.8058180073336993
37.493465078566615, -2.9428101200121572
37.600956602181924, -3.0805711410338366
37.70762770617026, -3.21930005900143
37.81372218856858, -3.3584032409751994
37.91888556045507, -3.4981888749450594
38.02310067391603, -3.6386446876525804
38.12622137222149, -3.779596315567761
38.22840684434482, -3.921085385626227
38.32967263431158, -4.063222720207944
38.430152158773126, -4.206118351427543
38.53004974276232, -4.349817478920119
38.629099033104325, -4.494122301987156
38.72727000734651, -4.638907543067782
38.824613960498965, -4.784132004824454
38.92124824141045, -4.929817904384062
39.01698766347263, -5.076281418000537
39.112090893356154, -5.223097661084779
39.20666570204031, -5.370211050460518
39.30058920603476, -5.517660125372612
39.3938224537787, -5.665251054296376
39.48673918875629, -5.81325446095219
39.579260632529355, -5.9617178498846695
39.67136934059774, -6.110391156103927
39.76202990698413, -6.259905590963092
39.85233069572065, -6.409437160040991
39.94248774128308, -6.559224257914075
40.03246763986649, -6.709195113292613
40.12161015683042, -6.859606710601989
40.210569750037926, -7.010068163971134
40.2990068797665, -7.160922967380787
40.3873096223347, -7.31194211551787
40.47512327157116, -7.463228639225465
40.56264606493958, -7.614751793519057
40.64995664208466, -7.766392252106122
40.73712545506175, -7.918023597747847
40.8240681276036, -8.069654705467403
40.9108448275865, -8.22132683485829
40.997480123319, -8.373332403182284
41.08411917751035, -8.525512523004743
41.17079782737818, -8.677382317596575
41.25710592405877, -8.829175481726267
41.3430719568904, -8.980913141036464
41.4294498667085, -9.132219258111375
41.51557137552371, -9.284073104401276
41.601523865039916, -9.43637145886584
41.688277821779465, -9.58823767478546
41.774540851991944, -9.74049117514315
41.861404992978834, -9.892199666883947
41.947672442690546, -10.043960754210334
42.03429258154386, -10.19523279606064
42.121458552335866, -10.345906654165544
42.20907116224087, -10.496710238098832
42.29736687194487, -10.647500188992352
42.386101742447565, -10.79816795334636
42.474686759471446, -10.949059614621142
42.563713909441084, -11.099697110574455
42.653216830453985, -11.250101022783666
42.743168342596555, -11.400106955120483
42.83358996552259, -11.54988299882254
42.92460591664742, -11.69923229056441
43.01602993730786, -11.848161200866077
43.107948791284706, -11.996775676133828
43.20060848323064, -12.144896631094786
43.29379472854741, -12.292938266292072
43.386811734999846, -12.44123748009382
43.48006320076537, -12.58909389019375
43.573921390316315, -12.736269449622522
43.66857236571472, -12.882852775199215
43.76438282527561, -13.028975358102318
43.86114579243924, -13.174955259491306
43.959102157981924, -13.32024396118552
44.05794348686409, -13.46462916191744
44.156418298582025, -13.608962180893371
44.255207629338, -13.752776923900996
44.355117751506214, -13.89556199083968
44.45530393945258, -14.038509264528306
44.557133861333305, -14.180769124438205
44.66069410158936, -14.321638314118722
44.764413947806794, -14.462080598579432
44.86939306772076, -14.601272101677377
44.97538581741234, -14.739378434126424
45.08189552697234, -14.876770541104502
45.189568044162726, -15.012934932817814
45.298164639613844, -15.148844623422548
45.408515062677566, -15.284399468539531
45.520167319773265, -15.419143278351712
45.632865185766455, -15.552793063163659
45.746133875251736, -15.686022004981387
45.86152088059637, -15.817376137018057
45.97830508612472, -15.947307744874108
46.09641692643903, -16.076174487203883
46.216157823447254, -16.203514421336425
46.33701095610305, -16.329607608070695
46.45912715327974, -16.454679596239824
46.582547351393416, -16.578555564962677
46.70755298564574, -16.70083736332272
46.834824199090164, -16.82071909239411
46.963582954217884, -16.938795003591213
47.094002976194076, -17.055399995274517
47.226051682849885, -17.170361294413993
47.35991554902065, -17.28281695179336
47.4950280416524, -17.393816428819214
47.63198753608729, -17.502598830251628
47.77071281894166, -17.60903961875437
47.91148966735139, -17.712646249077594
48.053756522654886, -17.81417748528076
48.19795841848945, -17.91291740520142
48.343423967031576, -18.00933834333467
48.49036138067441, -18.10350156580477
48.63929575575982, -18.194497809923277
48.78989918052869, -18.282895583984704
48.94222887809339, -18.36876020500739
49.09653268787149, -18.45117134440809
49.25225941029672, -18.531256301229654
49.409616751629315, -18.608115161960185
49.56806152303293, -18.682150830186583
49.72770690630928, -18.752980500336317
49.88860635286322, -18.8209856814064
50.0512945508585, -18.885098688490903
50.21533149129092, -18.945818164491932
50.38066100182178, -19.003247873486146
50.547026385527126, -19.05748842840913
50.71445366297594, -19.10806671471112
50.882876737587445, -19.155478101783988
51.05258414792126, -19.198421057885774
51.223063141990835, -19.237903269008928
51.39403145762073, -19.274019494048318
51.565589384978615, -19.30647823463863
51.73806267610949, -19.334610704882092
51.91126137832223, -19.35818977282385
52.08494746846659, -19.37775389756922
52.25898433372661, -19.393744609844344
52.433114596130174, -19.40568249539632
52.607568280897375, -19.413520016774786
52.78222987939369, -19.417240682617003
52.95668096544077, -19.416995543319253
53.1311537864627, -19.413541354871263
53.305847800412714, -19.40639820012543
53.48040409984595, -19.395926596859805
53.65473361645518, -19.382162626845755
53.828793480190264, -19.364883166397195
54.002576025619895, -19.344612052949916
54.17607846735259, -19.321250925854017
54.34904112197567, -19.295127246865867
54.521555864001016, -19.26632867471843
54.69358861107381, -19.234592827320284
54.865292829140984, -19.201016046251198
55.03635313898924, -19.16424849188045
55.20702009081001, -19.125478103526593
55.3770619184263, -19.08400675304952
55.54661896877509, -19.04097881875855
55.71546779356139, -18.9954261937885
55.883809602826474, -18.947738371154397
56.05163673847012, -18.898191440341375
56.21886200623736, -18.846601710860327
56.38549768772562, -18.793091982063604
56.551351938617394, -18.737723640935855
56.716396232361895, -18.680485028099987
56.88057759823102, -18.621552045724982
57.04438201256063, -18.561186416557497
57.20794454367083, -18.49904451169669
57.37099552083994, -18.43512313547404
57.53332247093854, -18.369469663522672
57.69479205647899, -18.30221379534217
57.855656161652384, -18.233737752731816
58.015986867291616, -18.16390654550378
58.17562140308235, -18.09238044819238
58.33440426352146, -18.019125519471224
58.4927408143983, -17.944832190939422
58.65058553040983, -17.868977242699195
58.8078485019315, -17.792002719272567
58.9643098980331, -17.713868814767405
59.11996490666683, -17.634144664661203
59.27503245694723, -17.55338557011529
59.429345570427664, -17.471044759751788
59.583274695888406, -17.38765478390646
59.73621367677089, -17.302795403549876
59.8886201976783, -17.216983974074555
60.040159220452225, -17.129650504984056
60.19114210426175, -17.041389752745605
60.34141551523015, -16.951641855424093
60.491050181495694, -16.861003939041208
60.6398411817456, -16.76899728222958
60.7880641217426, -16.676087653296584
60.935134041603824, -16.581826039414494
61.081686221648695, -16.48690611750081
61.22765376240597, -16.391230647291504
61.37273996529232, -16.294175297899606
61.517628739781465, -16.196365390249948
61.66216783852488, -16.09782243686276
61.80581763814978, -15.997911632626021
61.94899227801746, -15.897487378347696
62.09106661465219, -15.79593857726484
62.232612351690655, -15.694000578620356
62.37351487224243, -15.590850887296535
62.51429239537327, -15.487287048685502
62.65415343203042, -15.382888163910428
62.793915395614654, -15.278217961957015
62.933613214881035, -15.173340435276554
63.0727019415295, -15.067588599697876
63.21145939723351, -14.961336172819543
63.35012188795536, -14.854978040638057
63.48873537968545, -14.748114851979455
63.627409733956476, -14.641281201462776
63.765802302831894, -14.534297026477407
63.90402953347435, -14.427253755440688
64.04221172902612, -14.320046826398151
64.18059648155035, -14.21305543720893
64.3189536495858, -14.106195304468264
64.45719069733512, -13.999346564733484
64.59553820015732, -13.892660517762117
64.73384089528072, -13.785936135829678
64.87209011729415, -13.679399600991
65.01045880121417, -13.572789602821926
65.14935081310027, -13.466132670675597
65.28846022440207, -13.359517775613671
65.42749068212248, -13.253211025630627
65.5660868952664, -13.14674844283179
65.70464557961083, -13.040647524115284
65.84303760939389, -12.934740185124124
65.98085167886978, -12.827894071168215
66.11890519329557, -12.721167245408752
66.25731691963514, -12.614655497973972
66.39561509278904, -12.507141279751266
66.53408772235163, -12.399651894107492
66.67253434468006, -12.292537069783267
66.81015726552961, -12.18477103209888
66.9477322814051, -12.077348306779632
67.08438810566392, -11.969135300529402
67.22097937223847, -11.860840125074246
67.35690946751485, -11.75162330610744
67.49266474910522, -11.64225119003386
67.6281420315788, -11.532097250381376
67.76366354088991, -11.421747053266461
67.89874033102667, -11.310729750992522
68.03306602074858, -11.1987148071333
68.16588948755079, -11.085307422741588
68.2989560540131, -10.971901646662209
68.43137528846745, -10.857459444843323
68.56280079190302, -10.742207837613854
68.69380876076049, -10.62625588653947
68.82458469251178, -10.509864576254584
68.95432207316472, -10.392575916056762
69.08337149306607, -10.274463324552977
69.2111318780961, -10.155001966453542
69.33773435689824, -10.03467479909943
69.46379305758813, -9.913598991903076
69.58879945256894, -9.791261800246431
69.71281055436707, -9.668270551386355
69.83563853966706, -9.54415246957097
69.95811210884781, -9.419500904744812
70.07964534635447, -9.293728523979617
70.20007503197567, -9.166931140835905
70.31945405691982, -9.03946707230342
70.43820781104576, -8.911583481621081
70.55522880549736, -8.782293052146146
70.67079692847899, -8.651729877688274
70.78563860188666, -8.520061013086645
70.89925049171792, -8.386830762482235
71.01130134414218, -8.252274926591465
71.1219880217158, -8.116915716958186
71.23108904201537, -7.980384031836814
71.3383296154184, -7.84249489028558
71.44529390465728, -7.704156049244814
71.5509388965031, -7.564551935378677
71.65477818242626, -7.423887727840006
71.75667396179072, -7.281873599520569
71.8570019006484, -7.138624582102864
71.9553281094791, -6.994111896189875
72.05224155055099, -6.84894838079921
72.14757434002003, -6.703031949263502
72.24077294036614, -6.556030859146421
72.33246831146363, -6.407928075433938
72.42212889261867, -6.258426832036402
72.51043222053214, -6.107863196719324
72.59676436083735, -5.955834593840389
72.68096163631958, -5.802623096442281
72.76375101849528, -5.648499924474595
72.84422752439785, -5.4932135109676015
72.92254516381627, -5.337104039876529
72.99867837299077, -5.1801927328665505
73.07247093875789, -5.022375146117073
73.14419334927281, -4.863302352511108
73.21416823703571, -4.703059821885951
73.28150425485998, -4.541696879120715
73.34660027381243, -4.379348809533223
73.41084321799678, -4.216699217204882
73.47144687773128, -4.0527443855918115
73.5295962676429, -3.8877625602522086
73.58545894420291, -3.722032114224866
73.63881757680689, -3.555533728942208
73.68985421441471, -3.3880958708258766
73.73823331298111, -3.219860766211622
73.78415427611742, -3.0511922739129393
73.82745974740459, -2.882030308759061
73.8681560803684, -2.7121194565869366
73.90658187914705, -2.541401570459457
73.94214740830951, -2.3700846794557764
73.9750053816669, -2.1984170659862845
74.0051110147018, -2.0263605474543245
74.03224823509971, -1.8537224918205442
74.05405576920955, -1.680211482324919
74.07621814698643, -1.5066284403165684
74.09550361517124, -1.3326913380142362
74.11191096860117, -1.158448907117397
74.12514535313694, -0.983926604372664
74.13563244712915, -0.8093547986606332
74.14293985956854, -0.6347154241521755
74.14762615002475, -0.45991690942170915
74.1498349105625, -0.2850430409418614
74.14841636328778, -0.11039449248960906
74.14515446372872, 0.06433516628162742
74.13901661490017, 0.2390761633714333
74.12973621670149, 0.41375220336915297
74.11764866124739, 0.5883304781418298
74.10238104942562, 0.7624178901807713
74.08415532682909, 0.935990975411831
74.06305512194056, 1.1091107551910455
74.03892135949212, 1.2820446649521098
74.01219795684044, 1.4547698280183547
73.98245627272429, 1.627118033804645
73.95000968519865, 1.799021155162861
73.915224103039, 1.9702113120237947
73.87763244869139, 2.1405512037770578
73.83761154310005, 2.310208261562342
73.79603675185135, 2.4797801193177826
73.75139027897394, 2.6487297901817657
73.70425036909087, 2.8167452122145638
73.65477896028109, 2.9841635397809805
73.60294397532945, 3.1510345412533582
73.5487603485676, 3.317354602472311
73.49227888088471, 3.483006709963773
73.43460116745453, 3.6481789484804543
73.3736505068141, 3.8121629816240086
73.31054875614326, 3.975272978860094
73.24510860984299, 4.1373951827606685
73.17746640592077, 4.298585952787669
73.10759959074706, 4.458951533896758
73.03562303714594, 4.618315983701412
72.96180356474989, 4.7768904399071275
72.88583365745218, 4.934501455371624
72.80780827462509, 5.09089458984082
72.72831790923009, 5.246558679579689
72.64692031905965, 5.401511020835341
72.56354256405996, 5.555461557502228
72.47854209047706, 5.7082366437031915
72.39212902229181, 5.860102545256853
72.30366957294255, 6.0109076805281685
72.2134083072231, 6.160899526648389
72.1218264056471, 6.31010767980962
72.02865274400826, 6.4580316727952285
71.93400250606523, 6.604717825523866
71.8382183298986, 6.750434776208777
71.74067554926962, 6.895400933135081
71.6413016660349, 7.0394730586984915
71.54095774368538, 7.182566153697153
71.43910319264529, 7.324606249395474
71.33578098594039, 7.465698472364241
71.23111032280305, 7.605886183425568
71.12488190891425, 7.74501302644721
71.01739474331242, 7.883039870134009
70.90890028081672, 8.0202807693243
70.79905162531243, 8.156395599636818
70.68853673732157, 8.291938106989555
70.57656966571497, 8.426233984178378
70.46380214349469, 8.559754834932193
70.34973527001587, 8.692503668026951
70.2347191527376, 8.824542620265442
70.11866056191998, 8.955332123915726
70.00178107324663, 9.08530197861809
69.88363088020739, 9.214323962603924
69.76468242887557, 9.342741727142197
69.64455744273893, 9.46990904595181
69.52383685500253, 9.596429092817475
69.40197249122271, 9.721773247142798
69.27944386767271, 9.846216183371041
69.1561753371686, 9.970049138865015
69.03165496356085, 10.092742581932821
68.90649492655334, 10.21475733992332
68.78022407858954, 10.335522815851101
68.65328471873647, 10.455606363246744
68.52547851054533, 10.575058845646797
68.39609280919088, 10.692940854986064
68.26636866158103, 10.810450636119379
68.13557025200535, 10.926521020847623
68.0041491065462, 11.041506557436112
67.8715772848592, 11.155284483576539
67.73808017263256, 11.268120806444774
67.6042529115507, 11.38028216896395
67.46960966999794, 11.49143845196063
67.33525627358596, 11.602839608327246
67.19996300870795, 11.71336539722895
67.06502880658842, 11.824594799385126
66.92937637753357, 11.935080065204172
66.7945661289117, 12.04672319783164
66.65962703038402, 12.158093773000765
66.52512789057657, 12.270007274121088
66.39065560004103, 12.381794622674896
66.25676090549881, 12.494487373137103
66.12352040807694, 12.608062609865788
65.99055488891956, 12.721591552193832
65.8583446408865, 12.835912669442077
65.72702180768238, 12.951150008175087
65.59622564015588, 13.067017957062891
65.46580924014386, 13.183736403281532
65.33623802883294, 13.301517654540326
65.20745624053767, 13.419902105025466
65.08021341420232, 13.539627724945063
64.95284851918812, 13.659520446605734
64.82662329229098, 13.780853005660626
64.70121029467336, 13.902666417195613
64.57686603607874, 14.025214653010904
64.45352575470943, 14.14865698840099
64.33077895919917, 14.273078422858744
64.2090698207309, 14.398666744522957
64.08819671276788, 14.524849225900999
63.968272108853355, 14.652058424158778
63.84963583278472, 14.78047204869922
63.73166360505849, 14.909563667415856
63.61453767042719, 15.039683388950255
63.4984984790378, 15.170711509355476
63.383302214128655, 15.302328321648288
63.26992450622738, 15.435294673589254
63.157496680325465, 15.568938614571545
63.046127375888425, 15.703656871229922
62.93556585053687, 15.839199708492188
62.82620279145892, 15.975955123421759
62.717968303850924, 16.113681538208336
62.611090043506344, 16.252147357462107
62.50507440360383, 16.391070301389963
62.40064416484618, 16.53098591700992
62.29718115091234, 16.671407548840477
62.1946787362804, 16.812883298527396
62.09320595832182, 16.955350157455303
61.992903751332655, 17.098338358158635
61.893829911600285, 17.242130265603045
61.79559523611369, 17.386825903163874
61.69839935539233, 17.53229769437161
61.60234990719062, 17.67835038030596
61.50772329918733, 17.825151328447294
61.4144866242233, 17.972544065210283
61.32159249201064, 18.120444401296105
61.229765557647895, 18.269298669934244
61.13910624311325, 18.41883099190218
61.04948659239363, 18.569279796907033
60.96085312331002, 18.720347361745826
60.87285260945784, 18.87149540001335
60.78642682322648, 19.023261641358953
60.700531252938, 19.175479267817476
60.616001673407645, 19.328611616262922
60.53240256401628, 19.48222808251568
60.44969770461675, 19.636299893611156
60.36852755902452, 19.79094678205167
60.28792000755265, 19.946006977748503
60.20865680380173, 20.101863168373658
60.13007187929388, 20.258089456121308
60.052302761504365, 20.414721471773454
59.97606434566387, 20.572062452009234
59.899903159995425, 20.72939930569367
59.824754312700726, 20.886945245076223
59.75027647884961, 21.045019412777112
59.67730339068996, 21.20404808503203
59.604784122636765, 21.3632593845957
59.53325216242754, 21.52284661141782
59.46247001286851, 21.682814160975962
59.39267945256199, 21.84326430903265
59.323699401218015, 22.003841040945552
59.25537131253217, 22.16475599509059
59.18720950670323, 22.325913265316352
59.12021320135944, 22.487446534448065
59.05326361282055, 22.64880909506954
58.987562529143624, 22.810494382618625
58.92184016680429, 22.97233412742391
58.857307392795484, 23.134814362354962
58.793804241865324, 23.297708151537343
58.73043512760757, 23.460785527333258
58.66823404445735, 23.624167035525424
58.60612190348319, 23.787718237104844
58.54500672823075, 23.951780030175733
58.48418579767669, 24.115684546822788
58.42336979621994, 24.279324259248803
58.363601898699926, 24.44346864329037
58.30408579052119, 24.60782343774588
58.244934933126046, 24.77206834968985
58.18602133579645, 24.93657649976548
58.12738213716869, 25.101336550826645
58.06937302768922, 25.26632905478028
58.01162997815435, 25.431424434094026
57.954108805611824, 25.596610605074712
57.89676795081497, 25.76195448654718
57.83965399436462, 25.927252084461063
57.782719893350816, 26.0926388740471
57.72592504867122, 26.25804267883257
57.66928866022843, 26.423360294923985
57.61270463912127, 26.588960146987983
57.55621207762014, 26.754731764180967
57.49983730092861, 26.920279400997202
57.44350113117117, 27.08578053858016
57.3875164781276, 27.25134390294402
57.331454246653244, 27.416906132414876
57.2753162399909, 27.58251285350186
57.21905678260176, 27.74797512246715
57.16272048095473, 27.91343633509071
57.10608744125346, 28.07907082252201
57.04937534195677, 28.24481111194329
56.99316445490666, 28.41050136933765
56.9368390181606, 28.575897623704694
56.880180695080995, 28.740915834801196
56.823282863834855, 28.90599074074934
56.76600704558557, 29.071075557289866
56.70931030316649, 29.236423788759396
56.652102400306305, 29.401668044790963
56.59461945625514, 29.566773911303954
56.536708562059566, 29.73191338625208
56.47829448882443, 29.896846700602783
56.41923106330746, 30.06150412497402
56.36063399064738, 30.22628390482993
56.30163564565212, 30.390655909357058
56.2422654457917, 30.55498267296362
56.18237659689734, 30.719267077084815
56.12196890656735, 30.8833664091574
56.06095068351721, 31.047186981757072
55.99954817776793, 31.21097012379225
55.93749538523272, 31.37461389451116
55.874689459701294, 31.5377022013947
55.81167789310144, 31.700443126048707
55.749160661024106, 31.863109309156222
55.68517826957856, 32.02540969093543
55.62036954366384, 32.187585806143375
55.55391146079911, 32.349019509407846
55.48713457375086, 32.51059929764083
55.419581234611904, 32.67193782431885
55.35102341153922, 32.832969868231245
55.281299762445606, 32.993618697750065
55.21127569760835, 33.153864068249135
55.13946490677961, 33.31327811091452
55.066003917127865, 33.4720913767961
54.99161982613886, 33.630390406124235
54.91594373128039, 33.7877984692174
54.838353944927114, 33.94418551736083
54.75972292520008, 34.09996495400802
54.67926638715097, 34.254914216639385
54.59777091495653, 34.40942489094333
54.513096993024114, 34.561978140923976
54.42784153816989, 34.71445165793801
54.3399793491433, 34.86563613347208
54.249165663257216, 35.01505099932112
54.15687354626498, 35.16354906961863
54.06227485770375, 35.310317508047824
53.9653893463739, 35.45569536235471
53.86600570689343, 35.59949341548304
53.764255408001326, 35.74174098968442
53.659637262997244, 35.8819813739014
53.55236849210415, 36.019967427326094
53.442949651259994, 36.1563129182021
53.33062020627668, 36.29034262948931
53.215338455419186, 36.42204774660682
53.097734490703566, 36.55179618685963
52.978247948489546, 36.6795091512754
52.85476417042388, 36.80326300244406
52.7288597173747, 36.924415542174124
52.60002095107512, 37.04243819773255
52.46899969108688, 37.15809620637688
52.33497781986027, 37.27031823823817
52.1981105299181, 37.37903851046157
52.059474614135056, 37.485111208293816
51.91849412898777, 37.587956098914994
51.77429512576149, 37.68670328986985
51.62720714206983, 37.78124595485699
51.478113679041016, 37.87252218512464
51.32690408575211, 37.960514394457874
51.17344465233748, 38.044358661483976
51.01798472560992, 38.124300279278124
50.85987562826215, 38.19924385700803
50.700080877875465, 38.27052855344239
50.5384034125995, 38.33719141112079
50.37490788112765, 38.39937173816589
50.209940726842994, 38.457903489108475
50.04272739057264, 38.509764283271885
49.874094451524215, 38.55615386229802
49.70406512816497, 38.596478211061665
49.532594424895386, 38.63045300849301
49.360156312828, 38.65950849442117
49.186226743120685, 38.67830904294646
49.01172902576155, 38.69195497486927
48.83693776113808, 38.69792942013238
48.6620535456735, 38.69828065487389
48.48725009166776, 38.69363090428267
48.31288403922469, 38.68428815803192
48.13861459068744, 38.67109678236655
47.96448501395546, 38.65448925413131
47.79085255853751, 38.63380545891347
47.61766079241286, 38.610142339748705
47.44516733512782, 38.58341790328261
47.273348541920676, 38.55408756116698
47.10222991758237, 38.522240487758296
46.93172805120512, 38.48735379112899
46.761377824736705, 38.44980728782333
46.59130629655957, 38.41018876563165
46.421628404514315, 38.36835440976382
46.25225922959989, 38.3242121445046
46.08338524407657, 38.27830434174661
45.91517585136189, 38.23021754167736
45.747681623485576, 38.180100953414154
45.580753737744395, 38.12805061269862
45.41448671733625, 38.07391767453728
45.248935761626726, 38.01774010037088
45.08395010738998, 37.96002738408139
44.9193720136519, 37.900788593698444
44.75523108960992, 37.83998466534892
44.592197933418234, 37.77674971276568
44.42976062689312, 37.7123912969691
44.26788372055915, 37.64653880782953
44.106484429071074, 37.57927402842793
43.94554298516997, 37.51043687344022
43.785275333450414, 37.43979370124683
43.62587289379013, 37.36782465023668
43.46735997136192, 37.29403285665648
43.30930800148163, 37.219211813875425
43.15200235805883, 37.14252315161195
42.99500507674881, 37.06492101336825
42.83881175845191, 36.98613778916229
42.68327267885806, 36.906095303068724
42.52856822628579, 36.824475629871024
42.37459381903905, 36.741572135050795
42.22085272178706, 36.657855264765644
42.06779967091699, 36.57284266795625
41.915579157267686, 36.48675552895663
41.76432555107018, 36.39941149299423
41.61357069528416, 36.31099895784864
41.46351966215523, 36.22125650212249
41.314412206724526, 36.1303985363744
41.165779389574354, 36.03845941385056
41.017501406980045, 35.945578136906974
40.86995873911941, 35.851588628522755
40.72325493265212, 35.7564493544702
40.57694319203663, 35.660903318124866
40.43138866344779, 35.5641630562353
40.286368531530236, 35.46634936544043
40.142001779101484, 35.36735308720172
39.99851156341387, 35.26734706946559
39.85587371114544, 35.16636334569485
39.71335824189314, 35.06500977870092
39.571496479030074, 34.962565985154356
39.430246084439226, 34.859160893390396
39.289612348360485, 34.75485223509034
39.14938746931513, 34.650290491533546
39.00983634310961, 34.54498793751995
38.87070215483435, 34.438811710761705
38.73187412079218, 34.33216903478126
38.59350605991084, 34.22533861065269
38.45570259102369, 34.11804948681001
38.31812316758866, 34.01074158788245
38.180467258867615, 33.9033007563008
38.04267424646518, 33.79579886163878
37.905285422047335, 33.687726775639455
37.76758449921666, 33.57966950229839
37.62937645187101, 33.47219466359021
37.4909561142913, 33.36505202523877
37.3524534045626, 33.258213254647
37.21368285314177, 33.15180103076744
37.07534051237062, 33.04491072446593
36.93656765009221, 32.93849220306136
36.79751904153226, 32.83229117303411
36.657873285148064, 32.72723606310591
36.51803138702843, 32.62232781870141
36.3774449625106, 32.518304585148165
36.23597985260252, 32.41590544226844
36.09429061233838, 32.313740900774505
35.951949204884926, 32.2120165518518
35.8084892362253, 32.111723013853926
35.66487366732123, 32.01184862581474
35.52067157992932, 31.913094581183874
35.37516484871167, 31.816002049742313
35.22853979262413, 31.720454651928137
35.08148111247409, 31.625659482593573
34.932917361295864, 31.53332719978829
34.783502699007926, 31.442230080456365
34.633229288544285, 31.35240622756828
34.48155327067596, 31.265473908370332
34.32923307448921, 31.179773368531333
34.1754918431183, 31.096592073629598
34.02085576528973, 31.01476828972738
33.86490775718403, 30.935313077395737
33.70745582193211, 30.859456636412837
33.549009036099854, 30.786295078439906
33.38938932240452, 30.716258589195167
33.22881489407942, 30.64791617360365
33.06679626833199, 30.582620455798526
32.90304433884465, 30.521748341258846
32.738256489033084, 30.462831670429768
32.572257701639785, 30.40730952654759
32.40499424723663, 30.35594160501362
32.23685456069423, 30.307632978373476
32.06774601248091, 30.263037068024758
31.89770502807055, 30.222502976527718
31.726954559409574, 30.18573246834927
31.555517665692513, 30.152153185946638
31.383010005173773, 30.123042582612616
31.209622104430892, 30.098441459366445
31.035893867009506, 30.07762956678365
30.861974616604176, 30.060885156644304
30.687683348277584, 30.04789361579255
30.51281659014915, 30.039511127716622
30.337687000272936, 30.035391934304823
30.16261756508355, 30.035137545281092
29.987829912078453, 30.039621800455347
29.813330803008604, 30.048809680340927
29.639236439895107, 30.062733867888852
29.46549264348613, 30.080606428995942
29.292166164692222, 30.103706789109335
29.11966571736423, 30.132040174966566
28.94812316808478, 30.165661952414812
28.777616106264652, 30.204709468957095
28.608145065335403, 30.248363991826935
28.44080487648006, 30.299445846417555
28.276082893752953, 30.358397422614352
28.113164945570464, 30.42214473894964
27.953125296798525, 30.492753307120104
27.79511833791377, 30.56799324823391
27.63941660575939, 30.64763723667697
27.48579848383946, 30.73103914319693
27.334089233534765, 30.818213348497906
27.184308575322984, 30.908747700030723
27.03665483718409, 31.00224708557078
26.89032139686293, 31.098028204406283
26.745715360635803, 31.196619137878212
26.603154972935513, 31.297806865794858
26.46178603835335, 31.40065344745859
26.32205895557621, 31.505954516913956
26.183907379417395, 31.613229099819616
26.047110040662897, 31.722172902775963
25.911930536109566, 31.833405706880203
25.77820355744511, 31.946332280936332
25.64584243676874, 32.060503629866794
25.514876801146706, 32.17624606103137
25.385182033794113, 32.29348748617274
25.25698210632522, 32.412431904403526
25.130010595229702, 32.532628149658
25.00445627250501, 32.654044958105374
24.87977565277219, 32.7766252392825
24.756157391856068, 32.900445225253705
24.63434413867247, 33.02582371567294
24.513655337817326, 33.1525148588949
24.393900955116138, 33.28019218778194
24.275475696388124, 33.40891409480933
24.158094252544238, 33.538401069913945
24.0422343484393, 33.66936427983518
23.927354295515048, 33.80137773190821
23.813289713645773, 33.93411473941919
23.700603585065814, 34.06796528559672
23.589351679998433, 34.20301001320399
23.47879925844425, 34.338627933969065
23.36935084105796, 34.47481802914686
23.26120705575353, 34.61211787099179
23.154276277218486, 34.75043537206092
23.04835977777434, 34.88950096820655
22.943873440847845, 35.02968449231534
22.840346795867056, 35.17061307338289
22.73765142512631, 35.31236085097597
22.6363763885902, 35.45506768951273
22.536101351445083, 35.59841526632977
22.43615084305988, 35.74219471230567
22.337866470880872, 35.88708470878357
22.240597827466686, 36.03249579831186
22.144427279668506, 36.178473445269475
22.049131079957075, 36.32513300309014
21.954783472362735, 36.472514124798856
21.861117537906175, 36.620152951208254
21.76839201758741, 36.7685745446103
21.676579759658313, 36.917860759025615
21.585878516589837, 37.06775784108238
21.496935770391076, 37.2184146255319
21.409285216505815, 37.369537905977175
21.322005419674703, 37.52078718536101
21.23565296301116, 37.672845544252176
21.15027614695534, 37.82553209912384
21.06585960365474, 37.97846632839559
20.982098932970377, 38.13151952234636
20.898991724406144, 38.285069260382116
20.81601556115327, 38.43906259055593
20.733159276898906, 38.59311204510104
20.650355970680863, 38.74714319068836
20.567485589357222, 38.90109268805612
20.484474342367818, 39.05468382335133
20.402155653523558, 39.20873663115619
20.31935575125803, 39.362620505394666
20.2361962897545, 39.51605247584931
20.152724055871, 39.66951935594755
20.068653486539485, 39.822876656241675
19.98408051014617, 39.975710497446144
19.900251134760094, 40.129054539363366
19.81555873156596, 40.282024957992135
19.73017522286212, 40.43457127266911
19.64430558780323, 40.587158009192066
19.55766153910878, 40.739372554232204
19.470385771073378, 40.89093732794947
19.38360932674728, 41.042737456282474
19.29597235321656, 41.19403799564826
19.207601582944616, 41.34486595848351
19.117896888172485, 41.49512444258635
19.027442452988083, 41.644954388156926
18.935531206980276, 41.79360114397978
18.843666389171894, 41.941984933930755
18.75208777862411, 42.090696878757996
18.65945932151591, 42.23920419647414
18.566032484500447, 42.3873056735885
18.47186161284756, 42.534731346465286
18.376670589356458, 42.681420210617624
18.280721494824768, 42.82777203672812
18.183906508110866, 42.97349133449366
18.110645144626048, 43.13219530629165
18.010696144424095, 43.27573508656324
17.909719443323123, 43.418557884458515
17.807915009315817, 43.5607498318655
17.704706854340614, 43.701949319647014
17.600945765448923, 43.842501579670454
17.496537451770113, 43.98278631208586
17.390964400597326, 44.122422440181374
17.284651503208625, 44.2614202562617
17.176719729356638, 44.39908169684914
17.06803294745228, 44.53586198965889
16.958192261656865, 44.67175437420233
16.847544393986208, 44.80722809314568
16.736162122625927, 44.942319717977426
16.623200504173262, 45.07608808759394
16.508740871923724, 45.208246228139146
16.39322309835046, 45.33950055369799
16.27630981799443, 45.46973982701716
16.15865495448042, 45.599179184608296
16.039265449311195, 45.726978192014464
15.952929940752496, 45.879020701523494
15.878317858017626, 46.037176636650834
15.807737618121195, 46.19721208370972
15.70203891024421, 46.336584085092646
15.604334738585589, 46.481884758172534
15.494538887869997, 46.618203824894096
15.401232762819136, 46.76617926819833
15.320092968598209, 46.92115393490363
15.193716995335876, 47.04189757491698
15.065634237682117, 47.16088698448059
14.925581978291858, 47.26556325107681
14.789980298858763, 47.375971846102146
14.645826185358208, 47.47540008325746
14.513082734238617, 47.589649468851235
14.376869639091229, 47.699366913957455
14.228476017196035, 47.79183144505038
14.0798469576031, 47.88381854635332
13.930817807009083, 47.975288228117854
13.78027094423059, 48.06434509238165
13.628376135719249, 48.15090449287975
13.47573871145726, 48.23658461440038
13.32200823286323, 48.32039708239921
13.167605688972333, 48.402527547348676
13.012234590318055, 48.48248127886557
12.855690851839066, 48.56012697986629
12.697883680265889, 48.63565676940392
12.539358336100626, 48.709688607640295
12.379803511882162, 48.78086290615873
12.21962910643391, 48.85000355579367
12.058373857015381, 48.9163625106704
11.895627457485032, 48.97957017337982
11.73199792508319, 49.040752003533555
11.567359288559027, 49.09927570612499
11.402000820514953, 49.15568120847014
11.235911590327273, 49.209085610715135
11.068778546957793, 49.25994908101294
10.900485091462743, 49.30805372507209
10.731387624497842, 49.35290100108544
10.56172184501814, 49.39523689458936
10.39151206687075, 49.43471079485465
10.243585436645454, 49.527183306327935
10.101782161084806, 49.628367107014675
9.966603699450935, 49.73784822836396
9.838523223090004, 49.8551847133342
9.67192123342644, 49.904350854572925
9.544695847748887, 50.0226309035719
9.377082654479727, 50.06737029342284
9.207306479430946, 50.101797208859736
9.037393249832606, 50.13427969073276
8.865354775192177, 50.14974288459162
8.692576845819621, 50.15477308791059
8.519270900754055, 50.14954130022335
8.345490175026132, 50.13986575271749
8.171149451461575, 50.12757368863752
7.996791290699209, 50.11258580247651
7.822889427605243, 50.09534818392582
7.649239825485406, 50.07632093258306
7.47569696744451, 50.05493505263813
7.302134340856888, 50.03164026616844
7.128883943500277, 50.00592199439868
6.956202001124981, 49.97796306158526
6.784119673557813, 49.94707057223944
6.612211282029316, 49.914576682801034
6.440751629271237, 49.87980134177302
6.269950222603721, 49.842842942478086
6.099429476604907, 49.80422113904804
5.929451582327498, 49.76313809117835
5.759851958607625, 49.72029902530535
5.5904484785241, 49.6759642638245
5.421794492567664, 49.62930295056363
5.253699331427207, 49.58130299469488
5.086209982840974, 49.53145945558978
4.919378154682553, 49.479730428940826
4.752915567963377, 49.426114118759564
4.586757896255012, 49.37104704061124
4.421277789690105, 49.314636694858805
4.256373956368503, 49.25644017272467
4.092166790872787, 49.196290797440824
3.9283704311454017, 49.13516321760198
3.764867173047253, 49.07264622228158
3.602101428432742, 49.008198363520194
3.440306318096384, 48.94193160710737
3.279239359167884, 48.874483488819585
3.1188484676690917, 48.805683687364066
2.9590818583072425, 48.73568266814368
2.800281803883227, 48.66385601091836
2.641364936458241, 48.59145765312063
2.4828702524930946, 48.517541118762445
2.3253997116698226, 48.44194192922734
2.168243676805357, 48.36549910739238
2.011624010529898, 48.287640184724744
1.8554851074265606, 48.208676560924424
1.7000037146146962, 48.12846140147795
1.5448945866332633, 48.04756534542125
1.3904039509108699, 47.9655164767402
1.236758579124503, 47.88239945920144
1.0839865722292839, 47.79812701235439
0.9315755254692291, 47.71278763380257
0.7797278261902083, 47.62611374318853
0.6286604045055997, 47.538347422633656
0.4780486127229468, 47.44955548531028
0.3281199248733125, 47.35960149844359
0.1787584028065137, 47.26864625152817
0.030057416355811273, 47.17655325132892
-0.11823367217011305, 47.08427375844023
-0.26569050162155894, 46.99113426991741
-0.41223960787725156, 46.89703211528705
-0.5580530404395369, 46.801989867416964
-0.7040886584208715, 46.706644135125984
-0.8499001860150451, 46.610092315911
-0.9952596359427404, 46.5125187655461
-1.1399502427538082, 46.414088401349915
-1.283913326172412, 46.315037369213684
-1.4276453623164158, 46.21604279194264
-1.5706360978272278, 46.116310167517895
-1.7134372666604198, 46.015813229591856
-1.8560134349324704, 45.914565441283216
-1.9983778415331428, 45.813451131817125
-2.1404025289225044, 45.711726057699025
-2.2822463915650766, 45.6094196737927
-2.4237780140854945, 45.50670425537363
-2.565431299346613, 45.40413401480159
-2.706657030211645, 45.30116109920547
-2.84743836712052, 45.198003271828775
-2.987878041568047, 45.09480181380559
-3.1281148265911636, 44.9913572535677
-3.268902001782882, 44.88800048818066
-3.409634068496439, 44.784296608206596
-3.550260188316387, 44.68040679580417
-3.690997874963719, 44.57625355311138
-3.831718924567802, 44.472105235923536
-3.9721756361195015, 44.36799662997057
-4.112808074235967, 44.26392661534628
-4.253527157829122, 44.15977864527705
-4.394061964029231, 44.05580192991827
-4.534666872309642, 43.951913978266774
-4.675343167315933, 43.8481166554486
-4.815073464947342, 43.743465844308396
-4.955050998438934, 43.6389153545778
-5.0951973978015035, 43.53436056857674
-5.235358853624689, 43.43000429914023
-5.3757374161033225, 43.32570430578988
-5.515487660556046, 43.220568643329415
-5.655109171836623, 43.115677766661086
-5.794808227876965, 43.01112191805606
-5.934147984964881, 42.905593508715185
-6.073678931797517, 42.80000799062481
-6.213320559463441, 42.694626509497155
-6.352244707494763, 42.58833572951721
-6.491382164523068, 42.482256044770565
-6.629813422395516, 42.375211090563624
-6.7681331090879375, 42.26843059564527
-6.905517433400472, 42.1608544090224
-7.042694597252977, 42.05336231951088
-7.1793459424035815, 41.94475483201047
-7.316554506486498, 41.83599561738025
-7.452900273670822, 41.72609701275841
-7.588312502470857, 41.6154448065899
-7.723646127608293, 41.5050914431952
-7.857947068616847, 41.39383283986621
-7.992380993263971, 41.282453841379
-8.126060768720807, 41.16993452524755
-8.259220722664406, 41.05653063270185
-8.391691976438002, 40.94205541865143
-8.522947736635588, 40.82635328721117
-8.653667007279525, 40.709836741858155
-8.783593532533487, 40.592439198718075
-8.91231812350116, 40.47408939261545
-9.040978709704097, 40.355686681445945
-9.1687439095401, 40.23631323724306
-9.29571939737402, 40.11614442882875
-9.421529756880172, 39.994825241922015
-9.54625677764096, 39.87258379385731
-9.670339987468456, 39.74982783003927
-9.793858143426082, 39.626232388688756
-9.916169701803318, 39.50122534209795
-10.037349528124983, 39.375042785548324
-10.157379771385434, 39.24768876506202
-10.276594907297298, 39.1197520029108
-10.394851384936786, 38.99079046042717
-10.51157479786556, 38.86046128917803
-10.627363214483303, 38.729450123015965
-10.742278802726505, 38.59752320302493
-10.856091960212549, 38.46467738221019
-10.96868433853067, 38.33083947047716
-11.080081350924798, 38.19586814454626
-11.18965792960782, 38.05955691770601
-11.297485596581497, 37.92202589075241
-11.40449741080611, 37.78370494280489
-11.51013140597706, 37.644052470307386
-11.614267264797148, 37.50332084005153
-11.71714664369613, 37.36190068332081
-11.817967279431, 37.21908796578327
-11.916996612984654, 37.07494268690354
-12.014224252111513, 36.9296139847277
-12.109877665181079, 36.78319962879477
-12.2038276497667, 36.63565350691075
-12.295763887716268, 36.486956331301094
-12.386160498795686, 36.33744090825481
-12.474127952252681, 36.18677287738109
-12.5605499397175, 36.03513924263561
-12.645211520878075, 35.88204680118585
-12.728298907489618, 35.72798497868159
-12.808765876701502, 35.57260980662271
-12.887491831200604, 35.41641593542277
-12.963933653546807, 35.25927548269929
-13.038842705211993, 35.101225526471495
-13.110907292400709, 34.941780198418186
-13.18081762568779, 34.78159129721695
-13.2487551967903, 34.62045035174857
-13.314762179738455, 34.45836509855472
-13.378045446915232, 34.29531105522705
-13.439177046547346, 34.13140367404732
-13.497921145098806, 33.966647363500584
-13.553994412197813, 33.80122705961301
-13.60806658644077, 33.63522261802279
-13.659048762847377, 33.468323670802356
-13.707578727568029, 33.300939642414626
-13.754103602532895, 33.132745408172205
-13.797597248719798, 32.96331245067179
-13.838829156576722, 32.79334127386362
-13.877380333501794, 32.62296766310959
-13.9133562088945, 32.45197885748501
-13.946653371912348, 32.28039964833935
-13.97729988736977, 32.10858116558736
-14.005453538805112, 31.936256368300885
-14.03124558452741, 31.763245184487623
-14.05395629701452, 31.58981849179449
-14.073271014437925, 31.41623188628708
-14.090394278953571, 31.242665758051885
-14.104433492592046, 31.06899983759698
-14.1160774383188, 30.89502792961569
-14.124726499668073, 30.72082666226586
-14.130735083008174, 30.546764377628403
-14.134197008917393, 30.372435618045422
-14.134595760138486, 30.19761980747782
-14.131534254574044, 30.022824288863244
-14.12590683428327, 29.84830250706541
-14.11735362673526, 29.67410901746882
-14.106152395937425, 29.499840577891216
-14.091874225156475, 29.32557289688096
-14.074917392676287, 29.151751397080787
-14.055174535461147, 28.978116205641648
-14.03302219818331, 28.804687452916017
-14.008881494923964, 28.63140993108115
-13.98237621737341, 28.458385438057224
-13.95309732080806, 28.285869016966505
-13.92148854628006, 28.113787816344963
-13.887139201818991, 27.942278677042474
-13.850576496811952, 27.77108406364336
-13.811191399975849, 27.600537876289557
-13.770001596432403, 27.430582596905285
-13.726511485908755, 27.26133358266659
-13.680745267497898, 27.09282652062677
-13.632595535140691, 26.924756320923077
-13.582097561317028, 26.75722527954936
-13.529338273795883, 26.59049560670941
-13.482096333614683, 26.42222010481791
-13.416914378478426, 26.260139543595105
-13.337453559159712, 26.104657960515098
-13.277361092079426, 25.94062457992025
-13.215398833088749, 25.77689872087747
-13.15080266441155, 25.6141490558027
-13.084540850672553, 25.452340592949295
-13.016405574950426, 25.29158278986407
-12.94627207321801, 25.13190738539569
-12.874643499875267, 24.972791717150766
-12.845895721742021, 24.80064923255464
-12.812215867408847, 24.629647549517095
-12.74613354167226, 24.468396906851748
-12.664941055299744, 24.313825868870943
-12.5824388729837, 24.15981594626934
-12.497963948393279, 24.006777720162187
-12.412097854263811, 23.85425776453803
-12.324930392844747, 23.70241125818534
-12.235990944041479, 23.551688143830685
-12.14590202157113, 23.40187323092811
-12.05454524266766, 23.252840781047695
-11.961542659979225, 23.104710991330784
-11.867342207482634, 22.957160745812963
-11.771419303665777, 22.810746262500714
-11.673844828453868, 22.665728454090978
-11.575200670821685, 22.5217385151188
-11.475460524446104, 22.37875639569382
-11.374279771679563, 22.236530520150854
-11.271875884949537, 22.09491069887921
-11.168329774172959, 21.954017308513553
-11.06309389174535, 21.814338485346347
-10.957263479968642, 21.67542180304732
-10.849908365105353, 21.537746702000245
-10.741428822486965, 21.400539422963615
-10.63193580562915, 21.263974215904437
-10.521065203098255, 21.128632152072193
-10.408951449460208, 20.994426018282788
-10.295580698604374, 20.861590706694667
-10.181290687275167, 20.729271525326
-10.065490486483288, 20.598013860408575
-9.949154606187916, 20.467565386152238
-9.831635516889694, 20.338410478897377
-9.713238411337805, 20.21006820687742
-9.593699179647032, 20.082551257484443
-9.473380922804232, 19.95575344119016
-9.351907290145245, 19.830015653924264
-9.229562174789386, 19.70507983926435
-9.106332046482466, 19.581369153933817
-8.982379287933421, 19.45816120073262
-8.857088110706577, 19.33609116242851
-8.731334679015864, 19.214853910800173
-8.604527828256925, 19.095079467143094
-8.477135799153356, 18.97574502451891
-8.34867823243492, 18.857374314848116
-8.219303141091293, 18.740336965201887
-8.08956107916271, 18.623462195511753
-7.95861248810425, 18.507737399203275
-7.827178153896149, 18.392563627229148
-7.694785496859513, 18.278251124668955
-7.561370948882134, 18.164794475186937
-7.427522011553604, 18.05175464490107
-7.292889059928549, 17.940040922798424
-7.157559426467993, 17.829549537056796
-7.021957002362366, 17.719422694911955
-6.885413998752598, 17.610512224609128
-6.748646609696082, 17.50213990110408
-6.610932805719705, 17.394686868252716
-6.47213645692194, 17.288225141115593
-6.333023905424402, 17.181956309870518
-6.192852163331818, 17.07714021485591
-6.051905961470162, 16.973434533229362
-5.910662514758293, 16.870200830824896
