-3.8850000000000002, 14.054999999999996
-3.8834280186061227, 14.053056067270779
-3.878939530674298, 14.047047450892526
-3.8719191113447353, 14.036705128610757
-3.8622818706645323, 14.022097827870748
-3.8498825757668467, 14.003322669352814
-3.834719355253183, 13.980380897980954
-3.8167879285431274, 13.953275352101974
-3.796057112033208, 13.922026703459128
-3.7725568801527403, 13.886615102624317
-3.746278984286762, 13.847046026320106
-3.717187454265648, 13.803343397800575
-3.6853186770660598, 13.755483953677295
-3.6506044334490766, 13.703513583595445
-3.61304730614628, 13.647429758531665
-3.5725511816492737, 13.587303420336415
-3.529282841066082, 13.523026027785619
-3.483137442299643, 13.454667143567777
-3.4341241700531997, 13.382222015508432
-3.3823294418577285, 13.305631318928892
-3.3277327278662914, 13.224909208995825
-3.2702447160028614, 13.140116418867986
-3.2098812287935896, 13.05125119909656
-3.146717640546738, 12.958276533595138
-3.0806083014751273, 12.861288046063077
-3.0116739152086054, 12.760212393090688
-2.9399219942290924, 12.655054866462011
-2.865534386327749, 12.545674660192434
-2.7881701777281305, 12.432311222647527
-2.70786187561213, 12.314949384329545
-2.6249686198075253, 12.193353952943301
-2.53945771237321, 12.067533370999614
-2.451331894149817, 11.937468478255456
-2.3604548819597433, 11.803272803211929
-2.2673750789828495, 11.664892350963887
-2.172646944952302, 11.52282349029392
-2.0774709140985697, 11.37908826172774
-1.98216743268167, 11.234625175500325
-1.8873456139147315, 11.08887804123714
-1.7928735115244412, 10.942699243122588
-1.6988943145956594, 10.795667141931313
-1.6053074301626031, 10.648185147646553
-1.511649465980399, 10.500646147067174
-1.4186737659497115, 10.352581834797213
-1.3260922522752474, 10.204177097859949
-1.2338121825455621, 10.05533261343248
-1.142520442799144, 9.90601448059338
-1.0518088220261534, 9.756635610044544
-0.9616195737739932, 9.607232702432457
-0.871997589176827, 9.457553281031313
-0.7826421606564609, 9.307433224254737
-0.6938555560936396, 9.156921480822046
-0.6055217782040178, 9.00614496759558
-0.5176705621560401, 8.855088212682551
-0.43032861418888974, 8.704025126266458
-0.34338374566189284, 8.552617667461671
-0.2568025204504467, 8.40071909061678
-0.17048270466884033, 8.248506512793472
-0.0847144496355314, 8.095984540223919
0.0004977487455880558, 7.943437494139293
0.08507526085567681, 7.790805737633189
0.1693914026963231, 7.637827414797177
0.2532823850055549, 7.484431502201227
0.33675761978556834, 7.330868834557536
0.41974868003812515, 7.177103753566143
0.5021858013839764, 7.023306849926076
0.5843210009396592, 6.869187651655076
0.6661941462425547, 6.7145013123079496
0.74773287281346, 6.5596365397549565
0.8292332742150128, 6.404877716816503
0.9104806828552175, 6.249961819750625
0.9913260925406565, 6.094805256420018
1.071665973679093, 5.939505578999006
1.1516327041172667, 5.784063923937716
1.2313479379856773, 5.6282884496266545
1.3106702828153274, 5.4723364853346155
1.3895931351387316, 5.316355867880375
1.4682003868846107, 5.160251260179589
1.5466196901956384, 5.003936899452514
1.6248093699147292, 4.8474604173198985
1.703073446457199, 4.691019902356631
1.7810111556447854, 4.534487242162397
1.858539427554287, 4.378030353417536
1.9356954556203836, 4.221646860979995
2.0126943805319826, 4.065164855163135
2.0897392883028894, 3.9082191658695673
2.1666841723969155, 3.751016513240196
2.243487707408929, 3.593767016946966
2.3202673382565853, 3.4365140087888766
2.396965474452766, 3.2792912856065746
2.473535569744869, 3.1220902849874403
2.5502215740506937, 2.9649888670185396
2.6269149418726108, 2.8076936079441555
2.703965314509069, 2.6504568070778842
2.780938677395241, 2.4933068834068477
2.8578819689109345, 2.3363568947445126
2.9348886602174176, 2.1793630667869848
3.0122243172090344, 2.0225194160919067
3.0895676352226467, 1.8658185296447283
3.1669051942201683, 1.7089094733983747
3.24548046059701, 1.552548854764532
3.3241764010235264, 1.3963248302021496
3.403177591197178, 1.240332448220204
3.4829547616553684, 1.0847760049729156
3.563086648512416, 0.9294425293344551
3.644136183794672, 0.7746109334113366
3.725559670210597, 0.6196846793329138
3.8076007856733187, 0.4650510253461501
3.8912314534296972, 0.311405197716905
3.9751197879120834, 0.15803384985530256
4.059897946142444, 0.005131668536881018
4.14546063397507, -0.14736749279254796
4.232339261236806, -0.2988806069204406
4.3205384592738145, -0.4494158231556612
4.4100319911786325, -0.5993768636622754
4.500526690288228, -0.7488856606540857
4.592506555045948, -0.8974668344704413
4.686721497542543, -1.0449619945201265
4.782266851910016, -1.1916422632058286
4.8800481795326345, -1.336559817919947
4.979343146245219, -1.4804575682091061
5.0805557926893945, -1.6230168309051987
5.183634098868395, -1.7642737547198366
5.289471449237734, -1.9035050699128755
5.396786110270682, -2.0414017218602805
5.50685722809436, -2.1773437107758142
5.619316787588528, -2.3114345572519324
5.7342047341530575, -2.4432190861038428
5.851318614045762, -2.5731304719794506
5.9707421405744086, -2.700921075983245
6.093032705345188, -2.8258833167124395
6.217752483641092, -2.9485849224958542
6.345103476392326, -3.0684776571726378
6.475496053953991, -3.184998784875635
6.607455755878873, -3.2996574848979963
6.741538190562079, -3.4114929778958043
6.879292504672195, -3.5188464201167644
7.018351099906274, -3.624526219517188
7.15945178707447, -3.7275402720213586
7.3037047737050305, -3.826170284426655
7.449558987059026, -3.921962454929319
7.597583923520183, -4.0144425996581
7.7480507488643635, -4.102991649915101
7.900257358408839, -4.1886276888505956
8.054990263006708, -4.270136798940071
8.21132188518296, -4.348752768789894
8.36912995330996, -4.4244383586747364
8.52927557923229, -4.495005469933783
8.690622369103064, -4.562521502357379
8.853759031039866, -4.6254229486645375
9.0184534260867, -4.684347437264287
9.184409747357028, -4.7394118340473765
9.351690496538737, -4.789933962017164
9.520286472940434, -4.836011875901638
9.69012614315293, -4.877555527805558
9.861207132088728, -4.914122066401351
10.033508670783553, -4.945054191120912
10.2068719761855, -4.970096477244859
10.381476288923029, -4.983011387657391
10.556355575800383, -4.982765566682358
10.730062348925, -4.964207366543513
10.902329050095918, -4.934529386172729
11.073860790548355, -4.900041234097033
11.244763529851674, -4.86259266224011
11.415016153710463, -4.822596174482794
11.584785624148404, -4.780539092469916
11.754265703414212, -4.736965293759372
11.923265133499344, -4.691518677520834
12.091830609722551, -4.644493615328371
12.25982810471969, -4.5961216054397545
12.42743987686531, -4.546610896334892
12.594908786340442, -4.4959073039939295
12.762079521193023, -4.444164132557254
12.928866421782091, -4.391265009185626
13.095399966216132, -4.337675538093009
13.26148678408083, -4.283078745674701
13.427535383885829, -4.227823066677308
13.593318977327622, -4.1716664109842965
13.758765458342625, -4.114865243220518
13.923902207725442, -4.057453019955601
14.08902647526065, -3.999614410026957
14.254049210780101, -3.941154020987281
14.418633469766972, -3.8820137753978807
14.58307554977057, -3.8224033924418377
14.747338225823578, -3.762407726764117
14.9114327191783, -3.7019354924884906
15.075376600822487, -3.640968649227701
15.23935102941829, -3.579747997221004
15.403290817533808, -3.5181774989815198
15.566819351175416, -3.4562250897831106
15.730071454812107, -3.393983492815304
15.893340855089232, -3.331501187455915
16.056623958328665, -3.2686207166043078
16.219920263252806, -3.2054104747724894
16.38305043918663, -3.141818683593909
16.545829441797306, -3.0780151842435117
16.708397779418068, -3.013828974814041
16.870863252711896, -2.949391171008239
17.03318258645927, -2.8843867195023662
17.19565983932948, -2.8190330033224256
17.358006244146928, -2.753340365699237
17.51987655952861, -2.6871408926128084
17.68134960862547, -2.6203563550407347
17.842760554788338, -2.552872435961675
18.003823487292113, -2.4842866830765225
18.16442328082136, -2.4148052219958283
18.324502340585347, -2.343985460185344
18.484390675807607, -2.273015185743065
18.64354227721006, -2.2005993154278087
18.8028225664091, -2.128560994576618
18.962437994340277, -2.057151718263676
19.12272732879536, -1.9871157095686043
19.283657801700745, -1.9182733642727474
19.44528161294004, -1.850924802484924
19.607387247587045, -1.7854089457442053
19.769827406731856, -1.7214059988095416
19.93275343263509, -1.6589488350147517
20.0964821698876, -1.5978693409859417
20.260894465268194, -1.5382996926928687
20.425812645755826, -1.4805337178937583
20.591548714720084, -1.4247995548574095
20.758362773925498, -1.3716157270566793
20.925675476781034, -1.3200623821434176
21.093384433196476, -1.2706878106327315
21.26156414383897, -1.2230196851331303
21.43027771875251, -1.1773606349739627
21.599181904845555, -1.13339141192129
21.768632270617253, -1.0915473087611494
21.938939309020014, -1.0517524556719777
22.11000984790673, -1.0142306050432774
22.2814163742658, -0.9787875086376207
22.45300218243579, -0.945511943127178
22.624828959744978, -0.914899217130868
22.796756380791464, -0.8863447998233
22.968968636490327, -0.860361525961193
23.141427208673253, -0.8368682328305916
23.314377063736572, -0.8152570755006578
23.487841911466763, -0.7960203964222887
23.661649477334674, -0.7791114205081852
23.835776422808145, -0.7646445440608437
24.010121876285393, -0.7523729032457983
24.18466743400632, -0.7424635469957761
24.359341721404437, -0.7348658767486187
24.53424222641776, -0.7296213891452116
24.70930631721302, -0.7266918030699584
24.884432063023898, -0.7263461784210743
25.05935397205605, -0.7281377533579917
25.23419439474217, -0.7320590180990401
25.408931885171366, -0.7380062619317131
25.583597576364188, -0.7462579061644945
25.75830536820297, -0.7563104453812057
25.932741370416363, -0.7685900064393677
26.10697923427487, -0.7831683441170776
26.28107936967696, -0.7999330167463021
26.455042227013358, -0.8188970941463027
26.628818405602434, -0.8400113679010596
26.80212718407652, -0.8632684157557271
26.97508861629729, -0.8886010211637845
27.14799700634107, -0.9161141636224791
27.32069851603796, -0.9453954377915642
27.492788630836994, -0.9767111786687606
27.664269863572088, -1.0099148655043102
27.835363161566896, -1.0449401349766607
28.006362049259316, -1.0815428288160305
28.17693752738129, -1.1201967221957623
28.34717714801568, -1.160664635097477
28.51698984699604, -1.2031386301205875
28.68612395379633, -1.24725920998219
28.854524247208854, -1.2931613032441127
29.022344746473696, -1.3411047196047288
29.189807837365525, -1.390741777207987
29.356904961399845, -1.4420608489876976
29.523490094052583, -1.4950046808697248
29.68921509265399, -1.5497909296998458
29.85445016257647, -1.606367657779731
30.019503641642537, -1.664641574287383
30.183997947556954, -1.724564793153319
30.34771127242086, -1.7859391087356915
30.510576260447458, -1.8488930672582677
30.67261505199132, -1.9132789657318836
30.834140800033197, -1.9793098879149829
30.995264393520245, -2.0468355629420736
31.155825674768828, -2.11587279372192
31.31574415338881, -2.1864081285284453
31.474973713756814, -2.2585154464868875
31.633557891717857, -2.3320610203244763
31.79140998685242, -2.407237943082183
31.948657547937067, -2.4837431276969792
32.10543465216407, -2.561377835285637
32.26180765477008, -2.640320036436424
32.417427208337145, -2.7205148235725036
32.57218945602411, -2.8018170697200238
32.72611553968696, -2.884205098308901
32.879008160641554, -2.968292654479164
33.031150485552224, -3.05406109698189
33.18295431395012, -3.1411077449505553
33.33413849383244, -3.2293416641634622
33.48442146008301, -3.3186239273674696
33.63388063567854, -3.408805884450071
33.78258941508831, -3.5000572677591
33.93081410139535, -3.5926239069951564
34.07848356718703, -3.6863655504006148
34.22541597502385, -3.781333740187921
34.37152702329049, -3.8775618308582382
34.51667543388411, -3.9747874037590547
34.660932175281104, -4.073183092097493
34.8045632345425, -4.172585440207648
34.947780556920705, -4.273032894675084
35.09036356094864, -4.374587622100633
35.23199424600919, -4.477136572875313
35.373000837817216, -4.5805669494812165
35.513647602331595, -4.6848800941104765
35.65348900354558, -4.790312135125946
35.79234282171033, -4.89663072729664
35.930412118930874, -5.003558409788722
36.067429950092325, -5.111426435870334
36.203956075151446, -5.220247222053473
36.340230136020175, -5.330180336439181
36.4757327685432, -5.4411308384616115
36.61054050559407, -5.552707792997702
36.744537089097605, -5.665045034001828
36.87787674565188, -5.777995312508868
37.01036902296585, -5.891774204073488
37.142053792798144, -6.006110383777297
37.27309400634697, -6.121321386752441
37.40393703742519, -6.237356203946856
37.534244579177, -6.35418572788804
37.66383003954105, -6.4717725526307985
37.792778053836784, -6.589910128643263
37.92097190800559, -6.708691729071044
38.04851539407288, -6.828154062060482
38.175584998558, -6.948386404056591
38.30214818873738, -7.069262328429454
38.4281418537559, -7.190639085686573
38.55351890201915, -7.312712623020953
38.67827715668437, -7.435213289002963
38.80232530927361, -7.558482742299704
38.92588239716261, -7.68229423188762
39.04908178167195, -7.806447658220666
39.1714563809068, -7.9314015151326425
39.29336545022218, -8.05660230454276
39.415009898390785, -8.182346358888317
39.53602113211112, -8.308845633223038
39.6564667504862, -8.435637375246722
39.7762874310098, -8.562809897652848
39.89597342373572, -8.690344653271517
40.01498683678979, -8.818706242632555
40.13333021730104, -8.94734688542831
40.25117548356747, -9.076217520766443
40.36864137588015, -9.205539077864607
40.48555648291409, -9.33568292020234
40.6020213532627, -9.466224770778904
40.71835090424978, -9.596864428321009
40.834230805931696, -9.727879598956962
40.949708733322694, -9.859249200138153
41.06491243856113, -9.990930119250454
41.17976398367366, -10.12303002252216
41.29419140573958, -10.255538479762713
41.40805318918217, -10.38820401650142
41.52131831894465, -10.521054395668578
41.634159867797095, -10.654192501592687
41.74651047525878, -10.787701597249546
41.858646701411956, -10.921673517347589
41.97046257888501, -11.056163068753179
42.08182725389441, -11.190958661126738
42.192974350264834, -11.326194762409065
42.30364670775803, -11.46183706597453
42.41369598065994, -11.597719175989322
42.5234132120921, -11.733777228546316
42.632949945557165, -11.870244490852087
42.74222496050547, -12.006999495705879
42.85114774651358, -12.14371572546883
42.95993013023211, -12.280616044966228
43.06885698168136, -12.417473850260595
43.17644980941865, -12.55506559398551
43.28432035342868, -12.692121777478976
43.39264111350745, -12.829076542813823
43.50096689046006, -12.96640242358186
43.60994370759483, -13.103168590705007
43.7193892061228, -13.23979216079614
43.82907186992288, -13.37630420237966
43.9392965406792, -13.512058405939596
44.049442177148045, -13.647650248155838
44.16043340268878, -13.78267363334404
44.271879173290756, -13.91767633124933
44.38430305243931, -14.051868486854033
44.49709728107121, -14.18542242740514
44.61058853379014, -14.318339425601879
44.72519346898948, -14.450569447581591
44.84037917729101, -14.582290146056504
44.95620852271917, -14.713246279349235
45.073206573238735, -14.843354086669859
45.190857616763914, -14.972940911092467
45.30937950266148, -15.101392304792636
45.428886908842784, -15.228815578452211
45.54996170253611, -15.355039955696006
45.672273199188794, -15.480138267402163
45.795562470148816, -15.603963324136938
45.920282990465296, -15.726449114090151
46.046157982737775, -15.847823285944854
46.17355296791455, -15.96754070979818
46.30218668148494, -16.08616992176915
46.432887838252874, -16.202662199965452
46.564897377522186, -16.317516483974877
46.69840501527284, -16.430617148003925
46.83330352404107, -16.54203192290697
46.96968370317543, -16.651553412052227
47.10788242820566, -16.758811412086935
47.247549818544464, -16.864255918459516
47.38934705521108, -16.96680578529281
47.53267393549601, -17.066771769915146
47.676950786936395, -17.165148480078972
47.82255798440604, -17.261695689224528
47.97002681879102, -17.355448802616586
48.119427176872385, -17.4463373122007
48.27018161819814, -17.535043429819495
48.4227192742971, -17.620751488373223
48.576962648808006, -17.70362731584695
48.73194046802315, -17.78475530710897
48.88831944161424, -17.86292681801253
49.04607628676119, -17.93806101580206
49.20575291157797, -18.008752112416353
49.36675617609758, -18.077022880001078
49.529076295675445, -18.142426583843697
49.69228198846323, -18.20563276917969
49.85689688550755, -18.265112788940872
50.02240393773979, -18.321621848020076
50.18893602484648, -18.37477235389846
50.35679636325283, -18.424014185875173
50.52558525174275, -18.470217943252923
50.695184212383, -18.513269453248384
50.86549171055651, -18.553328045956846
51.036440947011414, -18.58935837767669
51.208065018818324, -18.62176513822036
51.380537204159445, -18.650281723682777
51.55351756311038, -18.67522072021924
51.72703795000206, -18.696214567349365
51.90100764846573, -18.713259522309592
52.07543831713753, -18.726164091046584
52.25028439561407, -18.73496662122625
52.42511526117057, -18.73933801668657
52.59998808845171, -18.739385537796792
52.77488563258573, -18.73544671888562
52.94966264715164, -18.727566664575875
53.12432252634468, -18.716021123369785
53.298737410222685, -18.70100334313871
53.47268092554408, -18.682628276418907
53.64617013817066, -18.661536799939114
53.81943339069563, -18.63754238798384
53.99237109518234, -18.611002823432656
54.16481892495074, -18.58165499707754
54.33686885906121, -18.5497740409252
54.50864536998317, -18.51579617166461
54.68001061669809, -18.47961045994316
54.850614369484106, -18.441109410594887
55.020537784478904, -18.400776271347357
55.189747280332234, -18.358565664346497
55.35824671236703, -18.314490974716037
55.52653075019797, -18.268866572095213
55.69461302558105, -18.221526670947323
55.862321173126304, -18.172577407200478
56.02946321637878, -18.121767851290134
56.196249453933085, -18.069761964296628
56.36284921828201, -18.016386777032885
56.52898229180625, -17.961170056939718
56.69454677342106, -17.90454491932338
56.85964516872705, -17.846696762783044
57.02425771801262, -17.78761854137554
57.18830653711525, -17.727151938798862
57.35208523001125, -17.665466987396442
57.51541050124873, -17.602654078824074
57.67822929132097, -17.538694610301093
57.84054923319056, -17.473631707490732
58.00226612166021, -17.40760632812951
58.16357120780776, -17.340216577144453
58.324639161872824, -17.271989563639224
58.48532056303476, -17.202786767150794
58.645538435293155, -17.132491963932903
58.8051461145938, -17.0612374567788
58.964334207262446, -16.988912246177826
59.123223625606144, -16.915592278703844
59.28161063080019, -16.841323605914724
59.4395851333536, -16.76612910220859
59.59709178666645, -16.689971877451843
59.754108672808755, -16.612904204036727
59.9107831095788, -16.534928845952273
60.06685782998447, -16.455941890212753
60.222548914136205, -16.37640743620612
60.377922929264635, -16.296025119435352
60.53278573759777, -16.214706146193308
60.68711304531438, -16.13255637535729
60.841216506506214, -16.049825226903643
60.99469920197044, -15.966088535751286
61.14750690151775, -15.8815589123571
61.30023505344315, -15.796595966579439
61.45255802604603, -15.710659978068076
61.60424879881823, -15.624114750343196
61.75563288506733, -15.537020937680479
61.906714979582055, -15.448882242705658
62.057321645074474, -15.35991782298388
62.207237778189764, -15.27019981802568
62.35705069031297, -15.180121949797822
62.5064467884604, -15.089244341986905
62.65525320139782, -14.997880933126927
62.803271073867215, -14.905523499601898
62.951122628373575, -14.812448265962132
63.098478531563885, -14.718334558531001
63.24543132576488, -14.624054729622713
63.3921818497533, -14.529330299491656
63.538819761399644, -14.433821839201874
63.68508531275513, -14.337723007414082
63.830785508329754, -14.241221145284856
63.97556351308025, -14.143604031618544
64.11975137390452, -14.045117211881728
64.26395123944478, -13.946164613095673
64.40795838820021, -13.846706921214704
64.55145932427737, -13.746933924587939
64.6945030944911, -13.646446285087388
64.83736184041311, -13.545618408579367
64.98002950073534, -13.444435403908614
65.12190816360582, -13.342102160172749
65.26330227038105, -13.239417405672523
65.40439864689367, -13.136221230093156
65.54537415045606, -13.032639833768217
65.68594227733526, -12.928405751878142
65.82597756941719, -12.823570044555899
65.96584971840623, -12.718593997481072
66.10512840137301, -12.612701901234695
66.24406378542571, -12.506132256850924
66.38184785470985, -12.398065670377123
66.51928466326827, -12.289961583485962
66.6560808502344, -12.181449789167795
66.79219989374685, -12.07248937780562
66.92756013376, -11.962982341928438
67.0626094274996, -11.852814522771128
67.19723083636553, -11.741834519550844
67.33149074465616, -11.63038013137634
67.46553703485621, -11.518122520673456
67.5989899888662, -11.405020592294205
67.73168106012207, -11.290990235918784
67.86349437703309, -11.175916230970323
67.99449693584816, -11.060243462853455
68.12473013400965, -10.943685592724558
68.25425656977896, -10.825985077890891
68.38321577939206, -10.707643880985922
68.51131031169493, -10.588480493974762
68.63838322235672, -10.468339256818979
68.76459797122371, -10.34765460217247
68.88986461911989, -10.226147483172017
69.01433824080952, -10.10350487986521
69.13784914859549, -9.979764652163896
69.2603967773076, -9.855085713334393
69.38220535989367, -9.729557040283176
69.50301542334631, -9.603269223707986
69.62270582219942, -9.475914234410826
69.74123601064376, -9.347465184739544
69.85879332926528, -9.21801869386823
69.97523052038449, -9.087468009879155
70.09026866071402, -8.955677596609304
70.20428722920317, -8.822998761370947
70.31684611814815, -8.689086729669631
70.42818167906411, -8.554163117357993
70.53812040694552, -8.41842048458739
70.64647127292659, -8.281540365092622
70.75331414542774, -8.14327013163383
70.85889806129957, -8.004010386891663
70.96283708324235, -7.863829814311375
71.06519607448458, -7.722639450602861
71.16624303063823, -7.5802590203246805
71.266055881654, -7.436849642323823
71.36408179495137, -7.292120709419321
71.46045055313083, -7.146263451273034
71.55494126212824, -6.999156725798586
71.64772364272858, -6.850824920060614
71.73876001302493, -6.701436342685493
71.827703989946, -6.550595847112927
71.91494192199048, -6.39872078921211
72.00054313886164, -6.246203774476568
72.0838213724166, -6.092690516201243
72.16506315319816, -5.938292914200148
72.24441950816576, -5.782944665742332
72.32183988461733, -5.626347888092604
72.39709153796953, -5.468597324339166
72.47007500375504, -5.309745135417797
72.5409735846446, -5.1498715843008664
72.60978860475875, -4.989065603601782
72.67599230200645, -4.8271825871532865
72.74021052281557, -4.664770147025794
72.80189630046817, -4.501550966897281
72.86086823588779, -4.337077515169557
72.91765874538598, -4.171679303548759
72.97214168983102, -4.00557729490174
73.02407435172977, -3.838671049860145
73.07368664464856, -3.6709790420013424
73.12037227219737, -3.502426565900018
73.16466737456135, -3.333486552254441
73.20656341157398, -3.163865611074056
73.24599023748915, -2.9935827813914466
73.28288895362026, -2.8227104286739637
73.31699655939674, -2.6512380444198063
73.34868568320991, -2.4792535415375543
73.37730765879274, -2.306672823647182
73.40320566112116, -2.13373995097261
73.4262989230721, -1.9603924266061152
73.44666746898179, -1.7866569596589321
73.46420004151581, -1.612506990692213
73.4786759680454, -1.438163033548702
73.49030125826756, -1.263547375124957
73.49952452318911, -1.088712682062835
73.50615046913398, -0.9139932784355103
73.5099936847112, -0.7392009909333669
73.5108198346676, -0.5641467969069995
73.50856994403428, -0.38912305194810937
73.50328952559123, -0.21425461651584976
73.49491944129157, -0.03939614115488907
73.48355335304858, 0.1352618659071612
73.46949284987103, 0.3096010109152323
73.45248924365254, 0.4835546244895309
73.45768731409436, 0.6582373975139207
73.43453501558815, 0.8314140080766417
73.40914141493236, 1.0040250118929417
73.3808295088708, 1.1763090760252806
73.34963482889655, 1.3484430408327157
73.31567464219732, 1.5200194747651015
73.27898066437535, 1.6910244396383
73.23956435043033, 1.861414969315458
73.19763456457224, 2.0311197035550066
73.15333559834814, 2.2003581532058294
73.10649580871026, 2.368888350791932
73.05727860721431, 2.5368308996725877
73.0057564226488, 2.7041583555502373
72.95201456755815, 2.8705235419128012
72.89598001935717, 3.035866671213808
72.83781899963095, 3.200416142668864
72.77728551133282, 3.364409245277687
72.71463427548314, 3.527698613056784
72.64983579952322, 3.689888801040747
72.58294392915076, 3.8512345994938326
72.51409527458515, 4.011833733032337
72.44330741084643, 4.171663011299342
72.37083170296334, 4.330923471596538
72.29642619722983, 4.4894557811013
72.2201553877081, 4.6470667390579745
72.14219443733728, 4.80356934705356
72.06281501306735, 4.959151941022585
71.98173907074319, 5.113964647523811
71.89900023134874, 5.267981685934227
71.81453764229056, 5.421097430375767
71.72847516917257, 5.5734673379878705
71.64114516512447, 5.725041980282399
71.55234006821317, 5.875776263304207
71.461971768939, 6.02554741420035
71.37050399761006, 6.1743563510100685
71.27773811401941, 6.322319528588001
71.18352181787026, 6.46968367793177
71.08796131207176, 6.61626659275121
70.99123903176712, 6.762019733551181
70.89345471291213, 6.907172461785775
70.79462073848688, 7.051512454608728
70.69478660662016, 7.195303004505081
70.59379331047661, 7.338420146313143
70.49203928435773, 7.48073147456008
70.38941151369166, 7.6221466548064365
70.2859477815211, 7.763032877603674
70.18162467076428, 7.903365777676269
70.07662050273164, 8.042955089695688
69.97066738636006, 8.181997905975159
69.86398522928808, 8.320576535588238
69.75670302736746, 8.458410067028575
69.64879798979032, 8.595799895756691
69.54013579236175, 8.732951602558412
69.43075196179586, 8.869755076467598
69.32077982124662, 9.00595878265457
69.21039822314386, 9.141508914142184
69.09944375589437, 9.276630865632997
68.98789008829826, 9.411298981303462
68.8758810116155, 9.54560687236135
68.7632964486775, 9.679450875643429
68.65023562800975, 9.812565125610904
68.53686654254325, 9.945602696519662
68.42286020264399, 10.078282446510855
68.30842067518354, 10.210591410226057
68.19349363645124, 10.342478148413743
68.07830034493338, 10.474142041445996
67.96263118459206, 10.605397714937652
67.84643162393802, 10.736247194861011
67.72972443132228, 10.866707526477278
67.61265231920399, 10.996543219970583
67.49521526321854, 11.126154042757296
67.37727290426533, 11.255431362936573
67.25897768432152, 11.38415456822775
67.14020980916663, 11.512160973786367
67.02081759345748, 11.639662967483227
66.90095652987623, 11.766864915258566
66.78035573522735, 11.89339661446468
66.65876057730355, 12.019190594026458
66.53639075295794, 12.144162945751201
66.41297322301104, 12.26810633406635
66.28859824303524, 12.39107617384333
66.16409415228608, 12.513893466993714
66.03984543648538, 12.636947331935778
65.91590138119906, 12.759973337760073
65.7920152249039, 12.883174241124866
65.66847088611676, 13.006814341439101
65.5454599832844, 13.13086552495671
65.4230794731975, 13.255601457701122
65.30090573295607, 13.380849435941192
65.1791669278746, 13.506647705129009
65.05826263253658, 13.63291710289716
64.93813725397868, 13.75992346133218
64.81878712596783, 13.887639702999875
64.70056290395425, 14.016421874211886
64.58281137857442, 14.14599974752371
64.46589704552946, 14.276335776910864
64.34970024701971, 14.406977544856051
64.23472074037723, 14.538359833026881
64.12058823629165, 14.670197933908844
64.00713286576959, 14.802865734971775
63.894392333639914, 14.936495491627964
63.78262283166026, 15.070948281023131
63.67133680006648, 15.206027277494918
63.56096125178433, 15.341901806457365
63.45147696383537, 15.478349957895304
63.343045965431514, 15.615489514977153
63.235517478930795, 15.753392351397883
63.128945504205646, 15.892089906599516
63.023410101325844, 16.031290593716616
62.918817026069306, 16.17112676686681
62.81509106576122, 16.31151366942085
62.71222462644128, 16.452605582886193
62.610355573644156, 16.594491392440663
62.50936681658872, 16.737133260492502
62.40926006828488, 16.88051884860682
62.310150219093494, 17.024292056357393
62.21170304256622, 17.168661544832208
62.114036697132, 17.313701534158266
62.017358596148796, 17.459335003698936
61.92147891373777, 17.60575281078074
61.82642371998221, 17.752733481339398
61.73230795882185, 17.90018659596914
61.63919362095462, 18.048253961402576
61.54684965398752, 18.19688324790669
61.45529337162591, 18.34596863044274
61.36499043637043, 18.495526682926712
61.275466714502265, 18.645263481962857
61.18701341371923, 18.795344959445405
61.099173485851615, 18.945998601717456
61.01184335711088, 19.097160196288026
60.92534512949054, 19.248883212855873
60.83964819602355, 19.401213493754323
60.75489602913728, 19.553935300744747
60.670344632398965, 19.706948771284953
60.5866236892038, 19.86051791363159
60.5038775824798, 20.01459139467487
60.42176404155284, 20.169126726610173
60.340381795317754, 20.323982918767566
60.25948716650456, 20.479124140034877
60.179388169060545, 20.634661298337218
60.09955315504318, 20.790399144175563
60.0206639092719, 20.94665885562753
59.94288236272268, 21.103193746200667
59.865587886753595, 21.259690978647168
59.78914907407042, 21.416714481080287
59.713260351837704, 21.574283297214542
59.638088305104084, 21.73234111040295
59.56319248083672, 21.89060238444318
59.489003072661255, 22.049018207845275
59.415756532425725, 22.20782043875525
59.34307956528304, 22.36701367644236
59.2708035798202, 22.52629581898185
59.19904903905055, 22.685821049723124
59.12804929110066, 22.845691111526857
59.05752854021061, 23.005603725572488
58.987535800257035, 23.165962207007492
58.91825436866387, 23.32673938011904
58.84919238170089, 23.487345297637944
58.78052000309511, 23.647863929619497
58.71255985534889, 23.808621434764493
58.645343264180916, 23.969856727591047
58.578164986462106, 24.131470472978226
58.51174820828761, 24.2935204333031
58.445761707427046, 24.45547617255525
58.38069819796722, 24.617535523751826
58.31580153993217, 24.779745489254072
58.25123519781485, 24.942170850741057
58.18723005565843, 25.104558629729645
58.12348339220536, 25.267100687255574
58.06009324076353, 25.42982626336791
57.99749500009317, 25.592979584632335
57.93520344693951, 25.756370953294574
57.873184411212016, 25.91992263972233
57.81131701137645, 26.08369724718261
57.74987284228016, 26.247472846277727
57.688806255376306, 26.411349245274913
57.62801647044154, 26.575517740683676
57.567574593433974, 26.73977761859302
57.50754014059981, 26.903944247209633
57.44777736197584, 27.068297986837276
57.38818730364486, 27.232863944840997
57.32889371757875, 27.39744812456629
57.269757251867645, 27.56216436978121
57.210740866839885, 27.726907400553028
57.15183554530548, 27.8914259044176
57.09307417633498, 28.05573388756748
57.03427800938086, 28.21976612436357
56.975415423965984, 28.384047544123682
56.91633344484538, 28.548693130511104
56.85705452263218, 28.713321384998398
56.797598123967184, 28.877769133161866
56.73792510132342, 29.042053164667188
56.67874969061107, 29.206760100348554
56.61907516752978, 29.37134939658837
56.55911731091308, 29.535727007503496
56.49892564158739, 29.699961461336667
56.438369407894534, 29.86406574702694
56.377365862229105, 30.028078657823798
56.31604336156583, 30.191838481646304
56.2544724346531, 30.355544771833056
56.19231469998082, 30.519065711288395
56.12967321426518, 30.682483076440885
56.06639455859399, 30.845728042551396
56.002660674534035, 31.008527364671078
55.9384732500965, 31.1708831788312
55.87356829249059, 31.33312115979501
55.80753092452909, 31.495115787411343
55.740748808359896, 31.656797475657754
55.67308279144575, 31.818053883830196
55.604815312802224, 31.978837705103132
55.53592959015236, 32.13922366756683
55.465913764158934, 32.298933279305736
55.39525460634803, 32.45859164792248
55.322622425682574, 32.61759441705945
55.24893439146425, 32.77587423649065
55.17405115125383, 32.93380933940987
55.09709917118177, 33.09092566433507
55.018794448999984, 33.24709266876283
54.938955148954356, 33.40241877765949
54.85670757317436, 33.55645057445063
54.77289961681271, 33.709546151367555
54.68818346265535, 33.862436755137466
54.600626952154364, 34.01385272078392
54.510351600381725, 34.16360582602993
54.41814767193861, 34.312121341061385
54.32410047348437, 34.45918811101726
54.22759622516468, 34.60480877904212
54.12691572974614, 34.74787297714319
54.024368924281056, 34.88948438856101
53.91940118234401, 35.02933973435859
53.81112200742357, 35.16665335051114
53.70058831622545, 35.30213608549164
53.58753098054239, 35.43556447260998
53.470555136320364, 35.56562202951875
53.35174117113818, 35.69397126149544
53.22962692250303, 35.81889463329984
53.104563494250584, 35.94101540490823
52.977461937143616, 36.06112083522996
52.84744523914921, 36.17813170409435
52.715543055899474, 36.29306504137378
52.57963179591481, 36.40282908152262
52.442157659928775, 36.51040342171468
52.30235516072794, 36.61498510261412
52.15975006136029, 36.715958365905145
52.015296729933155, 36.81424258612466
51.86876708563155, 36.90942573969122
51.72063464508825, 37.00254210151176
51.57063307423293, 37.09267995062598
51.418326169754806, 37.17864291344796
51.26460567991006, 37.26194851924621
51.109496670473185, 37.342622082709106
50.952729477539144, 37.42018946133362
50.794217540133815, 37.49426017464413
50.63398497055392, 37.56475417560231
50.47158917129024, 37.63003457369412
50.30775223131623, 37.69108232831473
50.14238904397406, 37.747506889851785
49.97551131545874, 37.79895459928154
49.80586119135098, 37.84023014257146
49.633881669765664, 37.8706725623005
49.46047833010963, 37.89222438874459
49.28559055012586, 37.891744504790715
49.11102371774566, 37.88055325527998
48.93749030521335, 37.858694824759986
48.765682435141926, 37.82626409992452
48.596422440022025, 37.78344549877794
48.430025942030724, 37.73033543933175
48.26655546006327, 37.66799658311602
48.103917120058014, 37.603154638219635
47.9421122800129, 37.53646691789627
47.78109421447923, 37.4682620821815
47.62090296841153, 37.398190441777466
47.46123267002367, 37.3264645076533
47.30220374922548, 37.25315462745707
47.144104389872886, 37.17844238703294
46.98684161532218, 37.10255697388869
46.83010199708902, 37.02537993183096
46.67369941138327, 36.94708750852719
46.51787500637798, 36.86732516975863
46.36267353263308, 36.78625042633817
46.208122916002104, 36.70447450711213
46.054317990702046, 36.62141027988669
45.90075815099054, 36.53741637041846
45.74776130856819, 36.4523418929431
45.59543730767838, 36.36649158275753
45.44358622530689, 36.279656309278124
45.29217239512208, 36.191994520925476
45.14147687535192, 36.10359661441041
44.99144906453766, 36.01455047717167
44.84175077457333, 35.92458582776715
44.692447912056814, 35.83361285960388
44.54338995696299, 35.74224805174898
44.39471341107741, 35.65018349577489
44.24644336459605, 35.557574550815715
44.098542119458514, 35.46419337857311
43.95098761514186, 35.37035263578419
43.80412721993347, 35.27588368467144
43.65777233588145, 35.18108558177313
43.511953227193715, 35.085922040441474
43.36653926520083, 34.99012826470254
43.22107665751941, 34.89373601309191
43.075841584979685, 34.796796278566724
42.930746270670014, 34.699497617733016
42.7859522671996, 34.601600434666466
42.64135379845399, 34.50338874035999
42.496808037814496, 34.40479441848254
42.352458600231365, 34.30593645192918
42.20814351787635, 34.20676578422367
42.064030963133824, 34.107177859634575
41.9203758984621, 34.00736863863562
41.7770138327785, 33.90757594985163
41.63406326444461, 33.80762378432543
41.49123062509235, 33.70748806753861
41.348415731459546, 33.60666083983973
41.205610147495236, 33.50541412414751
41.063097161990136, 33.40393651713145
40.920805499418734, 33.302152944259696
40.778932479121856, 33.19984850034759
40.63731515391044, 33.09730061726849
40.4962897083336, 32.993792550920155
40.35572885744393, 32.88981018866004
40.21612958708127, 32.784954408400665
40.07645119816998, 32.68013908432113
39.93624040312034, 32.57596939342979
39.79559211680745, 32.47217309685838
39.65379653811728, 32.3697326576084
39.51126756377019, 32.26856691800058
39.36759523155886, 32.169018491535724
39.22254694929347, 32.07124295911613
39.07625156805938, 31.975366599225147
38.92894491381527, 31.88104658894241
38.780141710870495, 31.78909391547932
38.63021447669907, 31.69909208816464
38.47858376998493, 31.612119508880323
38.32560810020542, 31.52733677594344
38.17131924185165, 31.44476434766145
38.01589849883835, 31.36461815521072
37.85919806030218, 31.286720799643074
37.70121813230445, 31.211447341198276
37.54169073678204, 31.13968417823841
37.381004863837234, 31.070732741828483
37.219183374855035, 31.004544605679488
37.05602572468551, 30.94097519054025
36.891609377960584, 30.880619286414586
36.726431327238075, 30.82313637933275
36.5603228565227, 30.76920500581382
36.393197982511246, 30.719349543218403
36.225193010144864, 30.672116403500663
36.056188505151184, 30.6281147461679
35.886087811280184, 30.588134004084587
35.71494799849978, 30.55111580002299
35.54317096677484, 30.51703514800178
35.371001521588205, 30.486391303936426
35.19822968118218, 30.459788978381997
35.02494110859922, 30.437289180265108
34.851220199526956, 30.418449094167954
34.677076977632645, 30.402455742873805
34.502366611173734, 30.39152731428289
34.327387746865426, 30.385236367599486
34.15254417226503, 30.3828242328746
33.97780976775932, 30.382784720679883
33.80310003759152, 30.389166687302367
33.62866448084246, 30.40153135131674
33.45452393686461, 30.418356617614805
33.28089738683052, 30.439938704276788
33.10833008715922, 30.467231105752937
32.93688089665755, 30.49961455237661
32.76632502130632, 30.536740542373575
32.59644968172954, 30.578484780699263
32.42765365316723, 30.62469876738283
32.26019749629078, 30.67470272950153
32.094008043167996, 30.728685603110144
31.92870840266041, 30.786119120124585
31.764494043964948, 30.84668875760103
31.601569658189394, 30.90996117675869
31.43997240993566, 30.9758967274882
31.279389170648226, 31.044482217610607
31.119630394341755, 31.11517540004678
30.960842746696578, 31.18824908476014
30.802981260834464, 31.2636491158313
30.64608437561951, 31.340975567507712
30.490262028399368, 31.420422075225456
30.335607975187123, 31.501815717364803
30.181709820068875, 31.584781205597224
30.028632780182463, 31.66932609487072
29.87678460247085, 31.755554146930958
29.725663154794233, 31.84328472003699
29.57547357988965, 31.9328398584555
29.425926528940696, 32.02352524029043
29.27734227974615, 32.11585567385356
29.129437928834307, 32.2092989456741
28.982554634424023, 32.304342103658676
28.836277558306733, 32.400298729801904
28.69104283391271, 32.49780885970569
28.546498734411134, 32.596260870791895
28.402719921680045, 32.69576617178123
28.259733876634446, 32.79659421258559
28.11744191236292, 32.89856782963815
27.976183089655102, 33.00155688023854
27.835680779431446, 33.10547296298874
27.696017967663014, 33.2104703325027
27.556746064509127, 33.31620695205036
27.41831401285047, 33.42319162662396
27.280713869366974, 33.530839751623276
27.143789074963856, 33.63911872157666
27.00742731819362, 33.74844636429086
26.8715271120952, 33.858831411475876
26.736205158015515, 33.96999701143985
26.60162516156011, 34.08181688100476
26.46799210377432, 34.19438087177299
26.3352537817965, 34.30766288857368
26.203311396543164, 34.42153615461255
26.071831803808248, 34.53622026574065
25.94045756322842, 34.651363527605916
25.809927848838097, 34.76736406617095
25.679689728144897, 34.88400160379183
25.549964738028773, 35.00164579852823
25.4210056618231, 35.120098077821005
25.292720596453623, 35.23891242039957
25.165177376132608, 35.35815716075639
25.037976121398632, 35.4780178640831
24.911145403029916, 35.59854157151929
24.784986306613785, 35.7197119339481
24.659192885216832, 35.841553644638324
24.533914968651587, 35.96393427710485
24.409465073182247, 36.08680124434923
24.28548536483238, 36.20978796510633
24.16208805703848, 36.333168728698865
24.038852390939375, 36.45702946843961
23.91630596911591, 36.58172674488159
23.794313955896854, 36.70677907789466
23.672473338579415, 36.832169752210085
23.551102544772508, 36.9580443669263
23.430333316089143, 37.0842016371602
23.309787702810112, 37.21083765393854
23.18961198802408, 37.33803783075041
23.070300811627114, 37.465737424099785
22.951236158302077, 37.5938376650811
22.83255152335131, 37.72243123019898
22.714446542403415, 37.85121933255637
22.596758819607764, 37.98034641513838
22.479418966462834, 38.109920703531806
22.36244042086447, 38.23986320228295
22.245817639048404, 38.37026698834919
22.129471005299322, 38.50112736670162
22.013612449188354, 38.632359804160856
21.89832157758923, 38.76375998929471
21.783594890703327, 38.89544566763648
21.669396722885388, 39.027530530952056
21.555596196346748, 39.160346428687
21.442055434477403, 39.2936252357438
21.329247393693723, 39.42719771707053
21.216957635822116, 39.56090766576456
21.104436040210192, 39.694701430795924
20.991943933468026, 39.82877074393134
20.879635949132922, 39.96267164190793
20.767251438546857, 40.09655056046277
20.654779931181093, 40.23039522712925
20.542219410954072, 40.36421090021252
20.429355421152362, 40.497816653604744
20.316422145611835, 40.63111960449618
20.20335584801307, 40.76456652623798
20.089828219199692, 40.89779500815049
19.976010182018708, 41.03044755416804
19.861672109948476, 41.16249257672926
19.746959490416515, 41.29405099224583
19.631785149853428, 41.4251939569139
19.516110548062933, 41.55631503501264
19.39987218223568, 41.68703384679725
19.283543187191707, 41.81733708289154
19.166392374182717, 41.9466338270842
19.04854092992268, 42.07555178168279
18.930003316554497, 42.20406508534496
18.810703836959785, 42.33177146803456
18.69043563402802, 42.4588856463209
18.569624383453036, 42.585595801152984
18.448373738846485, 42.71153875590034
18.326205009225607, 42.83641068981011
18.203499558860464, 42.96095389423552
18.079935750239642, 43.08486078361663
17.95564444028253, 43.207875504571184
17.83061327418267, 43.330111545641714
17.70435981858725, 43.45144527967486
17.577537632120464, 43.572216707377876
17.44971597743371, 43.69156368053092
17.321101970963408, 43.81004379990389
17.191543730254896, 43.92754420186083
17.061171281761826, 44.044250871978214
16.92989727292361, 44.16002632618005
16.797479887949873, 44.274264437081065
16.66406855130669, 44.3874458347294
16.529525687341195, 44.49934471724462
16.39397912424811, 44.61000149069827
16.257335371743977, 44.71923640178009
16.119761916642027, 44.82693061800819
15.981215758276527, 44.93344266098357
15.841164635712907, 45.03847828913198
15.699694889998547, 45.14161527086865
15.557570885236299, 45.24342024836025
15.414579206630691, 45.34356769679742
15.270681104295635, 45.44236735313067
15.125614220951611, 45.53992993752448
14.979209272543713, 45.63566503974936
14.845233562741486, 45.748157296758315
14.705638523437196, 45.85361074272222
14.559535963826574, 45.949985524504115
14.407906041758443, 46.03745127047188
14.25702451175347, 46.12575717094044
14.106044919277453, 46.21358167389904
13.953055951970871, 46.298181939223
13.796760516270448, 46.37688657150828
13.639604156813968, 46.453664081015575
13.48130328588071, 46.52809871000722
13.322095429941987, 46.60042556589778
13.161922663732522, 46.670284677352946
13.000396432638288, 46.737545483108065
12.837971709444687, 46.802871706287966
12.674654563211059, 46.865236020432924
12.51058980283334, 46.925577525873905
12.345416135705715, 46.982782544824005
12.179585535787878, 47.038107034831846
12.01288755474592, 47.09081479408551
11.84558196472193, 47.1410046487852
11.6774119766464, 47.18885120767792
11.508447072627344, 47.23413176980999
11.338822806568643, 47.27678898803849
11.168565877557787, 47.316754501211726
10.9980285428401, 47.354363142382596
10.826998638708941, 47.38934967981027
10.655240428152847, 47.42162784100699
10.482887164836761, 47.45100952765114
10.31013572707616, 47.47733187050974
10.136870664152113, 47.501284332505705
9.963151956602145, 47.52243426015146
9.789243451437029, 47.54119834436571
9.615145968979004, 47.55713800046903
9.44762638824378, 47.607006253176564
9.273134357718797, 47.6165281508097
9.098762992227384, 47.623296144700916
8.924245492758542, 47.6271746999743
8.74942341290784, 47.628165874138574
8.57441719020687, 47.62684074958962
8.399474645316976, 47.62270655860349
8.224728029115406, 47.615991990963664
8.050107097408386, 47.60668342108338
7.87559999974601, 47.59474157465307
7.701319954702987, 47.580612512473394
7.527284894546076, 47.56388695716844
7.353473064384346, 47.54511604492158
7.180192017929891, 47.52381177084267
7.007065852565025, 47.50052546858141
6.8341482529283795, 47.47513540338542
6.6616268265268275, 47.447387566450956
6.489124435317906, 47.41767435152802
6.316860384536609, 47.38612108828519
6.145253912434417, 47.352442792403075
5.97409221855387, 47.31700051251315
5.803423871176263, 47.27966066361771
5.633285231699128, 47.24063449325073
5.463313238697421, 47.20002098012176
5.293716458443894, 47.15746450603445
5.1245348742434995, 47.11326353959273
4.955798247838378, 47.06737138600345
4.787668667587787, 47.02022008629345
4.619939727928475, 46.97145315611539
4.452611119468075, 46.92112655662434
4.285637224366622, 46.86962494221753
4.118915018580129, 46.816494822499216
3.9525343205495442, 46.762117383173
3.786753528503863, 46.70651958998161
3.621743143105363, 46.64943328219435
3.457066952649032, 46.591283376986645
3.2928069041092423, 46.531821247013
3.128920558001796, 46.47133272780181
2.9654911804085193, 46.409659437654845
2.8024576163512798, 46.34677300862485
2.639829264779453, 46.28267494147874
2.477521544430632, 46.217739791284274
2.3154949962729767, 46.15168187393329
2.1538019012536416, 46.08464259757495
1.99268025270171, 46.01645660148326
1.8321781289261123, 45.94745505291985
1.6722962903415364, 45.87765040008409
1.5131685163832223, 45.80674477482671
1.3542401438498004, 45.73498577945105
1.1956573807802178, 45.662074049678914
1.037574001862908, 45.58832465540604
0.8795949346548394, 45.5135001244086
0.7218529855031804, 45.437680258085834
0.564727649619353, 45.36115991075486
0.4080403947541309, 45.283633821624996
0.2517055080757332, 45.20528520437546
0.09582183236491473, 45.12631478356817
-0.05939432767232644, 45.04622998034564
-0.21434298855178296, 44.96545315910508
-0.3689034334004475, 44.88384237526375
-0.5230546585302787, 44.80126073294898
-0.6768629220793934, 44.71784342772588
-0.8300662490697407, 44.633837756676655
-0.9827151505735019, 44.54934257904426
-1.1348293191589582, 44.46424782990472
-1.2863841660221529, 44.37811587567147
-1.4379512596190969, 44.29137602325891
-1.5891398542506758, 44.20374994128502
-1.7401259085512744, 44.11551614379896
-1.8907750306833537, 44.026449998777785
-2.0406124234627394, 43.93645577562626
-2.1902201149681333, 43.84589593295154
-2.339567908411972, 43.75477596973354
-2.4886027419566115, 43.663150650846106
-2.637352500965355, 43.57106884256598
-2.7852969971025985, 43.47782041443783
-2.9331185738374494, 43.38415411434229
-3.080318224112412, 43.289467855650855
-3.2271804338688135, 43.194426378770295
-3.3736061464524503, 43.098603113507835
-3.519619472963666, 43.00216689016825
-3.6651444685245007, 42.90544620811417
-3.810535699137993, 42.80847786940356
-3.9553856160497016, 42.71064435238559
-4.099991842139202, 42.61252406325448
-4.244353917033048, 42.51370821093711
-4.388384864120792, 42.41429456964173
-4.531947340420392, 42.31424447610244
-4.675172187922732, 42.21378122041203
-4.817648536826081, 42.112515182154524
-4.95989895213621, 42.010859544545724
-5.10192029337118, 41.90888308054234
-5.243195744172165, 41.80630071213491
-5.383608489353604, 41.702952729442885
-5.523806177215378, 41.59933884335217
-5.663923847798711, 41.494929452405145
-5.803709267960644, 41.389775098859445
-5.942660835009613, 41.28393344174898
-6.081361793585983, 41.17795644477935
-6.219888351495983, 41.071424747251406
-6.357738396565569, 40.963911413228296
-6.494909875867144, 40.85583740437585
-6.631779682767229, 40.74719830701627
-6.768001872922748, 40.63766528531323
-6.903875386350644, 40.52761664943465
-7.039164436824811, 40.41676753752884
-7.174065556891849, 40.30536292783878
-7.308345601530274, 40.19312742154503
-7.441984781303129, 40.08051715502237
-7.574774879483399, 39.96728326427038
-7.707071476467833, 39.85317266625853
-7.838918228634809, 39.7382523570856
-7.969849830122265, 39.62257630081155
-8.100174527006558, 39.50599266103118
-8.229561224341793, 39.38809197036865
-8.358151825464407, 39.269509159119735
-8.486088900700686, 39.150350626781155
-8.61327601010751, 39.03033862029305
-8.739772726260847, 38.90932106811465
-8.865278087704192, 38.78715085358959
-8.989819907068087, 38.664288819679726
-9.113230574072924, 38.54058758114886
-9.235674428735834, 38.415827488661975
-9.357210262350364, 38.29013547556996
-9.477842513214659, 38.163452953474014
-9.59764930161521, 38.03584196216011
-9.716000875992618, 37.90719309446682
-9.83328823009164, 37.77760724117828
-9.949828434863715, 37.647116190093634
-10.064885635511164, 37.51537770863131
-10.178841898795067, 37.38264393733589
-10.291380226187533, 37.24867012832485
-10.402409407993147, 37.11364464850845
-10.512172616393826, 36.97745924636603
-10.620442896956048, 36.84007631438199
-10.72778261294809, 36.70187071325845
-10.833995570613132, 36.5627036228046
-10.93863423686739, 36.42258831108435
-11.041764620256165, 36.281474143191836
-11.14326818590741, 36.13937096273936
-11.242920791019131, 35.996000226877264
-11.341202715089866, 35.85139402946436
-11.437834736706309, 35.70565417982804
-11.532261851781264, 35.5587610821658
-11.625154237993451, 35.41076940979102
-11.716747361581113, 35.26162034861206
-11.806533171551736, 35.11125136987864
-11.894178854670326, 34.95973663362978
-11.98005616579436, 34.80746247020013
-12.064068709147692, 34.65439792300294
-12.146189548989556, 34.50027899037492
-12.226141193054318, 34.344989121772684
-12.303866887035815, 34.18855481943716
-12.379663954388333, 34.030988451805925
-12.453412380869386, 33.87239110629023
-12.525123466034582, 33.712741083831766
-12.593946440819803, 33.55186517849194
-12.660587983907691, 33.3903432603588
-12.725171257599289, 33.2279090383482
-12.7875562186378, 33.064540014057485
-12.847612690731506, 32.900219825786635
-12.905437671856275, 32.73500379019659
-12.961098664701096, 32.56913526265579
-13.014107442362315, 32.4024855373265
-13.064449376330895, 32.235177611622284
-13.11218666650864, 32.06705903977974
-13.157634145606446, 31.898107247776508
-13.20040457998567, 31.728374506711237
-13.24067901310079, 31.558172072730894
-13.278279677946117, 31.387403421387738
-13.313183723375333, 31.216107481386555
-13.344909156850184, 31.04441759950989
-13.374224931391153, 30.872141058327227
-13.401245763807246, 30.699347334555952
-13.425479687116324, 30.526298618411985
-13.446940768364724, 30.352734645229592
-13.465529375673709, 30.178769738538335
-13.481312713723549, 30.004778952809048
-13.49431203184061, 29.830503556990067
-13.504278256647472, 29.655974074431338
-13.48104683951791, 29.482950189160025
-13.485785033819798, 29.308633523871208
-13.487848276204714, 29.134075722946225
-13.487126471131123, 28.95931843204916
-13.483305115121032, 28.78458357874325
-13.476776115907922, 28.60991094295955
-13.466738473737717, 28.435296870898775
-13.45402671309224, 28.26067041617243
-13.438378451964512, 28.08645520566775
-13.419730770852684, 27.912586012390097
-13.398220032419973, 27.738984014238987
-13.37379887997627, 27.56574810375025
-13.346439027523155, 27.392894974960164
-13.316301540781936, 27.22060538228085
-13.28320004908685, 27.048999816977897
-13.24758900172988, 26.878025972226077
-13.20928847748016, 26.707575237039734
-13.168275133272543, 26.537708399480575
-13.124751073820056, 26.368377529292708
-13.078646014703022, 26.19956350618797
-13.03006476769984, 26.031450770249254
-12.979033132053235, 25.864129672030877
-12.925813698518036, 25.697600067529503
-12.870211686893137, 25.53197944203691
-12.811912268402782, 25.36745133826893
-12.75149546486268, 25.203404797480477
-12.689139640060322, 25.039903673866448
-12.624924357194264, 24.877392019995067
-12.558542886290407, 24.715703998343944
-12.490134435691852, 24.554813940868357
-12.419600889666292, 24.394832190975045
-12.34708291225313, 24.235728100555505
-12.272385556089178, 24.07790614726381
-12.195967316512913, 23.92090649196303
-12.117843378292672, 23.764748655464736
-12.037979996621416, 23.60925293068483
-11.956449184849003, 23.454405744707838
-11.873449054732568, 23.30052390144958
-11.788885128997956, 23.147429480712024
-11.702754550283325, 22.995196312715706
-11.614683732204844, 22.844068686332577
-11.525187895157817, 22.693627938217038
-11.434464955021355, 22.54402067381754
-11.342481997999029, 22.395216130206286
-11.249269817077307, 22.24720788579669
-11.154737497128, 22.099981091408885
-11.059031451875057, 21.953458170627314
-10.962314552098563, 21.80779191436047
-10.86443490438759, 21.662841548041662
-10.765389637391165, 21.518635933244425
-10.66538037558951, 21.375126005441054
-10.56441871991225, 21.232123858921753
-10.462555834875918, 21.089782150019772
-10.359980288544746, 20.94826175343658
-10.256605079598605, 20.807439422445345
-10.152299153519191, 20.667092193221897
-10.047053947758801, 20.52717569677459
-9.941210580080828, 20.38774418039221
-9.834808073744224, 20.24902898534629
-9.72777262292548, 20.110874204059314
-9.62002476653072, 19.973022026856132
-9.511553597210074, 19.835730500628756
-9.402760366216025, 19.69887234901458
-9.293190571547386, 19.562583622467564
-9.183050010274732, 19.426590310360307
-9.072507736361553, 19.29098947513544
-8.961456528297067, 19.155832206446675
-8.849895115063395, 19.02112262111829
-8.73800509674967, 18.887010944097018
-8.625647626403667, 18.753200843407793
-8.512787307732458, 18.619724530627114
-8.399514682066869, 18.486651992004127
-8.285665341905167, 18.353840612531336
-8.171130915654356, 18.221663044640398
-8.056151202902884, 18.089886417554304
-7.940879237141643, 17.958299925005512
-7.825050210630441, 17.82727835731568
-7.708814679810613, 17.69641403629621
-7.591964297950765, 17.5660748932982
-7.474663787949203, 17.436477719355313
-7.3569000510231115, 17.307631706757626
-7.238351725587113, 17.17935917943161
-7.11890347056747, 17.05145435657076
-6.998612002422287, 16.924220072479944
-6.8774846025233005, 16.797991522757943
-6.755558910367009, 16.672526519001565
-6.632720805541555, 16.547947291258396
-6.50915119282887, 16.424447043199276
-6.385224722264884, 16.301344374478056
-6.261226553155183, 16.1779714821859
-6.137802624790744, 16.0539969514594
-6.014947362622006, 15.929810244784187
-5.892628710585836, 15.805254559700357
-5.770646488255821, 15.68021057909712
-5.6489408474757346, 15.554626204408887
-5.52785917651482, 15.428479452620751
-5.407035822578352, 15.302100754304497
-5.286782264406491, 15.175141365521396
-5.167153422156873, 15.047490896846147
-5.048399365571385, 14.918983947613917
-4.929868180618554, 14.790224526640095
-4.812686215722089, 14.660189871388255
-4.696103550404924, 14.529893701904173
-4.579986309693285, 14.399458014874686
-4.465160904386825, 14.268215753714458
-4.35079006308256, 14.136399519794073
-4.237189583417466, 14.003498580783342
-4.12437702460536, 13.869847212218604
