-3.8850000000000002, 14.054999999999996
-3.8834061715362758, 14.053073939045124
-3.8789574430932916, 14.047035825999
-3.8720998851894364, 14.036584807017537
-3.8624685768796123, 14.021973594110603
-3.8500925290632906, 14.003183103958794
-3.8349412907309897, 13.980233417639262
-3.8170112827688394, 13.953126932984958
-3.7962930980017395, 13.921869908024972
-3.7727884086323833, 13.886461264889093
-3.746519531330846, 13.846888666933559
-3.7174378129578414, 13.803184444666613
-3.6855447704362656, 13.755345177998425
-3.650810498498558, 13.703390884085785
-3.61325510040052, 13.647308200740184
-3.5727785052736802, 13.587170993868028
-3.5295022326464403, 13.522897706618267
-3.4833630023696527, 13.454535820297778
-3.4343675462109196, 13.382081892699354
-3.3825707231743576, 13.305491367335454
-3.3279957520427246, 13.22476763375098
-3.270530195877357, 13.139993667843365
-3.2101935049784163, 13.051150129799542
-3.1470506283800943, 12.958200084728107
-3.0810716026522704, 12.861162006152709
-3.0121363166059045, 12.760114386388357
-2.9403840526740384, 12.65497069851906
-2.8660187271562587, 12.545592974807025
-2.7886619981425955, 12.432227282563874
-2.7083375078241456, 12.31487522832277
-2.6255396675859264, 12.193229471419595
-2.5400080829034226, 12.067466569917777
-2.4519427966596217, 11.937462443403897
-2.3614591236761022, 11.803487652952345
-2.268916068319189, 11.665664755718067
-2.1749285586596803, 11.525053998113801
-2.080440099413063, 11.382423441300007
-1.9851525583226017, 11.238012126852835
-1.890428471529373, 11.09226885541855
-1.7958406573035386, 10.946080820222562
-1.701221218823007, 10.798992254564043
-1.6073751944722106, 10.651142684906048
-1.5137713083910112, 10.503435547587598
-1.4208077564976003, 10.355315554647417
-1.3283063267601354, 10.2068927203822
-1.2361654709911618, 10.058175571503526
-1.1444207827225885, 9.909148405881504
-1.0537753213077938, 9.759742476840717
-0.9637293097979702, 9.610266271271728
-0.8740354454313419, 9.460424803780965
-0.7847489242427037, 9.310186863291717
-0.6956346279727085, 9.159953951573513
-0.6068252498656392, 9.009339178008128
-0.5190379080214322, 8.858108269354306
-0.4316170274626223, 8.706732522658895
-0.344467817526811, 8.555020044092423
-0.2578232698003643, 8.403054252172032
-0.17168340475400773, 8.250872770533256
-0.08601299049340515, 8.098414370211573
-0.000662730497047917, 7.945611292208938
0.08420514778104876, 7.792462971961569
0.1685513693535685, 7.639203089906152
0.2524427337007056, 7.485868961134535
0.3356989654260638, 7.332472534326216
0.41864403976932985, 7.1787623110650545
0.5011909068035316, 7.024692789620581
0.5833691370007745, 6.870391453444098
0.6651548148607744, 6.715846867617461
0.7471442262828313, 6.56134810347154
0.8287015148052344, 6.406555568257327
0.9098421558940877, 6.251598550236671
0.9905404523327369, 6.096468147457961
1.0709098495806462, 5.941078019716981
1.1509490162636657, 5.7854285458319215
1.2305531972183905, 5.629775388309697
1.3096631006079862, 5.474073087319274
1.3885793581288495, 5.318101656493552
1.4673796952848315, 5.16164137789544
1.5458994387066665, 5.005044299255667
1.6244232542213928, 4.848728964840396
1.702551250469742, 4.69241812426882
1.7803413940504946, 4.536068605748781
1.8579365193651787, 4.37940901954286
1.9354292183622888, 4.222340295135787
2.0127459231618663, 4.065217529694786
2.08982490802845, 3.908228466261925
2.166669417881465, 3.7513305316518704
2.243357051533435, 3.594353670889546
2.320070563143295, 3.437247336306803
2.3967854687127916, 3.279845597067053
2.4734813427927134, 3.122350667493434
2.5502172783320334, 2.965153398291999
2.6267604308371193, 2.808140245680524
2.7035668916447686, 2.6515341272428614
2.780351393919274, 2.4946704260719517
2.8572790599256295, 2.337630034248422
2.9342564899254038, 2.1808911145657848
3.0114487374027714, 2.024098978903508
3.088823794338295, 1.8670723502647228
3.1663257405082157, 1.7101612464340472
3.2439859251924394, 1.5535485974192595
3.3227285842654957, 1.397709299457314
3.401795418375884, 1.2419947332142913
3.481756260646784, 1.0864402872629495
3.561979027982697, 0.9309960061234784
3.6430564380046904, 0.7759415961617615
3.7246135701413263, 0.6210846785654062
3.806657228491306, 0.46662853209533106
3.89041474038364, 0.3130264005554514
3.974341954467007, 0.1593754140515252
4.059144793140442, 0.006278017700024757
4.1446113435835255, -0.14616423854067734
4.2315247981731945, -0.2974988223150281
4.319700876905659, -0.4478947797381928
4.409191071955832, -0.5978292610584275
4.499755298573685, -0.7473513271247821
4.591811039700414, -0.8959206650953636
4.686113211404164, -1.0432941653072085
4.781661601093983, -1.189825131464286
4.879327437730574, -1.3346516795913934
4.9784516277222375, -1.4781802658786356
5.07932641620468, -1.6202956104305073
5.182194941620494, -1.7610835784388044
5.287677944938481, -1.900151258316733
5.395003997282969, -2.038091735513171
5.505091469934033, -2.1739029027095174
5.617436694999031, -2.307874632299117
5.731831227593224, -2.440108384801286
5.8488205448663795, -2.56992938716727
5.968153205676921, -2.6978281668738853
6.089573305363181, -2.823758031896512
6.213928683603825, -2.946433786481736
6.340519657935759, -3.0668469335761133
6.470783708030886, -3.183476124644516
6.602956226803161, -3.298114958876893
6.737351278553078, -3.41027063017635
6.875232682816691, -3.5181179200805643
7.014537228072499, -3.6241571647489894
7.1674077255578545, -3.7092661487157033
7.311479087678705, -3.8085565952129303
7.4573255534682446, -3.9051191281425806
7.604920817606059, -3.998908986955874
7.755451158700539, -4.0880052631043755
7.907802795718941, -4.174102720508538
8.062388822186735, -4.256298875160651
8.218211815808075, -4.335907395872831
8.375552696171823, -4.41208477716576
8.534535615859266, -4.484492338345473
8.695136380217352, -4.553085132624656
8.857338699307018, -4.617760629389857
9.021105845333526, -4.678376780597463
9.18630790336903, -4.734996195950561
9.352984631838202, -4.787193550963643
9.520997588528342, -4.835041772223826
9.690240098065852, -4.878495891397728
9.860798741432559, -4.91666399235973
10.032668633555856, -4.948706997622132
10.205591159538582, -4.974890389936142
10.380073578537331, -4.988091057350495
10.555089115710013, -4.9921849004460395
10.729203961348151, -4.974404422109482
10.901907174001584, -4.945774802043376
11.07348616156185, -4.911169267061705
11.244298476809604, -4.873707611242053
11.414606160624029, -4.83363813666329
11.584452503647105, -4.791623700888269
11.753599628217696, -4.747803538860237
11.92233129376644, -4.702195386009417
12.090671988381335, -4.654990639653018
12.258687204371721, -4.606604469197256
12.426355827054389, -4.55699685906755
12.593671363921018, -4.5062880011801925
12.76083870176255, -4.454543186811867
12.927578266825552, -4.401588951574744
13.094017877021411, -4.3478022260693105
13.26019521684042, -4.293149047415798
13.426225362198757, -4.237671848099242
13.592042928464958, -4.181265735180662
13.757498491934259, -4.124430655304103
13.92246172906308, -4.0667842063020885
14.087348234505036, -4.008728576599532
14.252259328770295, -3.9500991936004963
14.416908752964124, -3.8908806598514394
14.581134626877862, -3.831225721899501
14.74506351008319, -3.7713188521901806
14.90896324406087, -3.71088001082876
15.072761477397023, -3.649882439701608
15.236168653863444, -3.588552209694848
15.399620729154046, -3.5269046559940667
15.56325696644875, -3.464833967208224
15.72668352594943, -3.40235501510482
15.889800385789858, -3.339679499551931
16.05258465079636, -3.2768359933297373
16.215285479686408, -3.2135850688394494
16.378060270838855, -3.150066592159475
16.540515075478563, -3.0860708926222467
16.703019669557605, -3.021727262423024
16.865549537434944, -2.9570557516341243
17.0276695706301, -2.8920322476941744
17.1895770833505, -2.8266971579360174
17.35170083810023, -2.7609884225706955
17.513688665907395, -2.6944926294624176
17.675244388086927, -2.627565278550021
17.836426274312842, -2.559825258502237
17.997210059281546, -2.491265706698683
18.15752996912213, -2.4214367461745216
18.317469384698864, -2.350550866177312
18.476924499410572, -2.279191098895234
18.636079982199092, -2.2069584458134845
18.795479622544295, -2.135057799404939
18.954900076451214, -2.0636843748023592
19.11487151458573, -1.9933558434013445
19.275486767540684, -1.9244417998046848
19.436838779518013, -1.8571432500510638
19.59896202779467, -1.7915934583721318
19.761437420103736, -1.727600307762199
19.924642862303397, -1.6649102951622279
20.088662109702796, -1.6037816983537965
20.25302320275531, -1.5442165505092815
20.417818295775742, -1.4862627602825957
20.583371436836835, -1.4302879333036171
20.750012442580072, -1.3769439617859487
20.917277492970765, -1.3254385291055568
21.085039375209945, -1.275763696323393
21.253312483658963, -1.2282351508256173
21.421874935873554, -1.182291083122377
21.59104320806282, -1.1381630247048202
21.760796644105945, -1.0962074926248868
21.93087504376921, -1.0558965983178388
22.10170291866274, -1.0181586484101752
22.27300707407664, -0.9827305229911596
22.44472251777719, -0.9494728702521995
22.616907572469685, -0.9185871861130539
22.7892805683959, -0.8899482698482113
22.961894684311464, -0.8637918408286858
23.134939747457658, -0.8399276812835784
23.308507295368447, -0.8182373159898019
23.482464512890346, -0.7989183244967082
23.656544888122692, -0.7819916134864409
23.83079811010671, -0.7671974127213277
24.005233736874878, -0.7545915157017606
24.179855883279235, -0.7443705628250021
24.35460836511934, -0.7367224045775262
24.529211835223748, -0.7315113240945578
24.70362955204421, -0.7285582922940629
24.87784548698155, -0.7279166209107905
25.05222972854602, -0.7296742209507162
25.226731968813883, -0.7335271446817708
25.40131935428758, -0.7394233225877481
25.575968904529127, -0.7473438703228804
25.75053218081146, -0.7569660945787028
25.92494976227484, -0.7689283771194911
26.09890961117829, -0.783596760554233
26.272812674184273, -0.8003428708856717
26.446842395352405, -0.8192736786549499
26.62059177766779, -0.8403655862663861
26.79390129818846, -0.863662685478686
26.9670412197393, -0.8888204457997935
27.139936569369116, -0.9161049161100723
27.31241379907741, -0.9454080730188139
27.48443409894912, -0.9767383802837486
27.65603227595331, -1.0096761203490834
27.82737675854567, -1.0444587944495538
27.99861803903647, -1.081160366949204
28.16951512702854, -1.1195799441923595
28.339741123988, -1.1600709422020536
28.509471187076585, -1.202173396510265
28.678553450969424, -1.246305684513955
28.84694224863663, -1.2921225572230155
29.015018692853435, -1.3398796423938526
29.182801151027977, -1.3893895497960325
29.349849238017384, -1.440750227019382
29.51621095180535, -1.4937772435181393
29.68216043635319, -1.548352552317455
29.847873691442967, -1.6048124946526168
30.01315151641307, -1.6628815611402898
30.17767499992617, -1.7225079318723937
30.34147219804128, -1.7839060026379832
30.50454073002359, -1.8470239721529014
30.666758524479967, -1.911629186523304
30.828544393818227, -1.9777202329003714
30.98988102955617, -2.0453532355337902
31.150500378196735, -2.1144670775474665
31.310640895359814, -2.1850917366720197
31.470224233336015, -2.2570072109467225
31.628893325886697, -2.330368966990106
31.786765424380786, -2.4050991971297155
31.94404718169557, -2.4813308595453965
32.10080794780131, -2.558977663068735
32.257001447920715, -2.637948164364405
32.412513663535194, -2.718159137221927
32.56738515792538, -2.7996165639341006
32.721647660745134, -2.882237496209834
32.87498349185919, -2.96651159796812
33.027372074909366, -3.052433595492852
33.179096987262255, -3.1395013896601176
33.330139166296945, -3.227727713486264
33.48053192677615, -3.317047985570424
33.63036836931822, -3.4075446741922693
33.779455527655124, -3.499044402710304
33.927714356191835, -3.591807904470201
34.07532590619126, -3.685590361764123
34.2220594697699, -3.780657857714253
34.368168191620754, -3.876932440361669
34.51352216421209, -3.974282536614232
34.65822092426275, -4.072729309173359
34.80213004524121, -4.172450852317746
34.945256761555996, -4.272857778168767
35.08748964394603, -4.374140123029061
35.22909070876473, -4.476368661688286
35.370142671811934, -4.57974400057829
35.510487006442524, -4.684024432915035
35.65000758566945, -4.789106481824973
35.78875162737332, -4.895474060465084
35.926959008615036, -5.002683299673202
36.06449620840637, -5.110731316036736
36.20124800549962, -5.219752167860042
36.33711590129833, -5.329476363896617
36.472374529249386, -5.440065119809919
36.60701916935695, -5.551513806634944
36.74102909604543, -5.663771286812102
36.87452813664468, -5.776910850877642
37.0073853177749, -5.890647361263689
37.13946856900774, -6.005286433973469
37.27122750790273, -6.120578168858433
37.40215145931973, -6.236713494766263
37.53231990975839, -6.353320673107252
37.66171377492706, -6.470637205798034
37.79073790496632, -6.588734439411592
37.91907475248109, -6.707729569411727
38.046785204786346, -6.827198580691218
38.1738422536181, -6.947250152544388
38.30034031475567, -7.068082833002557
38.426359382039365, -7.189522129586126
38.55173283902207, -7.311544290118873
38.676492566306806, -7.434110734512205
38.8007182076961, -7.5571651566246505
38.92431861343319, -7.681074712942148
39.047445786777374, -7.805381788616441
39.16979233602811, -7.930418126086785
39.29183904002311, -8.05570820622902
39.41350335361839, -8.181433349788422
39.534455250151076, -8.307907301590038
39.654967360266795, -8.43469241707973
39.77503539175269, -8.56200102250115
39.894739627188855, -8.689586665224951
40.01370263538887, -8.817828122472337
40.13211447045259, -8.94647611573709
40.24986445662393, -9.075391785694539
40.367271691601516, -9.204698249079428
40.48425401156541, -9.334467548290911
40.600599762318254, -9.464893047582324
40.716894672301535, -9.595570707973662
40.83283764406397, -9.726603658960524
40.9484309675448, -9.858112843575425
41.06364372667365, -9.989868717688802
41.17829130939929, -10.121791506790366
41.29259996740492, -10.254092983835937
41.406468312261396, -10.38685240689007
41.51994039514797, -10.519939411075203
41.63309026133626, -10.653490548864823
41.74577062094341, -10.787312011729282
41.857904345019264, -10.921350450448786
41.969769326658735, -11.055842562326813
42.08136485961703, -11.190838172813997
42.19252417541437, -11.326073148261798
42.3030850978289, -11.461543706554764
42.41324901493614, -11.597399256317221
42.52309383976373, -11.733574766256215
42.63252703344385, -11.869912555666257
42.741689812955784, -12.006415095703849
42.850616093619706, -12.143209499909435
42.95945595948972, -12.280060105622297
43.068205079402, -12.416780605390702
43.17590818546332, -12.554467110486101
43.28402444161801, -12.691889829440024
43.392456848561515, -12.828812178265427
43.50063511730086, -12.96596651561004
43.60961097998256, -13.102957606793643
43.719189723455344, -13.239618439665161
43.82875784985451, -13.375967215290872
43.93886917596614, -13.51155710453717
44.04901449626036, -13.64690550035828
44.15993933104409, -13.781577469208884
44.27127336401211, -13.91623333449454
44.38369644103711, -14.050125671319043
44.496623865451376, -14.18342063859381
44.61017311211078, -14.316333546627904
44.72456686191664, -14.448511544524958
44.83964876719165, -14.579848582804605
44.95540633612748, -14.710784742644346
45.07244193702874, -14.840684339353786
45.18995602436845, -14.970149517503334
45.308572973720025, -15.098605112920835
45.42798687784648, -15.225979659218371
45.54866082863758, -15.3521420905329
45.67044608337813, -15.477213002804872
45.7935724250756, -15.601001113200596
45.918385576853495, -15.723539973182989
46.04433214431117, -15.844970968969518
46.17162526337879, -15.964624782811482
46.30020119725767, -16.082890141071978
46.430709314473134, -16.19902580500843
46.56254976948606, -16.313727571700742
46.695911868050956, -16.427112160969337
46.8309135440662, -16.538542431671065
46.96732083016524, -16.647848041628514
47.10540111432197, -16.75499716017969
47.24492236937186, -16.860300881942457
47.386585595225846, -16.962830574054927
47.529806542958646, -17.06322480157438
47.6743101310264, -17.161580426181132
47.820064634254685, -17.258301619340916
47.967394661178986, -17.352568033271577
48.1166663999047, -17.44331483649595
48.26730063265628, -17.53193831626636
48.41985736816266, -17.617657156292395
48.57396112425275, -17.70048986004128
48.72888174673443, -17.781666575910435
48.88528086188041, -17.859993324553688
49.043212933508535, -17.9352880049239
49.20313960569004, -18.00608210863043
49.364017588579564, -18.074324963855645
49.52619109321667, -18.139665269538586
49.689155940821585, -18.202951725544175
49.85338106022195, -18.26253827728021
50.018717040463265, -18.319052361128147
50.18506284293519, -18.372282398910563
50.352429994686865, -18.421461290749292
50.52082584057527, -18.46758403305779
50.69010732509442, -18.51093696541709
50.860272452776464, -18.55097231440829
51.03156908549414, -18.587401120181923
51.20363613413214, -18.619993877151757
51.3761148286504, -18.64886461975949
51.54903066887921, -18.673773774634565
51.72225772572421, -18.694991767953717
51.895681104901044, -18.71216677754025
52.06950662452757, -18.725121936210375
52.24393339387186, -18.73405391855963
52.418814585677424, -18.73836010095126
52.59397063458648, -18.738651104842987
52.76908876269272, -18.734772800715575
52.94383164887981, -18.727101051837618
53.11811661267716, -18.71558912406517
53.29188337890552, -18.70052658359329
53.46512226543898, -18.682539006394105
53.638112253372704, -18.66176243227565
53.811053538031175, -18.63776342948944
53.98387234763256, -18.611208531334707
54.156295704130166, -18.582134249735173
54.328326657807516, -18.550489331949688
54.499960529275064, -18.51678819175504
54.6709318023559, -18.48093597352595
54.84117599617868, -18.442776513613325
55.010747977235035, -18.40280819066251
55.18005913519151, -18.360784029010013
55.34911009320765, -18.316802745954686
55.517742527794184, -18.27131697405541
55.68596721800413, -18.223891591522086
55.853938876406346, -18.17486180635235
56.02158638498829, -18.123878161149936
56.188844146414425, -18.07183024176562
56.355405917432826, -18.0184091038786
56.52143047157364, -17.963514484568783
56.68707905988025, -17.907051254554684
56.85225104927671, -17.849367857443212
57.016742878145244, -17.79051040718358
57.180470874883106, -17.730280731281336
57.34354022269586, -17.66877139540821
57.506032624922845, -17.606226689855756
57.668221300420655, -17.542557053013432
57.83059565569415, -17.477715770093138
57.99265909084753, -17.411492247508072
58.15405709855216, -17.34431091640608
58.31483194520134, -17.276131935638222
58.47528962492949, -17.20687402479842
58.635359902132215, -17.136548969787704
58.79487339715295, -17.065265158213723
58.95393474624451, -16.99288961598392
59.112748310186824, -16.919522621328152
59.27115686327992, -16.845212894232915
59.429049103365756, -16.77002806328089
59.58660477628088, -16.694115885562116
59.74384740557068, -16.617231303071613
59.900671281680985, -16.539407283480372
60.05684183819092, -16.460517449657374
60.2126470720452, -16.38089292023183
60.368111089885225, -16.30062204491076
60.52297883962584, -16.21946985756926
60.67742932757698, -16.13752077630864
60.831570166861496, -16.054662399972056
60.9854070564553, -15.97107407684063
61.138611720534655, -15.886483503464317
61.29137894688452, -15.801271098918999
61.44357419921645, -15.715203059686102
61.595528500954025, -15.62873881525346
61.747220454097565, -15.54145273284503
61.89826877272244, -15.453165188862664
62.049022028370594, -15.364411206870754
62.19927475545035, -15.274848688077109
62.34908047724089, -15.18455614653896
62.49844937462588, -15.093558337031876
62.647228676625275, -15.001946166484961
62.79584793275249, -14.90972352473189
62.94425808790034, -14.816755676705991
63.09187419142637, -14.722802858270924
63.238963033038104, -14.628480810435313
63.385396162038354, -14.533602937855067
63.53165672512134, -14.438081598558712
63.677811765772994, -14.341853936176745
63.823596695153626, -14.245235433405037
63.96882821816728, -14.1476942175587
64.11348290024819, -14.049308805563792
64.25762488994982, -13.95060358822468
64.40131505933323, -13.851194957289385
64.54471527780946, -13.751321859428858
64.68777633614582, -13.651152203732499
64.83060086920742, -13.550286199677306
64.97316032954937, -13.448931466693027
65.11526647993999, -13.347061037894814
65.25670331538204, -13.244207172921312
65.3981672257078, -13.141209497884873
65.53908699101396, -13.037463242543543
65.67929039753848, -12.933165010858232
65.81945499581502, -12.828607433308353
65.95922569737625, -12.723321236360384
66.09826201118798, -12.617226646403259
66.23701655315054, -12.510923860902476
66.37477784677161, -12.403309616038756
66.5121011942413, -12.295006540090826
66.6488237125523, -12.186189536362633
66.78528037777106, -12.076836943640446
66.92132363491359, -11.9668238861595
67.05657379919143, -11.856226868439284
67.19140476327526, -11.74507239713408
67.32571915595541, -11.633252517020853
67.4596816216478, -11.520936160485972
67.59303394918385, -11.407821667353147
67.72529864331348, -11.29381993840083
67.85682566594224, -11.178890271370674
67.98782063538293, -11.063212613602822
68.11824058210983, -10.946851085618944
68.24808663848499, -10.829360802269578
68.37714241279679, -10.710860419200442
68.50522146418925, -10.591671721312958
68.6324665148541, -10.47182474745837
68.75872381020254, -10.350878190087201
68.8842481580898, -10.229242775383206
69.0089102221908, -10.106721925367543
69.13238126227941, -9.982995448098151
69.25474626013325, -9.858441110455319
69.37641199903602, -9.732999446437649
69.49722505248928, -9.60661314497507
69.61724139030532, -9.479368846422231
69.73598204547393, -9.350833209917033
69.8535839038633, -9.221592628328363
69.96961721379944, -9.091276619376474
70.08476595840476, -8.959902559128976
70.19861072728258, -8.827123526494502
70.28588634185878, -8.675629325038635
70.39756849655916, -8.54115615483154
70.50818388325709, -8.406126806124304
70.61717439690496, -8.2695980193048
70.72483815288292, -8.131837538965637
70.83093022910943, -7.993011927902312
70.9356940625609, -7.852973253861264
71.03891620774802, -7.711751386515835
71.14089794426748, -7.569573465201062
71.24141908820786, -7.42630192020361
71.34014508158053, -7.281968706410101
71.4371343886294, -7.136352652435401
71.53250273513841, -6.989680355163869
71.62579017376888, -6.841735386192965
71.71743230397564, -6.692690415325801
71.80707807594962, -6.542405285733146
71.89475057893769, -6.390914411508075
71.98085264373745, -6.238573121279833
72.0649067045088, -6.085281599560757
72.14680610900975, -5.930785126245493
72.22687867839272, -5.77506713768825
72.30493721093184, -5.618367797433908
72.3806147601335, -5.460735999691867
72.45394556955586, -5.302177178117129
72.5251310462081, -5.142809819675419
72.59405143279852, -4.982522773080683
72.66056067862438, -4.821020407111447
72.72514575927894, -4.658465152880992
72.78733433038487, -4.495016155786765
72.8470232987179, -4.330522335614411
72.90419312001431, -4.165021196335319
72.95901069562737, -3.998986863767467
73.0112537028967, -3.832199425022755
73.06114263259151, -3.664769716846438
73.1081406824279, -3.496475641912802
73.15287843701586, -3.327536486385097
73.19497545832841, -3.158177590686476
73.23459220449534, -2.988478076516163
73.27158908061618, -2.8181145413047775
73.30588397812353, -2.646981183155957
73.3378153868162, -2.4750911136417098
73.36671696313815, -2.3024981237196713
73.39286606681333, -2.1295448251915206
73.41633822384789, -1.9560573224146693
73.43697324682395, -1.7822332725962657
73.45476019429488, -1.608339385358931
73.46948358883893, -1.4343064148427895
73.48095600166876, -1.260182484881228
73.4903926683242, -1.0858944018804646
73.49725007935322, -0.9114440800287742
73.5012309119787, -0.7370420728435776
73.50223627387015, -0.5624704524610131
73.50017455970968, -0.3876857438408358
73.49513228853525, -0.21280179948461475
73.48692478940387, -0.03805802501973454
73.47576672467252, 0.13634216556278933
73.46202520805677, 0.31052316057131557
73.4451278744535, 0.48465458980918574
73.42532140257052, 0.6585552175123532
73.40287543955867, 0.8320469380185969
73.37779339819528, 1.0050708647600197
73.34987572573759, 1.1777831502005083
73.31913265998824, 1.3501353316244131
73.28558837290379, 1.521709688472348
73.2495612354628, 1.6925891161757796
73.21080189878433, 1.8629629737883664
73.16931095528331, 2.032721385371201
73.1254505175288, 2.2016735121453217
73.07916421960819, 2.3701305995873696
73.03037095603018, 2.537984006494939
72.97947721177984, 2.7052441950732415
72.92600142295566, 2.8717676354871884
72.87037667636302, 3.0376215069627683
72.81235630207581, 3.202765394060759
72.75202620331115, 3.367086270096903
72.68962060919722, 3.5305758239267266
72.62518974747067, 3.6932950567607152
72.55846404416356, 3.855048774796903
72.4898397466722, 4.015820766828831
72.41921265638182, 4.175816561171192
72.34701258932736, 4.335117338311365
72.27303766714999, 4.493330603597144
72.19720533793402, 4.6507238176194186
72.1195164775063, 4.807266246946254
72.04031990657676, 4.962909502389358
71.95946469297486, 5.117843226832914
71.87698340920596, 5.271924909486444
71.79279701700528, 5.424897949190183
71.70726759556382, 5.57723563618108
71.62016597194219, 5.728960066579098
71.5316013333565, 5.8798165001181335
71.44158207297892, 6.029517820678416
71.35045821381505, 6.178256316984768
71.25805702789133, 6.325970045750625
71.16425078993817, 6.472895954190939
71.06893884617024, 6.619424159240071
70.97234674486164, 6.765348842970196
70.87479701558165, 6.910536249715293
70.77567744079474, 7.054609761578571
70.67606675032528, 7.198406536340869
70.57533169696102, 7.341517549184832
70.47372928715085, 7.4840015607245185
70.37131431966942, 7.625798710370176
70.26806817976326, 7.7666819901970365
70.16402343020219, 7.906908728404738
70.05911519843364, 8.04670333377341
69.95335100109408, 8.185820576770853
69.84687753619669, 8.324344213954227
69.73964666227623, 8.46263130687556
69.63171674120376, 8.600459068597438
69.52326273745308, 8.737617105045638
69.41418713975226, 8.874250346892707
69.30436753200132, 9.010481960283073
69.19403607027127, 9.14626622907049
69.08316581540225, 9.281574787937707
68.97166372759781, 9.416572320933358
68.85968547514902, 9.551098109233404
68.74732616769354, 9.68498168518188
68.63454874142755, 9.818564469474742
68.5212132460998, 9.951743422435202
68.40739069816213, 10.084655790505364
68.29298296240319, 10.217196638855443
68.17821650336847, 10.3491808189628
68.06322631819987, 10.480878978810393
67.94783024683176, 10.61211317058706
67.83196762926119, 10.742872240600555
67.7156731013886, 10.8732197136154
67.5989372392247, 11.003387840299592
67.48156416325762, 11.133092717451976
67.36400026527922, 11.262286857031869
67.2458558438365, 11.391003178274385
67.12700339052282, 11.519370278529738
67.0077228893919, 11.64745194610451
66.88785358300052, 11.774846194684384
66.76718391115959, 11.901444861782581
66.64571951720791, 12.027401530973554
66.52343413389724, 12.152545101761675
66.40028184951863, 12.276655208085197
66.27624553115466, 12.399849151323668
66.15203611496345, 12.522836019247778
66.02806304279112, 12.64601634622305
65.90401288138467, 12.769366968333904
65.7801763537779, 12.892870296051433
65.65666272506259, 13.016712190575024
65.53349580487355, 13.140931307768554
65.41103740267043, 13.265636214002313
65.28907418075752, 13.390886470057389
65.16768740694371, 13.516636404746201
65.04713575689249, 13.642841629208018
64.92721590300606, 13.769826014175331
64.80811185283632, 13.897834714259828
64.68967099035602, 14.02656471657091
64.57214966081544, 14.156161008815635
64.45548883565219, 14.286199623575419
64.33966090873577, 14.417045451394262
64.22460968672874, 14.548661078704795
64.11042477058216, 14.681055834636298
63.99662787848147, 14.814137969415038
63.883779995824376, 14.94811593999595
63.77195606875015, 15.082692518397751
63.66093767365955, 15.217610819044788
63.55087460805722, 15.35332017248301
63.44171980332326, 15.48979774622547
63.33330483615747, 15.626973446812054
63.225822055673966, 15.765157586481589
63.11933215403857, 15.903992154033316
63.01377079957453, 16.0435269031844
62.90914236919219, 16.183749168983873
62.80524241975365, 16.32449796004774
62.7022973889255, 16.46593260186189
62.60043843817028, 16.608060076956335
62.49955124671971, 16.75095842901065
62.39944402195054, 16.894420117806654
62.30022050541878, 17.038341232288353
62.20208643849202, 17.182717847235633
62.10461326878649, 17.327551212952535
62.007755000310645, 17.4732623910078
61.911983550797835, 17.61985881692673
61.81714348990295, 17.766763224506512
61.72326693744531, 17.914083713964022
61.630152030836015, 18.061895871362022
61.53801704141658, 18.21059419740078
61.446522370055675, 18.35975161799438
61.35616219784755, 18.509516710604696
61.26661800610382, 18.659689082264613
61.17783618787532, 18.810362495299096
61.08984224142332, 18.96154629258086
61.002552225290046, 19.11284909918246
60.91623614293496, 19.264638422076295
60.83051620137773, 19.41698610116296
60.74565512322025, 19.569953339785982
60.66114504007177, 19.723127875380392
60.57755812656631, 19.876687208102723
60.495039878187505, 20.03062842858694
60.41301045597015, 20.185007891359856
60.33161328844511, 20.33981015362948
60.2509357364389, 20.49479433712873
60.17120340457518, 20.650149284575573
60.09173747816761, 20.805743766129684
60.01312564336219, 20.961798347997462
59.935396673204316, 21.118358341199603
59.858036102910944, 21.275287930069037
59.78143600176821, 21.432733627721312
59.705489486648105, 21.59051596986174
59.6305000482725, 21.74853562510033
59.555729268710614, 21.906693539116283
59.48168076970064, 22.065197150610842
59.40834877060107, 22.22406698837162
59.33548632869041, 22.383157818084243
59.26334548790189, 22.542302715476712
59.19176904207627, 22.70176442018583
59.120827617996795, 22.861729866429723
59.050296418927374, 23.021799007388967
58.980425626260896, 23.182160112328987
58.911312129720216, 23.34292355700033
58.841702275808046, 23.5035003590672
58.772982138676014, 23.664378182942126
58.705071648110696, 23.825512002604434
58.63751820721678, 23.98670857013275
58.57050882613932, 24.148185063609358
58.5043016592519, 24.310160793516065
58.43849418556421, 24.472148042626547
58.37347354912526, 24.634422542629625
58.3087101333953, 24.796826948755594
58.244148077355845, 24.959479688132948
58.1800247510302, 25.122413991232037
58.116309504134534, 25.28523988542144
58.052969835112975, 25.448149402425017
57.98985874111562, 25.61126141296628
57.9277117363031, 25.774651895866068
57.86595693534112, 25.93795080307929
57.80433006388045, 26.10146917139644
57.743030763370264, 26.26525460022477
57.68207422226991, 26.429154494688493
57.610944700953304, 26.589054849406104
57.55179720119025, 26.75366193907102
57.492919678022396, 26.918100956491884
57.43420143930708, 27.082674998051594
57.37555247594215, 27.247351780573094
57.317017885058554, 27.412158129818128
57.25853996369261, 27.577073448371177
57.20011052437328, 27.741740723642863
57.1417321435601, 27.906160852994105
57.08332150616283, 28.07034213411491
57.02474419139377, 28.234742840346936
56.96595471181302, 28.39956786176991
56.906971467768365, 28.564434588388195
56.84784308436868, 28.729102948005657
56.78915451727367, 28.893697839633987
56.73023063027286, 29.05826326250361
56.670986917463416, 29.222735708344477
56.61133952880672, 29.38712926144129
56.55136281182353, 29.55147006965015
56.491152359689586, 29.715459479962753
56.430549559186424, 29.87904085812762
56.36966784042319, 30.042655949591666
56.30827258172965, 30.206217346971634
56.24644712191203, 30.36960520535147
56.18534147601544, 30.533278146943463
56.123427276596054, 30.69680450207643
56.060677269010505, 30.860140202052566
55.99744602065844, 31.02326436597859
55.93386983374906, 31.186372249436648
55.86927139665158, 31.349012429052518
55.80371149028842, 31.511061893729675
55.737339891918424, 31.67290502044224
55.6699365231379, 31.834448762433237
55.60183975531179, 31.995437524550923
55.532474449120386, 32.155611325879065
55.46215727850111, 32.31545904890876
55.390799353719316, 32.475346533977444
55.31774269744574, 32.63460357589399
55.24379303562898, 32.79317212934644
55.16870300252557, 32.95092698956165
55.0916127956905, 33.10748596470131
55.013177188210356, 33.263559489505035
54.932930407318345, 33.41885279239124
54.850663189282606, 33.573112789163794
54.766638550970676, 33.72661000016343
54.68160076079458, 33.87960177504161
54.59375230839192, 34.03105253025797
54.5029947892324, 34.180660416983855
54.410444239396774, 34.328986548648494
54.31575047138684, 34.475984874354886
54.21886650852392, 34.62172640155883
54.11804815531188, 34.76473643173228
54.015408854085216, 34.9064267190969
53.910249410375116, 35.04623738101344
53.80180420805441, 35.18346674639097
53.69076777658326, 35.31862963159416
53.57723250744212, 35.45169396698091
53.46020027335129, 35.58161332125206
53.341213913598715, 35.70948191435221
53.21892221288118, 35.83438171975273
53.09357779667647, 35.95647425178428
52.96610890306538, 36.076302505885444
52.83597953432143, 36.19303935387641
52.70331662058015, 36.30650429770051
52.56703003441519, 36.415727525304455
52.42949292958649, 36.52355645559032
52.289487851395634, 36.62812870881661
52.14629841693442, 36.72836719895832
52.00138014701351, 36.82616470361107
51.85432384208736, 36.920728213946155
51.70755070718124, 37.01591599096361
51.557503854709495, 37.106189691991275
51.40548572997353, 37.19288368074885
51.25164148085968, 37.275900286679345
51.09597349177369, 37.35515984734406
50.93860297558755, 37.43078756117421
50.77945384467022, 37.50246083969103
50.61855969370833, 37.57003027680844
50.45592601288203, 37.633234346622565
50.29152304368342, 37.69165728424927
50.125560205724646, 37.74549631290172
49.958042941855595, 37.79430886613683
49.788720906708264, 37.836504108028876
49.61685141143209, 37.866917072762504
49.44280248715816, 37.880641545947185
49.26805866097211, 37.877558400906054
49.093577105167476, 37.863760318398704
48.92030145783494, 37.83930143513889
48.74890473086793, 37.80428502665457
48.5800284510793, 37.75885271130358
48.41421586958432, 37.703152448277514
48.25094395083592, 37.64028086801071
48.08837173984559, 37.575609420822204
47.92660267588205, 37.50895030550495
47.7655822422402, 37.44074580067598
47.605284629735124, 37.370737974950934
47.44590517179369, 37.29891637160674
47.287222106168734, 37.2257675455477
47.1289393034949, 37.15112153990122
46.971068961542386, 37.07536599727818
46.81416612063144, 36.99819050374691
46.65777676634805, 36.91994838809114
46.50202714188535, 36.84040997417943
46.347135229235334, 36.75975348906862
46.192753174172346, 36.67810479029248
46.03893525544067, 36.59512311482819
45.88544705731455, 36.51144773450779
45.732439578246236, 36.426653775292294
45.580056998697714, 36.34084830832933
45.42814270864354, 36.25403249557666
45.27655847974852, 36.16645913481419
45.125565089890344, 36.07818658331855
44.97523134734225, 35.98902412791901
44.82512226260231, 35.89919085970166
44.67549328929504, 35.808352637626186
44.5264376686419, 35.717054290252
44.3777119690722, 35.625292014494505
44.22924682610104, 35.532697698089926
44.081176908842416, 35.43946265927037
43.93370830164526, 35.3457446795554
43.78673137564808, 35.251487614903716
43.63989726521003, 35.156530669392396
43.4933066961468, 35.06095227539168
43.34714931959695, 34.965151858262935
43.20127651009847, 34.86891282157775
43.05567552247113, 34.77187775895939
42.9103465394418, 34.674493102000824
42.76521682132506, 34.57680864851397
42.620329306492465, 34.478758095844846
42.47564207807539, 34.38050420818405
42.3313283457553, 34.28179824026382
42.187116565941146, 34.18276060643316
42.04304444401904, 34.083337759963506
41.89923542365568, 33.98384867117918
41.75560988371788, 33.88429657520419
41.61211137948805, 33.7844074538798
41.468909691787836, 33.68405128210119
41.325975951209976, 33.5833334453307
41.1830972406855, 33.48214878360099
41.040101916870825, 33.381153759724675
40.89778064278231, 33.279641022075964
40.756015929090786, 33.17769982997079
40.61456893464359, 33.075396061811624
40.47349880566725, 32.97205665203172
40.3327243235983, 32.868066562245296
40.19283099496479, 32.76308069292037
40.05265853900755, 32.65862777185279
39.91253889826408, 32.554236989556784
39.77133146768176, 32.4511648241635
39.6295837664625, 32.348657404517375
39.486683426706215, 32.24760667128825
39.34234925855851, 32.14868494013501
39.19708805242379, 32.05151293432182
39.05069974368738, 31.956040166700294
38.90307663617378, 31.862286237365065
38.75425682943194, 31.770541398428737
38.60360730951203, 31.68181494810263
38.451653293838845, 31.595189351943997
38.2984266337694, 31.510416530345314
38.14390073116878, 31.427947232866366
37.98825168848974, 31.348164714117186
37.831568505194255, 31.270876433020153
37.67330149924065, 31.196702103069377
37.51361328849903, 31.125574696934187
37.35279798298164, 31.057058166993354
37.19075827250875, 30.991184270433525
37.027435142992424, 30.928907683432822
36.86317360210407, 30.869199726906956
36.6980225643203, 30.812042416996253
36.53122626984426, 30.75981765619596
36.363458796024766, 30.710063289432327
36.19490927232048, 30.66324521426084
36.02547734713958, 30.619765214787595
35.85514208955622, 30.580011478802927
35.68416106733784, 30.543353013950675
35.51234564902937, 30.509858913268353
35.33990706403274, 30.479859020206575
35.16693811893538, 30.454490685313452
34.99348953469355, 30.433106983554595
34.81952679186821, 30.415122990830753
34.6451035908765, 30.399859271962182
34.47029368092409, 30.39039826412252
34.29543150010852, 30.384994346664502
34.12057648443306, 30.383335560841317
33.94574374752557, 30.383993182869574
33.77097421297701, 30.391087325826803
33.596453559770545, 30.404523225936327
33.42226971565329, 30.421523054272676
33.24887797338729, 30.44395181141799
33.07639196654773, 30.472840751390656
32.904686051749344, 30.505940331783673
32.73409007960005, 30.543751546191988
32.56454852478214, 30.58642227204149
32.396103981542566, 30.633140767650303
32.2290866396066, 30.68387678021836
32.063216719059454, 30.738271398646297
31.898318295945543, 30.79614150782344
31.73431151955976, 30.857222334345348
31.571365663870317, 30.921254783056106
31.40973793893464, 30.988014585070133
31.249213008902963, 31.056878927653145
31.0899665582044, 31.128048266193534
30.931783285667834, 31.201666366535157
30.774492262184403, 31.277580965834723
30.61815326041993, 31.35539134276765
30.4626773570625, 31.43510641784201
30.307873648578177, 31.516574918704674
30.15405911767309, 31.599897394597377
30.001251812554454, 31.684596294138036
29.849711863345334, 31.77104319759606
29.698944753814526, 31.859039209279402
29.548949261416794, 31.948626028474532
29.3995510300876, 32.03953304400321
29.25100977461128, 32.13207954630165
29.10342111750381, 32.22583809349541
28.956781409912555, 32.321197813712416
28.81075002642107, 32.417449816925654
28.665715764869176, 32.51490976285679
28.521385686663372, 32.6135877729102
28.377678839238392, 32.713379897375304
28.234796119837817, 32.81448419076026
28.092584129006458, 32.91668594908697
27.951117042671044, 33.01980590677236
27.810601100293017, 33.12391629994916
27.670718436424785, 33.22884997283795
27.53169708898226, 33.334889714746986
27.393320163474545, 33.4418769222484
27.255726507309994, 33.54997594960594
27.1187104683191, 33.65877983947072
26.982367577753077, 33.76843474236711
26.846772241061718, 33.878970663561994
26.711971319009724, 33.990398026050016
26.57766369866335, 34.10237290763972
26.444151296477422, 34.21524847056895
26.31130720167337, 34.32898915266466
26.178827738482656, 34.44323342583144
26.04689047637728, 34.558146165014485
25.915463789273648, 34.6736850049044
25.78466101174696, 34.789856575527104
25.65458850455386, 34.906804496504755
25.525261101851488, 35.02451966948104
25.396360079110575, 35.142884693727076
25.26822184132686, 35.261984977257924
25.140423250691686, 35.38143741694254
25.013302982250462, 35.501736344417644
24.886630085921677, 35.622497616080736
24.760460865537677, 35.74363215970641
24.63515122686395, 35.86545289968647
24.51028600334517, 35.98767544898458
24.38588628272752, 36.11045653840216
24.26176157323161, 36.233452774921226
24.138210882158994, 36.35720456642806
24.01504338312447, 36.48151606559525
23.89236343845881, 36.60623520891735
23.769940405156454, 36.73127041705452
23.648110726489247, 36.856672106011615
23.52690156104587, 36.98275141704026
23.405915958591248, 37.10943068099508
23.285402655889317, 37.23652139874404
23.16545314149615, 37.36380106840693
23.046122901674472, 37.4913196863373
22.927162541653246, 37.61923316723326
22.80858004055401, 37.74757498197051
22.690381911133564, 37.87626119072821
22.572405941220396, 38.00551600276341
22.45514931834489, 38.13548777430455
22.33837858830668, 38.26578728766493
22.222024375612477, 38.396350177205505
22.10606607121221, 38.5272631319077
21.990531419874184, 38.65854844059954
21.875370411039697, 38.79014970451438
21.760656153752542, 38.92219815451269
21.64648332762386, 39.05471987923885
21.532787836815064, 39.18758719563953
21.419500129981582, 39.32081579704407
21.30663133111658, 39.45441285891623
21.194174680946524, 39.5883066988637
21.08194848795767, 39.72234350440415
20.969959793324392, 39.85661065442419
20.85781214176753, 39.99096299196605
20.745637484929013, 40.1251530780841
20.633382149725893, 40.259280371600255
20.52032223500556, 40.39282086484985
20.407180665158382, 40.52611917556468
20.29400157293564, 40.659445909610035
20.180557823199543, 40.79253898864436
20.06695193890289, 40.92516468515662
19.95289294801668, 41.05757122870998
19.838597069183248, 41.189943841700746
19.723982549830215, 41.32170947621938
19.608583207356837, 41.452533228982595
19.49266221033509, 41.5832376402299
19.37622578783421, 41.7137701575962
19.259486179591427, 41.84418438882885
19.142197184168037, 41.974235713761544
19.023784121264857, 42.10299041929568
18.905129593098554, 42.231248052343446
18.785708259723165, 42.35844925614048
18.665639675917728, 42.485424822946605
18.54461018258495, 42.61190873842902
18.423075287131912, 42.73759970703781
18.30098756381677, 42.86252105547553
18.177871541823936, 42.98659423894841
18.054175042435553, 43.11022332243234
17.929885203584526, 43.23351046696439
17.80430836179738, 43.35565884030091
17.67821580350695, 43.4769247102995
17.55146316323195, 43.59721983681938
17.423991070509683, 43.71653815854128
17.295521409018715, 43.83449206411047
17.165862006513912, 43.95149098447344
17.035324612344933, 44.06786608524034
16.903857951021813, 44.18340916496716
16.771091985243398, 44.297678185835636
16.63776666159351, 44.410921211163554
16.503151884445092, 44.52225955317379
16.36748966817762, 44.63194373800184
16.23103512659464, 44.740781230554006
16.0933805088357, 44.84822735131341
15.955122398153515, 44.95448611685356
15.815729512402982, 45.05904994867106
15.674934109335021, 45.16153764093533
15.53320225366099, 45.26259854464661
15.390288427840808, 45.36259652925693
15.245700367546455, 45.46127403012671
15.0998962633042, 45.558479463354054
14.953200193322827, 45.653877228811425
14.815760807390246, 45.76180878951144
14.685483367632376, 45.87842235172685
14.532845263546921, 45.96385754183692
14.381333135293612, 46.05122156645537
14.22970487351742, 46.13832703136449
14.083894975221604, 46.234766574050084
13.928399066263355, 46.31453148535803
13.772243024479321, 46.392439912763265
13.615140767942139, 46.46873272774623
13.456756331419006, 46.54264642273064
13.29744848412686, 46.6145719714743
13.136547217787859, 46.68369645966071
12.974598153666003, 46.75051247784309
12.812189752168313, 46.815535329638564
12.648902642839822, 46.877658890239545
12.484968265811665, 46.93737428990616
12.32015793296659, 46.99478859001726
12.154271919675823, 47.04921237570067
11.987626055469422, 47.10158634888279
11.819962349674427, 47.151492608358375
11.651388743795122, 47.19890349917373
11.48210732807616, 47.24378086137633
11.31243422656339, 47.28613473801724
11.14231223080605, 47.32555600676157
10.971871738124857, 47.362556507631986
10.800723073715451, 47.39699357424928
10.628849470187063, 47.428733274994286
10.456419006767286, 47.45754601560748
10.283610352169863, 47.483883512727026
10.110583996114514, 47.50726665744433
9.93716537532734, 47.52830213424431
9.763168023203956, 47.546689428809216
9.588863608400555, 47.56209896839212
9.4144730932184, 47.57451642555068
9.240013714134363, 47.584104720989416
9.065363703122875, 47.59107739499479
8.8906296963088, 47.595267989448836
8.715966900672363, 47.59650933772304
8.541093980595187, 47.595578134154714
8.366168636213112, 47.5919356962446
8.191236630793586, 47.58571029755426
8.016332101035921, 47.576607047682046
7.841814510757553, 47.56488720306209
7.667501381596795, 47.55084590729702
7.4932977047404945, 47.534370510374366
7.3193343393261365, 47.515534736385426
7.145662219640359, 47.49426740160117
6.972342390625009, 47.47091728547809
6.79938234707549, 47.44546530072062
6.626634544502845, 47.41762431713642
6.454173425251805, 47.38801978737985
6.282310470538038, 47.356476466692406
6.110809178607462, 47.32277306850393
5.93958880743179, 47.28743188102129
5.768740052112767, 47.250021859558224
5.598222110877568, 47.210828909538506
5.428122635759912, 47.170094691571244
5.258296729275637, 47.12743383287878
5.088898605611989, 47.08310699852997
4.9201388896541, 47.03735454547956
4.752036081898641, 46.990097182485556
4.584350440373423, 46.94125695891971
4.417019601677406, 46.891154604621775
4.250372506406393, 46.839628673084775
4.084102897878605, 46.7865540443713
3.9181173430888423, 46.732294771052835
3.7524338130463275, 46.676681160169956
3.587063797757374, 46.6197133324134
3.422399948509691, 46.56148100430716
3.258344893915362, 46.50194727916947
3.0944558160875184, 46.44149808743872
2.9308372657986097, 46.379912316967705
2.7676140139880654, 46.317184866571345
2.6047499128046083, 46.253266279536554
2.4422424636785873, 46.18828459188074
2.2802451237223664, 46.12212018801232
2.1188121798747086, 46.05500689149491
1.9577885389668896, 45.987067832666085
1.797038394540904, 45.91816910918187
1.6368252924707285, 45.848136563536244
1.476945310452974, 45.77726327643878
1.3175371055370286, 45.70526797086569
1.1587390848536558, 45.632534489418624
1.000646150042839, 45.558826643556166
0.8428824232704, 45.48424849421622
0.6853770126793974, 45.40848020979959
0.5280151396493291, 45.331833902087546
0.3710153515682878, 45.25438680569318
0.21479016061113695, 45.17593685004645
0.059058677133139864, 45.096784827478
-0.09644435353098652, 45.016887185976465
-0.2513922721668441, 44.935889444459576
-0.40613231499306224, 44.854189352865916
-0.5605986571276661, 44.77166988643274
-0.71445503168448, 44.688543282105094
-0.867605201506193, 44.60446128820403
-1.0205388159689153, 44.5196959748353
-1.1731294985027736, 44.43420512672387
-1.3251122075595327, 44.34813640463305
-1.4766523556593592, 44.26130779091906
-1.6279320544199027, 44.17352181300791
-1.778816503639269, 44.08502869926043
-1.9291135635886847, 43.99603123335224
-2.0790557194195713, 43.9063943129623
-2.228596898440187, 43.815693483580745
-2.377788541830883, 43.724397357648336
-2.526794793562915, 43.632621157420495
-2.6755077349236376, 43.54034130379704
-2.8232835499377633, 43.44703560389038
-2.970862742070142, 43.35330023380876
-3.1181063654539347, 43.258920454488056
-3.264937906796413, 43.16378333568736
-3.4113998833584103, 43.06796152651341
-3.557448287872191, 42.971807283633126
-3.702859498895803, 42.87492536747079
-3.8481476570873316, 42.77775848045462
-3.993266553921174, 42.68020437521127
-4.138074947268641, 42.5819799499569
-4.282569135066723, 42.48317933676663
-4.426374082123004, 42.38375611265854
-4.569717797667028, 42.283506624264845
-4.712919442748497, 42.182952868286065
-4.85533071392929, 42.081713733073464
-4.997656629022483, 41.980268368038566
-5.139676104016792, 41.878043472920936
-5.281277118292685, 41.77523246691215
-5.422263864760872, 41.67183459547672
-5.562844477216409, 41.56783130028411
-5.703015909474255, 41.463224036054584
-5.842503933510711, 41.35803176679843
-5.981714914185238, 41.25237471473621
-6.120613192136114, 41.14603935171094
-6.259207430178508, 41.03914720496872
-6.397031259962891, 40.93135805360227
-6.53428494501171, 40.823245607367475
-6.670715672499877, 40.71449714876909
-6.806359631866205, 40.60516686569971
-6.941684135821717, 40.49519754427575
-7.076673018828135, 40.38431389264913
-7.211285144406184, 40.27273654783098
-7.34529582271428, 40.1604582230567
-7.478785952969689, 40.047557460436835
-7.611730021095116, 39.93385166837727
-7.743889406328224, 39.819458153728384
-7.875524885056726, 39.704344439131674
-8.006511425386835, 39.58837597086014
-8.136356400724164, 39.47150419033966
-8.265642587943603, 39.35379158521603
-8.394139428964587, 39.23499674668598
-8.521789458142777, 39.11557518759244
-8.648770277245593, 38.995386297807784
-8.774778910284413, 38.874204863701685
-8.899661353144175, 38.75206727835691
-9.023752898537879, 38.628996148926674
-9.147012624869543, 38.50492213094295
-9.269492570972057, 38.37999347128268
-9.39074501512189, 38.253796998103056
-9.511089483915505, 38.12689894824594
-9.630410795622126, 37.99908207146625
-9.748451286119609, 37.87000792960326
-9.865474932799845, 37.74007234250275
-9.981707748651258, 37.60933240547101
-10.09645147003927, 37.47734506473093
-10.20978553762304, 37.3444719572558
-10.321827334756811, 37.21058743375798
-10.432458967981425, 37.07537411269983
-10.54193059873994, 36.93889821260358
-10.649780461982884, 36.80105689482653
-10.756778139640831, 36.66279470285572
-10.862427558045152, 36.52343471273658
-10.966552856507242, 36.382904591869334
-11.069346341540857, 36.24167022817928
-11.17038609584031, 36.09917115215651
-11.269759493758409, 35.955339425799394
-11.367691621755533, 35.810290142572605
-11.464035048408249, 35.66410865058465
-11.55807376916965, 35.51672960864406
-11.650391926435613, 35.368442482164966
-11.741013258274506, 35.21928792682416
-11.829918443403484, 35.069023096029355
-11.91706631015817, 34.91765185306192
-12.002209335621766, 34.765380507605435
-12.085671656199885, 34.61199273644272
-12.167352216306178, 34.457510480360334
-12.246673040971897, 34.3020841593242
-12.324064324880334, 34.14554080433424
-12.39922247619182, 33.987766937606885
-12.472154352456323, 33.829226850965426
-12.54314284890984, 33.669556711750786
-12.611607524651355, 33.50853975293964
-12.677638137536036, 33.346760524527156
-12.741544643919596, 33.184008082319735
-12.803292666449696, 33.02027701383703
-12.862919960107769, 32.85596792189376
-12.919928364582658, 32.69086599185187
-12.974879569118917, 32.52496974820445
-13.027178177227922, 32.35819394459345
-13.076870307769314, 32.190554843807114
-13.123921055745194, 32.02212357538779
-13.168568982967507, 31.85325782199611
-13.21046219131128, 31.683804772555472
-13.249953686851475, 31.513722785106836
-13.286866860480504, 31.342733730775308
-13.321053913304091, 31.17105511673046
-13.352189502283313, 30.999033625104186
-13.381013203005518, 30.826620948731293
-13.407473859626483, 30.653858229342514
-13.431213903404691, 30.480716484621
-13.452122153796223, 30.307079028111467
-13.470014159802336, 30.13305667041526
-13.485100602085874, 29.958866975501362
-13.497310055519577, 29.784702644474024
-13.506372840649075, 29.610596690789226
-13.512761303115413, 29.43618369540701
-13.516189595147209, 29.261498808790446
-13.51661378018399, 29.087029620482266
-13.51449720325901, 28.91259760788802
-13.509523096995125, 28.737985635381296
-13.501544385087776, 28.563099307884443
-13.49024654170034, 28.38827416241741
-13.476238709348127, 28.21388549812261
-13.45931992023173, 28.039995826595515
-13.439459959199276, 27.866669119561664
-13.416654602361056, 27.69348849755083
-13.391000470604583, 27.520489571750574
-13.362420688693755, 27.34799315525271
-13.331076502636453, 27.175908988220762
-13.297136311613318, 27.004459917854163
-13.32021872317416, 26.83149128318701
-13.35413612575418, 26.660572520847083
-13.309884730033168, 26.492285206039455
-13.263222368341856, 26.32454871202227
-13.214313814800287, 26.15725335590705
-13.16295727235586, 25.990413540832204
-13.109094882907009, 25.824186596778322
-13.053046732770303, 25.658871334707918
-12.994704104280109, 25.494205246375955
-12.933877389971498, 25.330369339258873
-12.870992702768417, 25.1673627711135
-12.806300502118415, 25.00494500094198
-12.73955035851356, 24.843122149525552
-12.670697094681618, 24.68211438905281
-12.599953287775644, 24.52220145949072
-12.527337941506255, 24.363404373884112
-12.452706088222119, 24.205298542452383
-12.375860523656332, 24.048008800759224
-12.297353498132889, 23.891820705168588
-12.217271975665453, 23.736617286716445
-12.135542740275735, 23.58217217971605
-12.052132773534062, 23.428235656247747
-11.967126162865588, 23.275071489746917
-11.880741380279929, 23.122967739632962
-11.793233489074805, 22.971671394474722
-11.703912555192828, 22.82155685417827
-11.613055863693381, 22.67231994597217
-11.520887057424893, 22.523613692047988
-11.427434236186091, 22.37572761381828
-11.332841235231548, 22.228754422629557
-11.237138018100765, 22.082432957376444
-11.140331497746441, 21.936880825323023
-11.04247317664533, 21.791949989914613
-10.94334397030377, 21.64766102881396
-10.84311628940593, 21.504296958572972
-10.741977989519043, 21.361629287288412
-10.639979843746074, 21.219630777551362
-10.537045164724711, 21.078229497480724
-10.433173938482804, 20.93743419921888
-10.328660921160532, 20.7974264542547
-10.223433687133662, 20.658201681979932
-10.117394360445251, 20.519437713807626
-10.01068777366299, 20.381095737802713
-9.903290134762527, 20.24329238178682
-9.795063374487285, 20.105866369258028
-9.686341145427733, 19.968874695613557
-9.576958652262395, 19.832552433702293
-9.467005846583461, 19.696494788908883
-9.356402617161322, 19.560948626548882
-9.245311732322923, 19.425831750428223
-9.133800231365557, 19.291091777038165
-9.021929026248337, 19.15696554685244
-8.909555479281995, 19.023078049249673
-8.796537438160644, 18.889483795219704
-8.683066694573323, 18.756238447613125
-8.568999798060009, 18.623522847753033
-8.454520494603404, 18.49129343058731
-8.33965031029391, 18.35954791239228
-8.2242810770487, 18.22816567964245
-8.108250115963385, 18.097033170171674
-7.991837673383869, 17.96624308299001
-7.874907452462665, 17.836191874240843
-7.757686648568281, 17.70663013633423
-7.639952311376412, 17.577426458857932
-7.521473225951525, 17.448587114532863
-7.402296066025101, 17.320406836992994
-7.282732339035914, 17.192890087882645
-7.162394420804059, 17.0660428189919
-7.041363642276665, 16.939828437877694
-6.919285764313555, 16.81451258073146
-6.796172304599714, 16.69009769343989
-6.672328596677031, 16.566640151822046
-6.548068646398748, 16.443530668069812
-6.423841623360991, 16.320434164904842
-6.299461414675918, 16.197442076473624
-6.175465300833112, 16.073869000339965
-6.051639459064693, 15.950117836302185
-5.928468475887342, 15.82585409040969
-5.8058391550021256, 15.701084161801752
-5.683874785552009, 15.575621060880849
-5.562361637848255, 15.449898806524576
-5.440936784262487, 15.3241195363345
-5.320163580716202, 15.197398847912464
-5.200219626920406, 15.069798779226522
-5.081122667049299, 14.941651171726706
-4.962774610080036, 14.813053865817373
-4.8452467747384, 14.684020761150002
-4.728291791078593, 14.554205497099154
-4.611922623404733, 14.423626942918919
-4.496284313190259, 14.292303259747644
-4.381187065946997, 14.160408000610657
-4.2674714143123085, 14.02763244839341
-4.153703058943993, 13.894888433580672
