-3.8849999999999967, 14.054999999999996
-3.885103141574749, 14.055070482451631
-3.883481128390177, 14.05351091237462
-3.8783038496413775, 14.048435432931326
-3.8696776715542223, 14.039737428955661
-3.858474053816953, 14.026620771662586
-3.844406619055625, 14.009381964347671
-3.827758798653765, 13.987808359574105
-3.808661277558365, 13.961820756309288
-3.7872432023554365, 13.931343942257005
-3.763246679940777, 13.896569873424877
-3.736633337380342, 13.857527626116553
-3.707373274645635, 13.814238904222336
-3.675458774454654, 13.766709684843693
-3.6407987243230564, 13.715001455903888
-3.6034093309576067, 13.659106505012824
-3.563020423138063, 13.599206493197126
-3.5198460023407314, 13.53515524424375
-3.473732989353477, 13.467056594873767
-3.4250329066292475, 13.394688838958695
-3.3733715462935097, 13.318304967797957
-3.318361643899243, 13.238166068082286
-3.2605296117869713, 13.153970394006976
-3.199734229401435, 13.06580608726545
-3.1362299000315197, 12.9734428229037
-3.0697817141747494, 12.877055495265587
-3.0001681738979635, 12.77680857568314
-2.9284358746825685, 12.671984782290794
-2.8532397829528953, 12.56351199306402
-2.7755361311798588, 12.451016192222355
-2.6955774415416847, 12.334775605664158
-2.613341867661877, 12.21517577019698
-2.52850525734584, 12.092697006621707
-2.441877662652154, 11.967047477070263
-2.3539471385372392, 11.838315389564455
-2.2649007921769, 11.706641685050888
-2.175093211348744, 11.572244562929901
-2.0844200254609193, 11.435370796830046
-1.9930064463875061, 11.296121830025895
-1.9008777157056609, 11.154970420932157
-1.808500571071331, 11.01203824798741
-1.715952282354107, 10.867642684037452
-1.6245455532073216, 10.721834041031897
-1.533701002866855, 10.575488099356694
-1.4429536473985125, 10.428233065193634
-1.3520995135256795, 10.280001580634364
-1.2617079829861948, 10.130722583446843
-1.171853561424713, 9.980856441249188
-1.0826441320276, 9.830603470044737
-0.9939475204224545, 9.679843956063252
-0.9062751416956507, 9.528369028365109
-0.8196128323091796, 9.376317792661506
-0.7335916074330683, 9.224008633897109
-0.6482121004970599, 9.07144221719802
-0.5632943543590705, 8.918492697318781
-0.47918015162444993, 8.765152421064041
-0.3960251884153655, 8.61157388543318
-0.3134734995434076, 8.457770047813694
-0.23154209908556303, 8.303485390888047
-0.1501024827270772, 8.148723185743748
-0.06912320384420997, 7.993527366952671
0.011362894807108295, 7.837977246185273
0.09121154442804691, 7.682192141519476
0.1705211723739954, 7.5263037266953985
0.2492488707711434, 7.37016726990943
0.32733887087214936, 7.2137184189383134
0.40501401822250704, 7.057010352091495
0.48227501363702485, 6.899934421328631
0.5591130537942702, 6.742628763342083
0.6354570581512462, 6.585171368237691
0.7114046707528489, 6.427599393716093
0.7868769403755332, 6.2697888027589865
0.8620141197573152, 6.1117513942682145
0.9368235257559628, 5.953535530115208
1.011343074752587, 5.79517909267474
1.0855212226989974, 5.636625628538846
1.1593680105745037, 5.477972681134361
1.232939031455705, 5.319337165732453
1.3062275798476193, 5.160560874183476
1.3792360660697145, 5.0017444521749095
1.452087130478768, 4.842825788636638
1.5248125011556304, 4.683775179636287
1.5973896823213045, 4.524666668255181
1.6698335788607994, 4.365329655293241
1.7420953704110778, 4.205962658924439
1.814163009400009, 4.0465632256313615
1.8860961214078766, 3.887065616693261
1.9578401665134508, 3.7274958114763623
2.0296019657756093, 3.5678509853193594
2.1014138242114297, 3.4081671926036083
2.173226412640127, 3.2486110130125336
2.2449950950285533, 3.0892365947911133
2.3169688431958417, 2.9300266298009787
2.388982757047635, 2.770799303362037
2.4611385244544945, 2.6115015328420395
2.5332004001095734, 2.452042271690299
2.6053264786891233, 2.2926348949563606
2.6773613665096367, 2.1333736748538956
2.7493982066787277, 1.9743518778809512
2.821369245260117, 1.8153863062457296
2.893784901603988, 1.6565426962840448
2.9666026765678564, 1.4977541291933054
3.0399556804472088, 1.3390323169050045
3.113570311276593, 1.1802724395405932
3.1877329788420887, 1.021733998715948
3.2622678624937396, 0.8634239566137197
3.3366850966711534, 0.7050705560149373
3.4120670815876273, 0.5470955265497939
3.4880632725236214, 0.38942244092540557
3.564371208103984, 0.23195303896246972
3.641400559911171, 0.0748260106733867
3.719380932193509, -0.08184503229697102
3.7981448952458186, -0.23812664167342115
3.877837992715921, -0.3939246729983121
3.9583729948683155, -0.5492671187240934
4.039824133123398, -0.7041043523590931
4.122591730405953, -0.858214224909909
4.206412856292798, -1.0117284775400952
4.291552576212253, -1.164493987092109
4.3780618462588405, -1.3164704024310676
4.465807050840448, -1.4677236765834785
4.554807774364148, -1.6182353809250003
4.6456371437190995, -1.767652840494955
4.738041475316962, -1.916112469632099
4.832210327755069, -2.0634790858482477
4.928343959610256, -2.2096002731903397
5.026387927837604, -2.354481544188279
5.126440870244146, -2.498020706953384
5.228458861701762, -2.6402078446105848
5.332617745116056, -2.780868864801621
5.439209333910781, -2.919723614975391
5.548099381334894, -3.05680238794633
5.659738463529425, -3.191659954050882
5.773692422491363, -3.324564306931583
5.890071088930102, -3.455336762154398
6.009424170380515, -3.583376085900974
6.13117012901115, -3.7091127352449678
6.255447662238814, -3.8323161179448864
6.382600460254621, -3.952517976741342
6.512387276788373, -4.069842263549352
6.644726686331372, -4.1842555015888
6.779908094710232, -4.295280479930078
6.9177265700904, -4.4030084869977335
7.058137156345666, -4.507337349722037
7.2010653482656695, -4.608199113043939
7.3464689465654445, -4.705474589313686
7.4943707770313885, -4.798929556697188
7.644651299585711, -4.88853548787637
7.7972745470535765, -4.974118786490061
7.952187640924835, -5.055513316773184
8.109206604111181, -5.132797974222377
8.268299374938353, -5.20574579662113
8.429347224030579, -5.274292361642915
8.592231271050899, -5.338374765447489
8.756946989456944, -5.397602365353418
8.923390754644913, -5.451780922778231
9.091306647136323, -5.501194155232948
9.260667498041489, -5.545378281447225
9.43129683172291, -5.584348890390749
9.603158736948995, -5.617430204389473
9.776530663007648, -5.641334824898883
9.950686000964666, -5.65861403401553
10.125623916270728, -5.663396172713768
10.30060884602767, -5.660900194345799
10.47535451371124, -5.651397352866797
10.64958914477189, -5.634986885897265
10.823107691827957, -5.612208758656546
10.99580329313012, -5.583856096923733
11.167583893665155, -5.5504099608655055
11.338415468157963, -5.512424877315041
11.508288742507792, -5.470376950752763
11.677292306154733, -5.424976854488555
11.84545806029439, -5.376580571757432
12.012797350280515, -5.325410550291476
12.179434933312807, -5.2720055199293325
12.345371642519757, -5.216464142464212
12.510684647528013, -5.159095432138773
12.675422884258506, -5.100096123821165
12.839646140275782, -5.039674189799422
13.0034026548307, -4.97799096163088
13.166752613362508, -4.915228228583705
13.329744370380219, -4.8515275268005045
13.492423725895353, -4.787017180157452
13.65481645645463, -4.721770831474855
13.816932666641417, -4.65582181599069
13.978804317596737, -4.589256727041429
14.14045494633234, -4.522140850225196
14.301862158681466, -4.45442947647912
14.463035704211318, -4.386156134828292
14.623966538819436, -4.317310568771087
14.784653997545144, -4.247902911252536
14.94506888847719, -4.177877528803477
15.10517998083819, -4.107175517887534
15.264984475928959, -4.035803264685735
15.4245236707858, -3.9638594836572927
15.583704400654524, -3.891140856919823
15.742494853115755, -3.8175849206258827
15.90088647325598, -3.7431866551217228
16.058949419949876, -3.668106608634755
16.216547935067236, -3.592067131924084
16.373637700975433, -3.5149903792005084
16.53018354366964, -3.436821795265868
16.686247775325906, -3.3577001219835565
16.841662190008822, -3.2773085338342938
16.99663166003047, -3.1960625183687013
17.151063577764592, -3.1138026816711775
17.30485752304354, -3.0303587692892435
17.458139934426548, -2.945979436054737
17.61088123780059, -2.8606232423073807
17.763297995661613, -2.7746888903149367
17.915429044142257, -2.688250438358778
18.067253943974514, -2.601274355232749
18.2189674577634, -2.514101563935766
18.370601941703676, -2.4267868526580383
18.522254890864932, -2.33949745591507
18.674001111455105, -2.252363101318592
18.826041583178633, -2.1657340815837567
18.978406625090486, -2.0796643559061887
19.131226822072342, -1.9943919158189811
19.284528205284534, -1.909976525604279
19.438400237825466, -1.826598555186405
19.592874331887252, -1.7443361541035267
19.7482254015756, -1.6637391116787197
19.90439344128776, -1.584736681926864
20.061459200648795, -1.5075354998157717
20.219357741087638, -1.4320551189279378
20.378092869063913, -1.3583546231039962
20.537651967322834, -1.2864600002520687
20.69806969648915, -1.2165051040333095
20.859332381224426, -1.14852308367742
21.021489779955484, -1.0827059313919027
21.184554400675847, -1.0191686499939043
21.348499668767595, -0.9579382990274006
21.513294965184524, -0.8990310994768739
21.67891159792213, -0.84247258900978
21.84529358629555, -0.7882070584755654
22.012429145517718, -0.7363071242744095
22.18029194882538, -0.6868130057770326
22.34887366761192, -0.6398317764742265
22.518151659550465, -0.595430772871876
22.68807030290526, -0.5535527433533217
22.858611530170574, -0.5142892994509197
23.02972039920396, -0.4775818359259431
23.201364535195676, -0.443469181992139
23.373516685577027, -0.4120256582782498
23.54611226822743, -0.38311690816516214
23.71913194459953, -0.35686730309617115
23.892525622760715, -0.33321717610555557
24.066259298977776, -0.31221992416347155
24.240285780057594, -0.2938095533194103
24.414570833927666, -0.2780240315982808
24.58906924118664, -0.26480936700063523
24.763746720677716, -0.25422999538347096
24.93856205032202, -0.24622392482180203
25.113478840594375, -0.24084460490946505
25.288454861642705, -0.23802016758610525
25.46345218099799, -0.23778682812854607
25.638434197547426, -0.2400266505663946
25.813367257438873, -0.24470356534652832
25.98821923260375, -0.25176701102016696
26.162953917356752, -0.26128103368716293
26.33754149919847, -0.2731766161664308
26.511953776827657, -0.28741391214568374
26.68615562440501, -0.30404453022195116
26.86012337774577, -0.32297403403557345
27.033827122652813, -0.34420387934812874
27.207232397740256, -0.3677679865816674
27.380328158678566, -0.3935150748547656
27.553087016430794, -0.4214364502404315
27.725484429293033, -0.4515174061115103
27.897500570435984, -0.48371556438926433
28.069127088536874, -0.5179300965343214
28.240319944155434, -0.5542455723217856
28.41106392493146, -0.5926141053540891
28.581354830765466, -0.6329440691072993
28.75116544708348, -0.6752447834182185
28.920473360412466, -0.7195096577630478
29.089269718964218, -0.7656838586741551
29.257539606717483, -0.8137405031031802
29.42527882514475, -0.8636189299857477
29.592470722402098, -0.9153043024297418
29.75910138050086, -0.9687736656432887
29.925151705873294, -1.0240210325785126
30.090612068546324, -1.08101278104274
30.25545297316949, -1.1397736439415318
30.419682328194284, -1.200223731908536
30.583286590019018, -1.262346307549727
30.746249007173194, -1.3261336968491246
30.90855250652591, -1.3915790645259196
31.070168880536368, -1.4587023794028784
31.231121345588804, -1.527401038480522
31.391384998891006, -1.5976897952643823
31.550954878618743, -1.6695375873613372
31.709820650436246, -1.7429269144309045
31.86796739219641, -1.8178508572195475
32.02539475747347, -1.8942726717375211
32.182096426774415, -1.9721699112474547
32.33808931209485, -2.0514756342054876
32.49335966683509, -2.1321858337854387
32.64790571851087, -2.214273827608407
32.801722793757406, -2.2977195655795764
32.95478690826971, -2.382538700743934
33.107048740057714, -2.468790285586645
33.258532992518155, -2.5564013635756515
33.40923968056584, -2.645344759113339
33.55919168458219, -2.735556327580827
33.70837941942646, -2.8270278611404
33.856803247028644, -2.91973519744442
34.004437971979485, -3.0136953057567353
34.15129137883087, -3.1088730633871924
34.297340078988206, -3.2052820978499845
34.44259959226489, -3.302877027774958
34.58705808913405, -3.4016543789482294
34.73070813622679, -3.501604136464649
34.873558634148516, -3.6026933483966017
35.01561341342894, -3.7048974092692584
35.156847889588605, -3.808231488423381
35.29726864685527, -3.9126678876803163
35.43688616363358, -4.018174854181208
35.575707928421956, -4.124725822982736
35.71374200588764, -4.232294535361696
35.85097116364056, -4.340887743832508
35.98741635116294, -4.450464232683531
36.12305607319372, -4.56103647681351
36.25790446264722, -4.672573128220888
36.391948235782515, -4.7850765614021125
36.52520587734641, -4.898511427295225
36.65766124732793, -5.012883632530618
36.789320467353186, -5.128172809098959
36.92020069782238, -5.244346738052349
37.05028921459938, -5.361407884954033
37.17959127797623, -5.479338489876486
37.30813051892482, -5.598101291622995
37.43591827291287, -5.7176732709164755
37.56294466227626, -5.838054421348248
37.68922212917757, -5.95922139184242
37.81477183635858, -6.081142492600701
37.93958794409231, -6.2038145687131
38.063674915871026, -6.327223924749907
38.187025672462084, -6.451368681960444
38.30964478263941, -6.576235689644226
38.43154357853157, -6.701805435558869
38.552702939712, -6.828088232941715
38.67314317065972, -6.9550564871664475
38.792867513051355, -7.082699856609924
38.91190102181663, -7.210987278595069
39.030227038633676, -7.3399266900741145
39.147865549230694, -7.4694932847921605
39.26483255745813, -7.599666160297091
39.38108011101587, -7.730480869398144
39.496665052376215, -7.861880092865049
39.61162853724516, -7.993823061408613
39.72594663734492, -8.12632523441329
39.83962761096732, -8.259374519459298
39.95273909886206, -8.392908714291552
40.06528136372944, -8.526922416252797
40.17727237415904, -8.661396604530335
40.28871655588594, -8.796324115321452
40.39963773596967, -8.93168126105025
40.51003355867043, -9.067465883786705
40.61995658922151, -9.203632388611975
40.72944651663026, -9.340146759970134
40.83852811042582, -9.476986395429083
40.94716619627999, -9.614177265460539
41.055430709016136, -9.7516621601295
41.163290939786535, -9.889464718440657
41.27079062329432, -10.02754949419821
41.37796864494011, -10.165883568827663
41.48484928600465, -10.304447024425567
41.59142663065409, -10.443245007386675
41.69776871136675, -10.582224711327548
41.803910325361734, -10.721356955069771
41.90987541654215, -10.860622805636643
42.0156657073188, -11.00002115051602
42.12134563620365, -11.139503479261233
42.22692200991548, -11.279064358487672
42.33239771460237, -11.41870206296123
42.43782882505788, -11.558374563426511
42.543270702120125, -11.698039072480107
42.64874269595885, -11.837681086572154
42.754268728619856, -11.977282479528908
42.85989509589285, -12.116808487090232
42.96552148832885, -12.256334726082066
43.071219308479776, -12.395807518709871
43.17705819686249, -12.535173442916962
43.282957560286484, -12.674492990401612
43.38902074097479, -12.813688225832921
43.49532845485653, -12.952697375723266
43.60182760041165, -13.091560523067153
43.708603920893914, -13.230211229709555
43.815661765046464, -13.368645189627571
43.923019345266454, -13.50684718700792
44.03074063207166, -13.64476612522843
44.13884336961367, -13.782386331428146
44.24734494183213, -13.919692271983154
44.35630219765925, -14.056636358014718
44.46573126040585, -14.193203361788514
44.57569450414126, -14.329340296728894
44.686176837499325, -14.465055681449762
44.797120400838566, -14.600393594481353
44.90876054908433, -14.735156828292714
45.0210152845148, -14.86940806150641
45.13374078010691, -15.003263808539693
45.247145884198765, -15.136543748620273
45.361329215384686, -15.269157109445102
45.476328659668894, -15.401063005382438
45.59219383829259, -15.532208738729432
45.708889216363154, -15.662615946888538
45.82651898322027, -15.792180572555562
45.945040116254276, -15.920929974919096
46.06450188045181, -16.048806721772586
46.185165121975224, -16.175550079679006
46.30717040057496, -16.301001879979474
46.430400944759086, -16.425250074513578
46.554849708595086, -16.548277697821028
46.680573193395894, -16.67000209467921
46.80759857960698, -16.79036696993972
46.93593093279224, -16.909336571622763
47.06579992836936, -17.026625741679844
47.19727210904793, -17.14211418204919
47.330346984499236, -17.255751771423725
47.464899954135234, -17.367635252182865
47.600935964455196, -17.477710765974546
47.73856477222985, -17.585788108622786
47.87797128888843, -17.691562304898348
48.018963427541436, -17.795213559356984
48.16163287790072, -17.896543629537366
48.305958009500785, -17.995501270118424
48.451789332667026, -18.09222608820924
48.5992684258574, -18.186419749042628
48.74838660049073, -18.277996674786916
48.89933421796454, -18.36652620186497
49.051906293182945, -18.452226973343006
49.20606863171135, -18.53503394202781
49.361681876292145, -18.615082454311214
49.51884815218809, -18.692037907866283
49.67746841388407, -18.76594893666504
49.837532860658726, -18.836677985127963
49.999026839943774, -18.904080749345386
50.161851994444284, -18.96820150433713
50.3259161156709, -19.029082007413926
50.49115567828126, -19.086693841016306
50.65761182730963, -19.14069043371387
50.825166857037196, -19.191179941277305
50.99377196856769, -19.238046987929657
51.16333403478088, -19.281326402010627
51.33378998303042, -19.32094391390957
51.50509276591451, -19.3567263340942
51.67716919814114, -19.388586591386325
51.84992702466436, -19.4165242071868
52.02328975480738, -19.440426762096838
52.19716502381372, -19.46026695191935
52.37146193930677, -19.47598250242858
52.54609475945609, -19.487366944113898
52.72094620673525, -19.49466985623906
52.89592132778412, -19.497888963569128
53.07092392884011, -19.49696102743457
53.245858276047294, -19.491996260588422
53.42063577838216, -19.483099587194005
53.59516651729292, -19.470247877362855
53.7693847742808, -19.45369297828133
53.94321985840969, -19.433516503475154
54.116618213373236, -19.40988841868113
54.289513010267946, -19.38282856883387
54.46187638156797, -19.352573350834117
54.633688038508275, -19.319332115099215
54.804899777807755, -19.28313038972384
54.97552379546257, -19.244253733512036
55.14550767793646, -19.202667213146036
55.314868114504335, -19.158608907686446
55.483596835011255, -19.11218817425192
55.65169630928036, -19.063536002801712
55.81915944944481, -19.012734980391738
55.9859785719035, -18.959856055001673
56.15217074582882, -18.905037232097023
56.31773013590459, -18.84833507732901
56.482664484593506, -18.789839032810114
56.647001751943144, -18.72968555248207
56.8107434370478, -18.667929465035094
56.97388426486544, -18.60460269568677
57.136446972010454, -18.53980621579267
57.29844028703343, -18.47359952290847
57.45985274469625, -18.405990085976452
57.62069272347826, -18.337029660409858
57.78096424908103, -18.266756850299718
57.94067155495134, -18.1952097114081
58.09983987439795, -18.122469646148623
58.25843350867491, -18.048483331573603
58.416456505081065, -17.97328486989921
58.57391463330553, -17.89691065007787
58.730821601045875, -17.819409215641763
58.88717623410267, -17.7407993121344
59.04297157552249, -17.66108747290313
59.19819295688208, -17.580264509164483
59.35281747989391, -17.498307267131736
59.50685004803366, -17.41524358451686
59.660269890084194, -17.331052861727475
59.8130989332825, -17.245794690700478
59.96532512974645, -17.159465296071893
60.11694346175001, -17.072072652389757
60.267970620332065, -16.98366232261121
60.41834864908562, -16.894152352664577
60.56811505933201, -16.80362207351931
60.71726296422559, -16.71207583721898
60.865812143531485, -16.619561186652238
61.013750131979734, -16.52607227318711
61.16107177230444, -16.431615307859687
61.307764842740866, -16.336185347896187
61.453855108429245, -16.23983549816948
61.59933785065363, -16.14257124016314
61.744206785771546, -16.044395638394615
61.888459061193295, -15.945316789188153
62.03209350945218, -15.845344899797379
62.17513214012594, -15.744522984243758
62.31757227282498, -15.642857584762265
62.459420645021545, -15.540368936819105
62.60068360512659, -15.43707604430758
62.74140236283521, -15.333043216899524
62.88159379010638, -15.22830068021896
63.02129154701506, -15.122901112985055
63.16051557728707, -15.01687683960382
63.29931089448094, -14.910290945488834
63.43773536443792, -14.803223163145049
63.575849475793945, -14.695755005221827
63.713705845428606, -14.587956321650848
63.851336857474195, -14.4798709964075
63.98888044602078, -14.371675102839614
64.12638075716465, -14.263424181860232
64.26398523579572, -14.155308196866097
64.40145924320439, -14.047028094281803
64.53905351058948, -13.938900005187538
64.67667628496022, -13.830807369874547
64.81440046640574, -13.722843245505876
64.95219861683718, -13.614972298993242
65.09004111767156, -13.507156556015106
65.22797562947919, -13.399457738843319
65.36596579990567, -13.291830150495349
65.50402707557144, -13.184293706169528
65.64214638914507, -13.076832344057896
65.7803374285239, -12.969463763554844
65.91857800504306, -12.86215998057336
66.05682459679178, -12.754864879833232
66.19497807407136, -12.647450697698353
66.33309433113854, -12.539989321328862
66.47098715801593, -12.432241449464508
66.60869641033085, -12.324257811179464
66.74620251934824, -12.216013585902195
66.8834646630539, -12.107459081656938
67.0204642810859, -11.998572971686308
67.15717617835914, -11.889325478628807
67.29359932627673, -11.779717633535004
67.42970498176346, -11.669716032482313
67.56545761308028, -11.559279419196535
67.7008324266855, -11.448380659080238
67.83576399949736, -11.336943582842306
67.97020965290417, -11.224921411710142
68.1041529758345, -11.112299477448142
68.23757045861917, -10.999055583307477
68.3704561133456, -10.88518837818121
68.50269767084693, -10.770574067074827
68.63432490799846, -10.65525481859515
68.7652963639706, -10.5391913629068
68.89553018304645, -10.422300761383502
69.02504823708104, -10.304617450787285
69.15380999230888, -10.18610699519112
69.28174744002871, -10.066707011140108
69.40889746675788, -9.946468695753289
69.53523431690626, -9.825376195780004
69.6606537593583, -9.703333761539135
69.785192098122, -9.58039231487937
69.90876501397052, -9.456480520637145
70.03135018460034, -9.33159144403009
70.15291752019218, -9.205711397183247
70.27341099581758, -9.078803103798153
70.39280329966175, -8.950858346330522
70.51099751949647, -8.821806025081342
70.62809183295892, -8.69175499720837
70.74393263691448, -8.56058639347951
70.85851801919397, -8.428319767795164
70.97175290058834, -8.294895229418975
71.08362723770716, -8.160327894734621
71.19416951440844, -8.02466423030393
71.3032363930685, -7.88781159358959
71.41089349616928, -7.749846877597204
71.51715178237396, -7.6108020557909475
71.62186319621796, -7.470588525590666
71.72502405061677, -7.329230048568477
71.82660088319426, -7.186729161595711
71.92657581762109, -7.043099368854472
72.0247773625752, -6.898251618497138
72.12131010283153, -6.752286996346164
72.21606518846522, -6.605162432435031
72.30909427895271, -6.456939902691261
72.40032984647509, -6.307606982806834
72.48973719980523, -6.1571733907812
72.57728359881763, -6.0056495893524575
72.6629348984462, -5.853047026242837
72.7466878679595, -5.6993952233918925
72.82841964585702, -5.544659053408153
72.90813642285183, -5.388874698753936
72.98583631750408, -5.232075363274714
73.06149537802939, -5.074280893309355
73.13499991854509, -4.915470294587241
73.20635465572653, -4.755681588752757
73.27547950420319, -4.594914889405969
73.34231617216756, -4.433182955416617
73.40686862726648, -4.270525098474975
73.46902868480666, -4.106937643894966
73.52884272120198, -3.9424785489500205
73.5862611462909, -3.7771680060401582
73.64118978592697, -3.6110133287078647
73.69368651827395, -3.444075510373558
73.74370376006586, -3.2763783451908735
73.79131776423638, -3.107982869988373
73.83636120946696, -2.938882038439035
73.87879502813611, -2.769106254974948
73.91865096005755, -2.59870676417704
73.95584087794909, -2.4277061189622695
73.9903128134733, -2.2561368521211773
74.02211047860864, -2.0840527729476883
74.05115327228843, -1.9114828662069216
74.07746782714243, -1.7384766958523863
74.10097530753825, -1.5650668395213077
74.1217824172288, -1.3913115955215214
74.13981872684302, -1.2172469665130974
74.15507633333377, -1.0429164129965385
74.16747543362324, -0.8683592449122525
74.17700914362581, -0.6936215422639649
74.18365941987597, -0.5187484706077824
74.18740875611768, -0.34378793264159185
74.18831139325142, -0.16878888650126112
74.18624386399324, 0.006200625251483183
74.18125045448386, 0.1811317152588895
74.1733359904284, 0.3559548255214779
74.16246840315897, 0.5306182885999311
74.14869286631824, 0.7050769822236178
74.13205921307123, 0.8792864079944097
74.11255512600863, 1.0531965580758358
74.09017760937103, 1.226759159392898
74.06493735605734, 1.3999278436748823
74.03684925005797, 1.5726566127680344
74.00592866270733, 1.7449000633878484
73.97223230669884, 1.91662126121382
73.93577616671263, 2.0877776301937985
73.89655611711729, 2.2583224456927304
73.85468886863364, 2.4282373217039526
73.81013911762057, 2.5974687697582426
73.76309454998847, 2.766024389240576
73.71350904920253, 2.9338512946774298
73.6614855818756, 3.10093933809011
73.60701060078787, 3.2672441157222423
73.55012611173773, 3.4327405706819833
73.49092495450448, 3.597423624938725
73.42942351578435, 3.761261970313836
73.36570631216307, 3.924251842928312
73.29983350911543, 4.086382815911601
73.23180573440114, 4.247621404499334
73.16165390254913, 4.407947082685473
73.08944686482747, 4.567357698962164
73.0152582956025, 4.725854791021439
72.93914366971245, 4.883434896844999
72.86115739496488, 5.040096555975468
72.78128402046002, 5.195805003236826
72.69960468604795, 5.350573746376388
72.61615788557845, 5.5043960183923435
72.53100282548132, 5.657279229496093
72.44418136180069, 5.809222380274806
72.35570615931913, 5.960209163774924
72.26558012176217, 6.110216777869815
72.17387043847347, 6.259262115910214
72.08062228109141, 6.407350101085536
71.98589552211453, 6.554496754444223
71.88966369906085, 6.700663799953747
71.79198451271138, 6.845867512152006
71.69289795979915, 6.990115092354503
71.59242868238792, 7.133403460182047
71.49060718978244, 7.275734374450296
71.38745121050158, 7.417101683854733
71.28300038900576, 7.557515353772547
71.17731154921593, 7.696999147104843
71.0703981277394, 7.835545099865625
70.96231305856809, 7.9731783109362295
70.85306645701013, 8.109892177576837
70.74272568835524, 8.245724943490409
70.63129124981654, 8.380660936552148
70.51878716278236, 8.514705011033683
70.40523183114287, 8.647859129611213
70.29066554769418, 8.780145767356284
70.17513937253231, 8.911596438000778
70.0586370713435, 9.042182301174119
69.94117460727315, 9.171903913033521
69.82276267290771, 9.300758864033428
69.70342246242394, 9.428755250438913
69.58316806916586, 9.555894465770209
69.46205052013524, 9.68221293855738
69.34008461295959, 9.807713272602577
69.21728050762617, 9.932393830980775
69.09363333111858, 10.05623823643572
68.96917639468566, 10.179268435187035
68.8438940000726, 10.301457314944939
68.717790198981, 10.422797470215075
68.5908549073396, 10.543266568184183
68.46309621085997, 10.66286098543584
68.33449349069164, 10.781545703616747
68.20516737363765, 10.899440647013959
68.07498767183759, 11.016392457895222
67.94386781156635, 11.132290955954819
67.81210272192574, 11.247455567844463
67.67976872847444, 11.361964412876606
67.5468595558215, 11.475804664750235
67.4134355883099, 11.589040902047875
67.27961914672117, 11.701812414786623
67.14548829083226, 11.81420869130816
67.01109909579694, 11.926295189563213
66.87655740344685, 12.038198080814762
66.74191814942087, 12.149983279018945
66.60726944559293, 12.261757619413485
66.47265075261198, 12.373570323698832
66.33812670314119, 12.485497996135114
66.20382746701307, 12.597694871798932
66.06986321301432, 12.710291374427715
65.9363783421616, 12.823454059450194
65.80342922234155, 12.937244287856654
65.67105502767218, 13.051703965660472
65.5392392209548, 13.166807415475681
65.40801550470809, 13.282586076858342
65.27750344353927, 13.399167033137338
65.1476560701623, 13.51648911066805
65.01850121709163, 13.634574481840692
64.89014391669176, 13.753526759394349
64.76263091158852, 13.873384364924817
64.63611030686288, 13.994289403905945
64.51052181869557, 14.116161186274839
64.38590302150709, 14.239023163100612
64.26227288372561, 14.362880840447371
64.13964271579725, 14.487729494230946
64.01814414045411, 14.613678291915273
63.89766209588354, 14.740598274831251
63.778369702075175, 14.868638185607187
63.660106116512736, 14.997630770263799
63.542850627898474, 15.127540084473885
63.426654477732825, 15.25839670232906
63.311555220287424, 15.390218091447414
63.19756762578604, 15.52300100308901
63.084801664414826, 15.656821745056428
62.97312194910116, 15.79154995432585
62.862672916762214, 15.927287316025577
62.75334501103334, 16.06392869297336
62.645086930757195, 16.201421480586227
62.53808711637893, 16.339897860594398
62.43225066951258, 16.479268061426225
62.32751943053767, 16.619473256120827
62.223965368694756, 16.760552415699983
62.121575868796626, 16.902480304653157
62.02028623214452, 17.045194966100016
61.920071858005734, 17.18866557122365
61.82099862398654, 17.33292482328825
61.72307504395158, 17.477964847924657
61.62623053181001, 17.623725431175686
61.530566354164364, 17.770261498262606
61.435954719556165, 17.91747799323377
61.34250011057025, 18.065430757423908
61.250143348983194, 18.214070888527402
61.158954029243695, 18.36343093281418
61.06885610695565, 18.51345292935993
60.97988825209552, 18.66414859026185
60.891950075052904, 18.815448764908847
60.80503411012675, 18.967339249162862
60.719143664663704, 19.119812393776144
60.63436257185127, 19.272905423360363
60.550544695564106, 19.426528374993705
60.467694066402906, 19.580675987422133
60.38586338047489, 19.7353679726827
60.30509259525102, 19.890616518267244
60.22523012146649, 20.046334226270574
60.14627075624203, 20.202511391537552
60.06816908771034, 20.359118816890962
59.990934481923375, 20.516155337994917
59.91449762762583, 20.673581488055394
59.83888752180283, 20.83140565034194
59.76415943432966, 20.989648335163196
59.69024541945132, 21.14827223152765
59.617182911721855, 21.30729003870163
59.54498046623859, 21.46670058170189
59.47362164069755, 21.626490793887807
59.40304212227322, 21.786626717362836
59.333256824894995, 21.947110259676624
59.264234920260826, 22.107923362197553
59.19594255723292, 22.269047628752716
59.12864200469844, 22.4305880293655
59.06203379681169, 22.592414709244657
58.9961738888193, 22.754548338764042
58.93098693495646, 22.916954337842427
58.866453731642906, 23.07962155290401
58.80253947549917, 23.24253353477474
58.73922546644507, 23.40568019306188
58.676441286209155, 23.56903173363486
58.61417820051276, 23.732582524780145
58.552402581544456, 23.896318031212598
58.49109058728866, 24.060227192889787
58.43019300957413, 24.22428992939658
58.36971558656848, 24.38850745887928
58.30964888527138, 24.552875226243845
58.24994268463214, 24.71737435625373
58.190590163512105, 24.882000680071027
58.131576897732366, 25.04674815421338
58.07281596526699, 25.2115860760245
58.01433802319609, 25.376525293173245
57.956103144709374, 25.541551130803356
57.89807752457432, 25.70665129813655
57.84023282769159, 25.871815614420623
57.782600787142165, 26.03705476271579
57.72513672781652, 26.20235191852228
57.66778293369569, 26.367686644609652
57.61057472016234, 26.53307113486165
57.553433925253245, 26.698478555944856
57.49635929839637, 26.863909361423747
57.43934507945513, 27.029361113507324
57.38236718201554, 27.194825527439402
57.32540653844186, 27.36029570639679
57.268441982733556, 27.525765229923177
57.211419930291854, 27.691215381620317
57.1543687171786, 27.856655839444784
57.09721032544606, 28.022059395513242
57.03995144346605, 28.187428133883806
56.98256137666084, 28.352751214256944
56.92504946626699, 28.51803151999281
56.86736209223012, 28.683250323675157
56.80951276186055, 28.848411976112533
56.75151992446521, 29.013522447662677
56.69334831268048, 29.178568802806
56.634998883009665, 29.343551983600644
56.5763949784119, 29.508445006484894
56.51757199897888, 29.673260127657098
56.45850348098394, 29.837987894587265
56.3991278741688, 30.00260555642907
56.33943139840163, 30.167107794225316
56.27945890634784, 30.331510863094238
56.21914521809779, 30.495789569139305
56.158487105068915, 30.659941599397676
56.09735191853253, 30.823916579086724
56.035909097453214, 30.98777626040372
55.974148180953954, 31.15151586780925
55.9120183534963, 31.315115941580906
55.84955587267177, 31.478589240325935
55.78665448253741, 31.64189370147306
55.72315580352867, 31.804965882454535
55.65897800582974, 31.967770520002485
55.59423547528947, 32.13034957085147
55.52883547704046, 32.29266327440539
55.46269806007929, 32.45467603937174
55.395686408186194, 32.616327573527236
55.32777416282586, 32.777601605063374
55.25912906142867, 32.93856450032619
55.189370580787646, 33.099048288630385
55.118487133179954, 33.25903943253699
55.04647349629715, 33.41852667102791
54.97298242752045, 33.57734040717689
54.89813968972079, 33.735523506614896
54.822150450395185, 33.89316059234187
54.74455362587262, 34.05001335392493
54.6654846780138, 34.206128476918146
54.58459534485067, 34.36130666932238
54.50197293068888, 34.515568342123174
54.417688600505905, 34.66892754216622
54.33112806661882, 34.82101300900638
54.242457521415346, 34.97187755269657
54.1516249182814, 35.12144865623743
54.05831571617449, 35.26948678111854
53.96265723146142, 35.416017354254244
53.864604429099714, 35.560954432934444
53.76374941328315, 35.70395475662383
53.66042032085668, 35.845177327532305
53.55420506797047, 35.98424075492363
53.4451158258872, 36.12106063211916
53.333304682050205, 36.25566525525321
53.218643190066864, 36.38785047191978
53.101224072183676, 36.51759278498941
52.980527541618855, 36.644292417237295
52.8569641211353, 36.768198835796596
52.73048277230455, 36.88912627354974
52.600849031424666, 37.00666919915459
52.46843806689633, 37.12107591550937
52.33288290854935, 37.23173985081346
52.19455960927493, 37.338924565433054
52.053397777217995, 37.44234257784718
51.909356049907274, 37.541710118918445
51.76266151603408, 37.63711805020149
51.61342472656321, 37.72849813866893
51.461601801036174, 37.8155128693649
51.30732567443949, 37.89809882620398
51.15070695552947, 37.976149743498645
50.9917886387927, 38.04940360556691
50.83071915956252, 38.11779691647427
50.66759264396713, 38.181126849289015
50.502631325912674, 38.23951128665388
50.33588114370329, 38.29257159510876
50.167392070008546, 38.339822083673894
49.99732575722606, 38.38104190275271
49.82586817791411, 38.41603773508941
49.652258129472564, 38.43802325846811
49.47773699357005, 38.451072736089394
49.30288646004746, 38.443674386815154
49.128685812299956, 38.426779312639546
48.95565822197076, 38.40040171572428
48.783965825693535, 38.36636646048233
48.61385835462256, 38.32512826412549
48.445432219415295, 38.27749856094732
48.27867056965298, 38.22435990334447
48.11357200896691, 38.1662966716112
47.95001732668235, 38.10405626380876
47.78781693457165, 38.03840595276663
47.627070172406434, 37.96930791079603
47.46740905622177, 37.89775846064608
47.30874499016827, 37.824031998731854
47.15107095862077, 37.7482078362255
46.99435101933535, 37.67042084311357
46.838459230388196, 37.59097333177646
46.683313311954585, 37.51006080088728
46.52883017864147, 37.427868618020625
46.374919231412775, 37.34458685801016
46.22153416967993, 37.26031691553117
46.068702805956704, 37.17502830416578
45.916350792049336, 37.088875004745304
45.76444310415134, 37.00193397867881
45.61300969582345, 36.914170384458934
45.46199590685415, 36.82569634488903
45.311437954763605, 36.73646114220479
45.161331029832134, 36.64648004122491
45.01167565600108, 36.55576092772283
44.862469565847775, 36.464315104800576
44.71371521232749, 36.372143071050466
44.56544256397424, 36.279202406786034
44.41766619671989, 36.18547654145033
44.270362522515086, 36.09100951481146
44.123562444212766, 35.995762004370576
43.977322262573104, 35.89965608399975
43.8316059165471, 35.802754508735056
43.68642297893785, 35.70505188978082
43.54184447988352, 35.606451371160865
43.39778622211427, 35.50708830687363
43.2542770428541, 35.406931916530006
43.11142272840187, 35.30584211953427
42.96918426086608, 35.203888334818025
42.8275905929356, 35.10104189440773
42.68664036066225, 34.99731615654001
42.54632480951618, 34.892733687595374
42.406662570064945, 34.78727998059924
42.267686219403565, 34.6809232385337
42.1293660701209, 34.57371359570496
41.99171698532914, 34.465642319181995
41.85467954859221, 34.356797173046985
41.71824917717991, 34.24719508862058
41.5826306914213, 34.13659340698061
41.44761099001267, 34.025264659262106
41.313267061481696, 33.91312304418061
41.179890420292665, 33.79983459830772
41.047136144911015, 33.68581858601191
40.914820499944035, 33.57129405098802
40.78332768593839, 33.455827885577136
40.65224919062781, 33.3398935664913
40.5215176992104, 33.223569635060365
40.39101530777722, 33.10698936456251
40.26064605701042, 32.990259041331804
40.1302053157907, 32.87360730189945
39.999603121568384, 32.75713613125919
39.86868830171038, 32.64101593146633
39.7374738839838, 32.52523234024795
39.60573354451329, 32.41004572622157
39.47343182353848, 32.2955037807668
39.34026134065087, 32.181973338359036
39.20620301907675, 32.069492505836806
39.071158106468175, 31.958197763235564
38.9350774899671, 31.848171025840557
38.797859389401125, 31.739565506022206
38.659283657269896, 31.63269769728122
38.519391824248764, 31.527558999524945
38.378138788372695, 31.424256349185242
38.23548875782634, 31.3228919781521
38.09144466282831, 31.22352061829384
37.94591767267964, 31.12633605420186
37.798728883237764, 31.031689501871416
37.64998738502208, 30.93950425094567
37.49973233035584, 30.849808886809143
37.34795847685756, 30.76270987565851
37.194588318184536, 30.67845473218406
37.03973643650376, 30.596955396502338
36.883344073072635, 30.518452880860735
36.725350733480546, 30.443223888988005
36.5659540769609, 30.371014049006753
36.40513113498854, 30.302037074937516
36.24288979873422, 30.236463422356465
36.07930139981877, 30.174323716679446
35.91440046788969, 30.11575288113353
35.748315929125056, 30.06062409567289
35.58103677870333, 30.009230658003926
35.41262351825302, 29.961681961998792
35.2431117406416, 29.918208451129214
35.07267400380669, 29.87851594367756
34.90137668620555, 29.842711168022635
34.7292490441853, 29.811138126608558
34.55640601187737, 29.783753126606985
34.38294686942434, 29.76058731600251
34.20901285304453, 29.741305807696584
34.034636170013236, 29.7265647749369
33.85992837846349, 29.716482445696112
33.68501777372654, 29.71093382900368
33.51002404299926, 29.70964193330621
33.33506844332282, 29.71352979380436
33.160276588918975, 29.722060049470393
32.98579630095142, 29.735542959664087
32.811749478716436, 29.75379197195481
32.63867162357234, 29.779656374997735
32.46640470820502, 29.81046449862356
32.29506764089322, 29.846083187220316
32.12475332084598, 29.886312247416026
31.955555995496226, 29.931012437919318
31.787527412748197, 29.979926802682307
31.62073481779218, 30.032900348295716
31.455242250082296, 30.089802406498613
31.291073710850966, 30.150417433953255
31.128246763220076, 30.214547570757375
30.966788041780756, 30.282046881494644
30.806679278429936, 30.3526868882799
30.647897646176915, 30.426259878060662
30.49048205985939, 30.50271058060911
30.33441086522929, 30.58186893428558
30.17960668414397, 30.663477232988082
30.02606160799445, 30.74743092272981
29.87375633657577, 30.83361434392885
29.722647394692217, 30.921879982743466
29.57267568835562, 31.012065962016464
29.423834273317944, 31.104106901521565
29.276078457964125, 31.19788209292255
29.129376267760303, 31.29329830358659
28.983703248925455, 31.39027930951444
28.838946510381483, 31.488623065495197
28.695156029609915, 31.588374194289027
28.552254976721695, 31.6893946174355
28.41023590095407, 31.791649377435625
28.26906084610158, 31.895065612795566
28.128835687058345, 31.999766144390108
27.989401608473262, 32.10551734652259
27.85083096790465, 32.212396937769384
27.7130797821739, 32.32032988568515
27.576124207497514, 32.42927014641306
27.44001490429156, 32.53926578352102
27.304698583624457, 32.650235532367134
27.170195988151207, 32.76219038645991
27.036486177186784, 32.87509126928383
26.90358125375849, 32.98893905871506
26.771491916709298, 33.103732653139
26.64020410400712, 33.21944266683784
26.509729136053338, 33.33606902622379
26.38007974896011, 33.453612983121175
26.251247221453596, 33.57205215601321
26.123280871530994, 33.69142688915054
25.996255396938984, 33.81180232566167
25.870075475485667, 33.93306439277161
25.74465973348444, 34.05511695408743
25.620017150999722, 34.17795798122198
25.49609626270048, 34.30152595721716
25.37311017391455, 34.426024625922295
25.250887414839244, 34.551273284452996
25.129437963685227, 34.67727234934763
25.008791533813966, 34.80404047206944
24.888879781955147, 34.93150270431804
24.769920489562917, 35.059852615319315
24.65164030129114, 35.18882778746695
24.53408269827327, 35.31846238855721
24.417285034389607, 35.44878253441384
24.301229055410154, 35.57976429135596
24.185933312755658, 35.71141619577947
24.07153291349131, 35.843845904872644
23.957823996354296, 35.976869225333296
23.84485007342351, 36.11051816895207
23.732551090920577, 36.24473602195808
23.620894823844306, 36.37949024628186
23.510260112489167, 36.51508439128427
23.400241211217214, 36.651178231269796
23.290903062994342, 36.7878194483334
23.18221312769529, 36.92497676604759
23.074136039158212, 37.062617009946024
22.96656318235451, 37.20065059822013
22.859445463024702, 37.3390366546901
22.75275701827205, 37.4777529446791
22.646417757615954, 37.6167364405026
22.540377237019015, 37.75594665605797
22.43459812693186, 37.89535429899978
22.329002676834033, 38.034901197253625
22.22355647957266, 38.17456191353214
22.118224057992094, 38.31430953534627
22.01287477304122, 38.45404580409131
21.90752704155186, 38.59378454162208
21.802071816558286, 38.73344330706058
21.696529709266716, 38.87303738703087
21.59082426867066, 39.012508272687484
21.48492544389452, 39.151832010551644
21.378814125805153, 39.29099370427627
21.272476463582386, 39.42998172416782
21.165862211856336, 39.568756945144536
21.058895379816196, 39.70725973428302
20.9516052941782, 39.84551143139156
20.843974620930624, 39.9834976427783
20.735982244321935, 40.12120035140712
20.627525077654727, 40.25853717747923
20.51860018440424, 40.39550325817492
20.40921559559419, 40.53210280187201
20.29939809321276, 40.66835480078039
20.189141818920707, 40.80425245281746
20.07845184510039, 40.939797394140804
19.967293513580444, 41.07495885668348
19.855722442569707, 41.209778979642714
19.743656239856197, 41.34418782513545
19.631086166074137, 41.47817538835109
19.518016453996427, 41.61174162986353
19.40447370423402, 41.74490616359733
19.29047204895367, 41.87767795165739
19.176065862195237, 42.010100955531364
19.061047908116656, 42.141993151218834
18.945459711618653, 42.27338597450454
18.829274770368052, 42.40425105662913
18.712529351745292, 42.534616157660665
18.595177823023462, 42.66443550790825
18.47717289443294, 42.79366099763377
18.35853526912014, 42.922305576227245
18.23920084154956, 43.0503038572689
18.119224371808823, 43.177700477918705
17.998598641396228, 43.30448317774466
17.877236323592975, 43.43056060596403
17.755075887727894, 43.555864488264596
17.632229274584056, 43.6804956969192
17.508552520482674, 43.80430294660891
17.384068930832413, 43.927298965593565
17.258740640530327, 44.04943408551734
17.132639810816144, 44.17077105842916
17.005789430322853, 44.29132368802614
16.878020083839818, 44.41090210107192
16.749454908578723, 44.529624213410656
16.619896665675245, 44.64726141344646
16.489373672334075, 44.76382759949626
16.357859663469434, 44.87927505816386
16.225421488313213, 44.993662054512384
16.092024198880793, 45.106929501362266
15.95754980654063, 45.21891625167796
15.821943768610558, 45.32953033380932
15.685280537203111, 45.43883575602789
15.54756770989862, 45.54681551320472
15.408830143087613, 45.6534747518384
15.269067374620672, 45.75878655312635
15.128152107240545, 45.8625504333048
14.98602967088542, 45.96465407830976
14.84279240402916, 46.065187409043745
14.698463765107714, 46.16414830808906
14.553001709632696, 46.261435192958366
14.406399857045008, 46.35699501378545
14.25863190826828, 46.45074128209267
14.1097393325409, 46.542690374393175
13.95966308061404, 46.63269442486294
13.808482843929793, 46.720831628263134
13.656181268544495, 46.807015953544784
13.502796353100473, 46.89125655584743
13.348274410384175, 46.973393089887544
13.192577269857852, 47.053279755827646
13.035823093014727, 47.13107519111202
12.877925157390788, 47.20652320346261
12.718985790692914, 47.279751993114516
12.55897377205035, 47.350607030558535
12.397923939363956, 47.41907006857296
12.235868337499413, 47.48511829211462
12.072848699962462, 47.54875012047629
11.908845275325259, 47.60980132685711
11.743939757285478, 47.66837488713805
11.578132305233234, 47.72434589557275
11.411457978818039, 47.777678581571834
11.2439699260026, 47.82839709437857
11.075705626715191, 47.876475340140566
10.906700744530106, 47.921880268932966
10.736992498778925, 47.964582229159305
10.56659626672877, 48.004449311786665
10.3955753155443, 48.04154317575564
10.223975395366176, 48.07585388531788
10.051844475983575, 48.107390970954924
9.879217230738295, 48.1360888913885
9.706137380998255, 48.161917748616
9.532653968816652, 48.18488855149779
9.35880285718527, 48.20489001945519
9.184636871516956, 48.22193875995162
9.010200106944104, 48.235959906092674
8.835544775757647, 48.2469270847067
8.660729626410287, 48.25496335553794
8.485799992100711, 48.259949288270406
8.310809899303266, 48.26196081271805
8.135810512145337, 48.26099723505688
7.960851854728855, 48.25709247696329
7.785976481179525, 48.25041937589276
7.61123321600308, 48.24088263653475
7.436666876065393, 48.22852447815756
7.2623126933738344, 48.2134754983205
7.088216933110146, 48.19569176121225
6.914415396292503, 48.17524378370346
6.7409327681641535, 48.15225023829779
6.567808809126241, 48.12669767733848
6.395066252934027, 48.098685493500916
6.222732572293463, 48.06826054534143
6.050827960081709, 48.03550179541889
5.879376700312017, 48.00044667889926
5.70838968053423, 47.96319022825671
5.537894439469502, 47.92374172149536
5.36790108080687, 47.88217992891829
5.198419839758576, 47.838575001143866
5.029469498460859, 47.79295364401434
4.861053433460824, 47.74539597410392
4.69317744772132, 47.69596514814108
4.525835722537152, 47.64475532402287
4.359054782867945, 47.59174798498975
4.1928268788622365, 47.53703093086602
4.027145721813484, 47.48068023918539
3.862044692165469, 47.422651201918384
3.6974881808139832, 47.363097033162205
3.533492097411117, 47.30201863437522
3.3700624271168746, 47.23944217767467
3.2071934052360307, 47.17542304630895
3.044893639087789, 47.10997297990671
2.883162250477171, 47.043130311217745
2.7219651648096446, 46.97501008658155
2.5613202386700453, 46.90559763227347
2.401232050816733, 46.83491075864349
2.241711670147131, 46.76295142594002
2.0827543590229394, 46.689757228049835
1.9243527369299225, 46.61536659291044
1.7665002970515722, 46.5398158024092
1.6091931736593672, 46.46313505249713
1.4524505494190336, 46.38530582107854
1.2962716069869875, 46.30635056188718
1.1406972868784795, 46.226209447151405
0.9857103487286716, 46.14493616886633
0.8312823383987771, 46.062606187618954
0.6774331414205278, 45.97920081983971
0.524152793472065, 45.894755360407956
0.3714649573958595, 45.809244487021964
0.2193551657119286, 45.72271041560336
0.06781817119358652, 45.63517815944435
-0.08312647772314982, 45.54662907117414
-0.23348926662488476, 45.45709617255356
-0.3832801237623924, 45.36661012716922
-0.5325029196739586, 45.27519068612246
-0.6811405877178871, 45.1828231933164
-0.8292079165404413, 45.08954418215148
-0.9767127552875057, 44.995378211450955
-1.1236739535417497, 44.90036572547972
-1.2700767230778853, 44.80449491707682
-1.4159414949590345, 44.7078069356983
-1.5612828129708234, 44.610333933376566
-1.7061159954858112, 44.512108290004456
-1.8504729883803102, 44.41318395824431
-1.994338859113738, 44.31354579182275
-2.1377316403659146, 44.213226741404455
-2.280689963902472, 44.11228891395995
-2.4232394722324853, 44.010775292625226
-2.5653793351421665, 43.90869042234051
-2.7071697715971097, 43.806120775910635
-2.848640795350414, 43.70311169569165
-2.989801746318226, 43.59967900088514
-3.1307189040356924, 43.4959137429734
-3.271364469721978, 43.391780272810614
-3.4117812998393027, 43.287338170537524
-3.551968579074293, 43.18258760831084
-3.6920247117932954, 43.07766307472748
-3.8319313143649074, 42.97253987473304
-3.9717867592733698, 42.86734810536543
-4.111593166967964, 42.76209173705144
-4.251469142471846, 42.6569262128647
-4.391283717109105, 42.551676948758214
-4.531225073767204, 42.44659719117385
-4.6711776565023815, 42.341532558478264
-4.811129446296838, 42.2364668701425
-4.951065837710116, 42.13138227271085
-5.090974084447364, 42.026260780481294
-5.23087017673912, 41.92112365536253
-5.370717123108253, 41.81592169967293
-5.510451051818047, 41.71057020838093
-5.650103589045662, 41.60511138161182
-5.789636171608028, 41.49949429450341
-5.929016470870594, 41.39367676456582
-6.068200472510681, 41.28760211246318
-6.207169699123492, 41.18124582447215
-6.345960186651937, 41.07465453571109
-6.484480938500306, 40.967712547435816
-6.622737966588471, 40.86042939802759
-6.76070731178294, 40.752776050449995
-6.898339479193052, 40.644691536590386
-7.035639128607862, 40.53618460838604
-7.172582755935186, 40.427228592930156
-7.30913834405587, 40.31778678878224
-7.4453159832630496, 40.207875459465704
-7.581080456690985, 40.09745480253476
-7.716398482217045, 39.98648820698301
-7.851247059854812, 39.874952372261205
-7.985602986735248, 39.76282429549878
-8.119399641222856, 39.65003001129464
-8.2525655128169, 39.536491926478206
-8.385097908971403, 39.42221491418167
-8.516973199126394, 39.30717987073858
-8.6481884010287, 39.191391974833984
-8.778705715897376, 39.07481743840217
-8.908467651583592, 38.957402097921985
-9.037444163237899, 38.839123984758615
-9.165611667713385, 38.71996927792057
-9.292976457314355, 38.59995670104309
-9.419522224945988, 38.479080836657076
-9.545146538363399, 38.35724778655857
-9.66988693586354, 38.23451005473416
-9.793688469039617, 38.11082585776401
-9.91646242304094, 37.98612213583753
-10.038291408597697, 37.86049488336314
-10.15907563866307, 37.73386333340247
-10.278804990712741, 37.60623465029827
-10.397385472289871, 37.47753821008356
-10.514816687899184, 37.347792550518115
-10.63104591571263, 37.21696905905888
-10.745998106289687, 37.08502198990193
-10.859689876282438, 36.95198824780683
-10.97218367021429, 36.81793974478247
-11.083444887772433, 36.68286553404118
-11.19335637527501, 36.54669056719289
-11.30191894218254, 36.4094372764599
-11.409097229631755, 36.27110003685703
-11.514855866973523, 36.131674094712125
-11.619160623724579, 35.99115699312037
-11.721898657130629, 35.849490141091714
-11.823031586550828, 35.70667286675209
-11.922639770095742, 35.562788803214225
-12.020644434469794, 35.41780814205564
-12.116962272571053, 35.271701439672384
-12.211652590963658, 35.12453510312657
-12.304668818268839, 34.97630520130771
-12.395949730659268, 34.82700081555237
-12.485457806302612, 34.676627125167464
-12.573154603263317, 34.52519019407102
-12.658944826960882, 34.37266517498602
-12.742837468268885, 34.21908759591241
-12.824783481519956, 34.06446256951698
-12.904745183422772, 33.90880245023716
-12.982645899556886, 33.752100741491816
-13.05842723368447, 33.59436335604073
-13.132074136842057, 33.4356180922607
-13.203552149924445, 33.27588449250793
-13.272865021322932, 33.115198624049484
-13.339992952584266, 32.95358760731369
-13.404874334176258, 32.79106195476235
-13.467479379151058, 32.62764599057219
-13.527778170848617, 32.46336531427738
-13.585576641186757, 32.29818845918881
-13.640948408693333, 32.13218299537854
-13.693866236115978, 31.965379057145906
-13.744313527465266, 31.797810225887083
-13.792268695096018, 31.629510668914758
-13.837628488679984, 31.460492889849203
-13.880426830637367, 31.29080776491565
-13.92060842934777, 31.120483906465363
-13.958193867013883, 30.949567846234952
-13.993148259542824, 30.778094454258742
-14.025370214371025, 30.60608743503562
-14.05489054823269, 30.43359603075986
-14.081613997687098, 30.260649554904703
-14.10557608702192, 30.087298833403338
-14.126721812352885, 29.913582541695753
-14.145019841593825, 29.7395451133044
-14.160442362126153, 29.565230451392015
-14.173018664289955, 29.390687802843352
-14.18267225786459, 29.215958616615726
-14.189475179802283, 29.041094761814122
-14.193413629937407, 28.866143547816172
-14.194415653842729, 28.691150766353623
-14.19252503519909, 28.516165492331897
-14.187624303939119, 28.34123787264926
-14.179785595223562, 28.166415801968064
-14.1690022848088, 27.99175035670139
-14.155246678919186, 27.81729293460033
-14.138547659356991, 27.643091367974083
-14.119027983899079, 27.46918209608779
-14.096635192790107, 27.295618156570164
-14.071352736623304, 27.12245092896383
-14.043147972563652, 26.949734973567665
-14.012109440923574, 26.777506022036945
-13.978275979411169, 26.605805501474414
-13.941654403446654, 26.434678683806464
-13.902241663584048, 26.2641736369818
-13.860141132393913, 26.0943138391038
-13.81537581009762, 25.92513853281174
-13.768009262327721, 25.756674068656736
-13.71806397305038, 25.588956930927868
-13.665565415135834, 25.422021716680263
-13.610579576835992, 25.255889440559812
-13.55312455659085, 25.090594096925763
-13.493322859778935, 24.92613207425404
-13.43124613789732, 24.762514330689445
-13.366901725516062, 24.599774021334603
-13.300390788652178, 24.437905533953195
-13.231777220804958, 24.27691610754407
-13.161062966555235, 24.116838011928863
-13.088269257160642, 23.957694278300504
-13.013463982819262, 23.799485779355873
-12.93662915401281, 23.642252404278874
-12.857770422307421, 23.486025080518232
-12.777021627621293, 23.33076687346624
-12.694401211142978, 23.176496800874276
-12.609988689048949, 23.0232005810936
-12.523839965500786, 22.870873963683277
-12.435975899876086, 22.719531417017926
-12.346470399827947, 22.569153348539327
-12.255321687041661, 22.419765209947244
-12.16254887187874, 22.27138031391165
-12.06817253611068, 22.1240100466398
-11.972249422959042, 21.977642570474117
-11.874816011758924, 21.8322755786917
-11.775927115592175, 21.687892746337138
-11.675657127978267, 21.54446407150524
-11.57402103110698, 21.401999868117507
-11.471065313471447, 21.260486818998636
-11.366794205885055, 21.1199399960547
-11.261237765312465, 20.980354898881174
-11.154445398187613, 20.84171296478119
-11.046408442487843, 20.704039971835904
-10.937137644082595, 20.567346433373196
-10.82669750753125, 20.43159745866702
-10.715112274836933, 20.296788104712018
-10.602405439930767, 20.16291455644473
-10.488613182836696, 20.02996211770878
-10.373749838945713, 19.897933318072084
-10.257884076029542, 19.766782335123352
-10.141004527079877, 19.636532926754306
-10.023132115306062, 19.50718046251691
-9.904321026717401, 19.378689167691903
-9.784591882151997, 19.251052816216298
-9.663936265119554, 19.124292173286864
-9.54242791103167, 18.998349253171067
-9.420037986682356, 18.873263654377382
-9.29678758045434, 18.749026734614848
-9.172656086151642, 18.625671116212796
-9.047644257371788, 18.503208804558664
-8.92172968633525, 18.38167635703322
-8.79504307087923, 18.260949737707826
-8.667452873285482, 18.141177681419336
-8.539087140086641, 18.02223629207441
-8.409743663649431, 17.90435850743386
-8.27961261384177, 17.787350525201745
-8.148532711810427, 17.67140574174046
-8.016745066680269, 17.55626641046759
-7.8842345553214495, 17.44196281462618
-7.751171337229791, 17.32830500298202
-7.617619915192797, 17.21522105677545
-7.483644076467816, 17.10263896902065
-7.349360251686595, 16.990423849987465
-7.214934971282445, 16.878379349046206
-7.080407986426394, 16.766457568940705
-6.945978628190776, 16.65441823114617
-6.81164311966517, 16.542265731669715
-6.677546667092886, 16.42982602181784
-6.543761130174008, 16.31701497934991
-6.410317189442926, 16.203800187360372
-6.2772408184944215, 16.090154343665752
-6.14469043726327, 15.975895368316998
-6.012792832629405, 15.860884731915203
-5.881621112373786, 15.74505001225917
-5.751131889137668, 15.628448431755
-5.6213699645565836, 15.511036626849883
-5.492369842049094, 15.39278659277311
-5.364199799710606, 15.27363568236667
-5.236989374860089, 15.15345917823707
-5.110703271962002, 15.032310912658723
-4.9853887441181906, 14.910157974705028
-4.861122614971107, 14.786937705964474
-4.737834220281057, 14.662737469923492
-4.616040678601233, 14.537070809645025
-4.495203061100222, 14.410485259259442
-4.3753942305397295, 14.282926942159465
-4.256575153286469, 14.154447166459558
-4.138787964949643, 14.025020699096336
