-3.8850000000000002, 14.054999999999996
-3.883404739481336, 14.053075124977525
-3.8787298008834665, 14.047210404459065
-3.871081188416123, 14.03732361012708
-3.8604976656696093, 14.023386647316942
-3.8470123121819535, 14.005375681231124
-3.8306639706297703, 13.983262768313274
-3.8114678382063323, 13.957039940926489
-3.789466325023771, 13.926677083030064
-3.7646761193922322, 13.892164329566752
-3.737125676694943, 13.853482114931523
-3.706811068238139, 13.810634187115305
-3.6737522798217954, 13.763609419263512
-3.6379622637015223, 13.71239815101598
-3.59942204958275, 13.657011676375086
-3.558163527069786, 13.59742558504735
-3.5141568238463017, 13.533678793984295
-3.467414366527447, 13.465762908999313
-3.41799657779266, 13.393633236339433
-3.36584472227157, 13.317340999742939
-3.3109981336901733, 13.236857882633846
-3.2534002109847346, 13.152233009973896
-3.1930682752427617, 13.063457726996406
-3.130012945993357, 12.970510368706996
-3.064122305574238, 12.873472562168802
-2.995501233013895, 12.772286318724465
-2.9241206541033478, 12.666966860970703
-2.8501410737515585, 12.557411538376954
-2.773324408652267, 12.443796011971887
-2.693581147258148, 12.326170817863664
-2.6113038475486428, 12.204258108666213
-2.5262559696115656, 12.078210794262635
-2.4384748030944445, 11.948103249510652
-2.3484586725325056, 11.814057281586377
-2.2566582751997046, 11.676389253881556
-2.1635112034100494, 11.535863758533246
-2.069924873664011, 11.393383828059156
-1.9757046709199555, 11.249367116074342
-1.8809085976853386, 11.103667505303614
-1.786653188540567, 10.956900140339853
-1.6926675666351525, 10.809698419687518
-1.5994085283276134, 10.66177485118887
-1.5062042315648647, 10.513889714220852
-1.413090471043266, 10.365772599325792
-1.320712657969591, 10.216987410340813
-1.2289231799254465, 10.067876689251165
-1.1376739641359987, 9.918646046309984
-1.046859172055122, 9.76917421428894
-0.9569622666928408, 9.619251662352319
-0.8676098977173348, 9.469122642549364
-0.7786015604003443, 9.318643487271567
-0.6895484382793641, 9.167900937791671
-0.6009606844955557, 9.016845583863809
-0.5129098644689617, 8.865710244767566
-0.42528120920194595, 8.714223496412773
-0.3384553972326984, 8.562210448908688
-0.2522268851485759, 8.410099941339942
-0.1663769486681388, 8.257727855883221
-0.08098669859537913, 8.105095214606042
0.003980937339629648, 7.952224574755676
0.08854468114570696, 7.798995173944969
0.17270880978623832, 7.64557052076293
0.2562962966919041, 7.491987704622726
0.3394992694099529, 7.3381440958262685
0.42231911478738626, 7.183972474407994
0.504712952444361, 7.029638684132034
0.5867582775062448, 6.875001465811717
0.6688678731725134, 6.720428125187517
0.7504286592674811, 6.5658467528338935
0.8316357822719459, 6.4110291278735545
0.9124600714118072, 6.2559558830086885
0.9929516458327106, 6.100660899781469
1.0730678355367524, 5.945128511552518
1.1527317491413727, 5.789644832140824
1.232042278260781, 5.633867242107448
1.3111329182362075, 5.477807452477372
1.3899626059101073, 5.321562334903826
1.4689065504744996, 5.165378674919188
1.547424790123678, 5.009170700786444
1.6257003266609888, 4.852738668456406
1.703677929228738, 4.696145202048565
1.7814162106775238, 4.539438119504136
1.8589328046207407, 4.382626583495139
1.936131552803129, 4.225860760348722
2.013095768314393, 4.069180509887381
2.089981642384208, 3.912359529285511
2.1668658871352537, 3.755129651128581
2.243673217944075, 3.5978332123627217
2.320332805711482, 3.4407036901596877
2.396864460084102, 3.283732561478656
2.4733394795350776, 3.126839316193448
2.5499855250239616, 2.969799137250498
2.6266818949345505, 2.812707604059378
2.7036041783337446, 2.6557011321867967
2.7805950707495573, 2.4987028513681944
2.857603767781915, 2.3418488411982943
2.9346973692714613, 2.184834804622193
3.0120949230029384, 2.027911445467508
3.089462805741358, 1.8712521122398
3.1668484869868716, 1.7146544750702037
3.2447236788740925, 1.558352691330761
3.32266142789547, 1.4020076927567162
3.401671596884453, 1.246127288976102
3.4814369222294292, 1.090773680683418
3.561539783624973, 0.9354217489671337
3.6420115188169717, 0.7802273276703979
3.7234426507405463, 0.6255384903529538
3.805408555109241, 0.4710914239124536
3.8884067294793163, 0.3172352882029266
3.972273093569796, 0.16362747345739295
4.056532607316047, 0.010211734152547336
4.141791646152003, -0.14238475130689682
4.228117973683238, -0.2944140275650808
4.316148348820445, -0.44547659480069324
4.405147142443997, -0.5960875220412701
4.495511699678247, -0.7460016503926081
4.587089691375846, -0.894952414592977
4.680420143960857, -1.0425841983865285
4.77537510586206, -1.1892015864538874
4.872473212178174, -1.3345385127473872
4.971196578553133, -1.47893964304192
5.071751375647917, -1.6221286078739834
5.174085883158723, -1.7639995023755433
5.27908255244788, -1.904074288103925
5.385667311191782, -2.0428464766683634
5.494684617865186, -2.179395874525256
5.605943508336594, -2.313923097430302
5.719255276223001, -2.4468345771040876
5.835300394470698, -2.577753572157546
5.953718067636894, -2.706620566426001
6.074142920770361, -2.8332931079849204
6.197571908557615, -2.957029603750303
6.323115591422347, -3.078676481684665
6.45224186313084, -3.196514291213215
6.583009346190411, -3.312456973731393
6.716071789658201, -3.4257191808023397
6.852703224934909, -3.5348495074515935
6.990924630931139, -3.642020566335343
7.131277941379757, -3.7465205357659004
7.274658269905486, -3.8467300880573716
7.419631030423543, -3.9441748383462047
7.566761039677284, -4.038409022604382
7.71647235702466, -4.128566946742627
7.867890002280197, -4.215662095926882
8.021542246240475, -4.298960049113602
8.176896561693487, -4.379294785360574
8.334070322430291, -4.4563605944517475
8.49332760008868, -4.529392132855157
8.65428690956131, -4.598757671760292
8.816938073792894, -4.664023589192914
8.981114751353648, -4.725148925629742
9.146613687372227, -4.782208365197017
9.313471677710364, -4.834644524693752
9.481524419649528, -4.882549934988858
9.650686158676487, -4.925838125667523
9.821004564500162, -4.963861131921004
9.992387710459258, -4.996383939260188
10.164698198664313, -5.02334030627559
10.338517151377818, -5.038116869247516
10.513063729460132, -5.042832539954698
10.6873946468449, -5.0314750702017195
10.860727197857686, -5.008397466858937
11.03305162252038, -4.978371285648607
11.204758219651698, -4.945048576893453
11.375933909120569, -4.9085093395975266
11.546411892161519, -4.86933877286042
11.716102397611936, -4.827836374721273
11.885213602414234, -4.784126373940513
12.053756521343441, -4.7384397279246055
12.221984139492674, -4.691158682214755
12.389831782468887, -4.642116393330036
12.557311273941393, -4.591751692554975
12.724412501920423, -4.540068897279421
12.891130808680023, -4.487276409136416
13.057511458333352, -4.433284777641881
13.223744358671578, -4.378346776622653
13.389717369517472, -4.322392015985709
13.555169039326604, -4.265680061974211
13.720272484841523, -4.2082301121349515
13.88511953736499, -4.150029742942925
14.049764699243305, -4.091050369247614
14.214422816270023, -4.031628315041834
14.378720343055477, -3.9714031028732473
14.542636986494964, -3.910866565480548
14.70609590435724, -3.8498152011314946
14.86945060091943, -3.7883517558757243
15.032988794254154, -3.7262965166034903
15.196392757363949, -3.663653827844535
15.359418101981, -3.6006977965484803
15.522411002378266, -3.537567181935528
15.685450959420576, -3.47387446816567
15.848324441695155, -3.4098280087536685
16.01090014846079, -3.34570764945668
16.173402218899952, -3.2811211795935824
16.335898428287052, -3.2162413268784698
16.498083099544083, -3.1509903560125996
16.659913945064776, -3.0852672871592723
16.821718370652476, -3.0193719710662217
16.983325415795164, -2.9528878096468496
17.14458988636373, -2.886227876864432
17.30580625289197, -2.819110355669579
17.466970615433198, -2.751529600300679
17.627592202126312, -2.6833057629112114
17.787996806885758, -2.6143947640068896
17.948299319449465, -2.5444751892204733
18.10815593766586, -2.4735752375559295
18.267435718526546, -2.401410451613841
18.42642088988661, -2.328620273937393
18.585172088593907, -2.2555038946833186
18.744162459722382, -2.1825564143367284
18.90351060867857, -2.110458585030762
19.06329753056075, -2.039234239332057
19.223547500228836, -1.9689523246329543
19.384300316863353, -1.8998059021194178
19.54580858497877, -1.8324200738993375
19.707821387172018, -1.766827787001052
19.870385888568126, -1.7025657116438158
20.03377382123836, -1.6397016834381206
20.197858920703368, -1.578194102284704
20.362444418024, -1.5183473364101037
20.527571488825892, -1.4607667910127509
20.693232286871513, -1.405060466681374
20.859549877497816, -1.351680664385095
21.02664120962017, -1.300180361946683
21.19442684019248, -1.2503739938485647
21.362610052660923, -1.2026716988653636
21.531251963750712, -1.1566081104793162
21.700631651041938, -1.1125043425557546
21.870546719346642, -1.070507006869303
22.04083703016244, -1.0308936206959094
22.211581135926448, -0.9934420021990321
22.382704706348616, -0.9581476506478654
22.554339478070187, -0.9249292757975875
22.726537855072944, -0.8943108725398949
22.899141991268355, -0.8659484954486835
23.07214209621179, -0.8399797967205095
23.245431209319335, -0.8164270950201047
23.4192209137201, -0.7951149470535763
23.5932800467804, -0.7759893610026455
23.767341397032588, -0.7593306330023036
23.941621227185575, -0.7448594440061597
24.116119826052344, -0.7329815422149741
24.290742833094722, -0.7235283214576244
24.465621723745556, -0.716313698203827
24.640624417199106, -0.7115514478320535
24.81554167783469, -0.709077089343623
24.99048164013978, -0.7090686140602295
25.165411630800484, -0.7113978565508217
25.34026132341471, -0.7156627701376926
25.515213049567823, -0.7220166615298259
25.690081439824613, -0.7303988730397541
25.86461187951598, -0.7411564405498856
26.038988826987424, -0.7541340166827271
26.213328948263992, -0.7693734832213113
26.38748887596534, -0.7867181289103526
26.56139240861094, -0.8063316737845043
26.735089702690047, -0.8281682145344939
26.908465023036932, -0.8520082354539161
27.08131750378782, -0.8779574270839761
27.253870571248072, -0.9057318608871417
27.425993318722316, -0.9357803081707208
27.597799704980734, -0.9677516144358292
27.769324216616756, -1.0013583134788215
27.94048826264014, -1.0368673240553483
28.11135945282419, -1.0742194492688024
28.281820394331067, -1.1135419978088472
28.451925557872293, -1.1547694705805465
28.621490828635544, -1.1976998150461613
28.79028787594658, -1.2426038518798017
28.958645232302583, -1.289163976925972
29.12658101641197, -1.3377262919880042
29.293910920299616, -1.3881881554078757
29.460797695651593, -1.440372837423923
29.62718682270911, -1.494156804862969
29.792893629080734, -1.5496684511434273
29.958147593867043, -1.6068224338690325
30.123005725955714, -1.6656224550930332
30.28722940863162, -1.7260590023218363
30.450589424551424, -1.7881050616027503
30.61321798919212, -1.8515978783998315
30.775073685084866, -1.9166821137532113
30.936651511423445, -1.9833469950828384
31.097857947864007, -2.0516876285771515
31.258201782038395, -2.1214047593714938
31.41767538553354, -2.1925596422926104
31.57652956470148, -2.2653210679973497
31.734982012006878, -2.3397357090987647
31.892747570347613, -2.415633902473235
32.04962388127275, -2.492809741733132
32.205856784658216, -2.571257240817471
32.36148957782509, -2.6510040663239316
32.516460404042554, -2.7320576692566516
32.671011701573484, -2.8141927029444678
32.82485772760686, -2.897520299647448
32.97780517109128, -2.9825262866092026
33.12991013240701, -3.0690704004328793
33.28130403089637, -3.156801632454006
33.4320216690399, -3.2456394452536843
33.581909152575705, -3.3355717474060187
33.73126649861924, -3.4266833530102008
33.879891596620396, -3.5191000351689805
34.0277753914233, -3.61255792975952
34.17501641635252, -3.707039388231616
34.32130133696502, -3.802806803673763
34.466705793435885, -3.8997186538833994
34.61133002581107, -3.997903755356187
34.75547251894118, -4.097179869862382
34.898931536059166, -4.197417611658697
35.041483072532344, -4.2985122872720805
35.18324716151453, -4.400758748286804
35.32436156163826, -4.503948103050624
35.46490696685404, -4.608036832809704
35.604832333299335, -4.713082200585013
35.74386944040213, -4.819234766581116
35.8823377929015, -4.926238958921116
36.01990207464412, -5.034172308367864
36.15682762791261, -5.142909307307843
36.29312559148999, -5.252644134517587
36.42854639587357, -5.36328021099319
36.5633606277896, -5.474642287837523
36.69739379566795, -5.586931560783934
36.83065660336134, -5.699748153379941
36.963172435961916, -5.813196659150543
37.09512187820491, -5.927558945929552
37.226504829924565, -6.042687579977158
37.35722097226097, -6.158656650752479
37.4874257476859, -6.275283064151584
37.61696929582367, -6.39227116618361
37.745754591951005, -6.51020090810931
37.873995337587765, -6.6288327549079575
38.00137673368691, -6.748215489773854
38.12843223158936, -6.8682318576747345
38.25478223661297, -6.989086848720321
38.3806763944934, -7.110549126486601
38.50616103403992, -7.232566410816225
38.630811327720785, -7.355237770636275
38.75503195557293, -7.478408212720699
38.878475429392005, -7.602264427272722
39.001221971759875, -7.72650892359047
39.12356000087337, -7.851236233039505
39.24538634743623, -7.9765223250682435
39.36676219470589, -8.102336381559622
39.48783215751208, -8.228740996526987
39.60831249894281, -8.355593888084403
39.72821023698934, -8.48301957939717
39.847623839042406, -8.610921012342585
39.966567334997755, -8.739144903446293
40.08473535647095, -8.867969507350876
40.20250643565144, -8.997229086213423
40.31990272157449, -9.126990737239028
40.43691492172167, -9.257098423772613
40.553521923416824, -9.387674470343763
40.66959504020417, -9.51858540230091
40.785205896813814, -9.649814436898037
40.90058293578347, -9.781483386187153
41.01557095711457, -9.91348414266771
41.12993268147122, -10.04570306784321
41.24393347479022, -10.178252802268416
41.35765008025029, -10.311333931945788
41.47096453036314, -10.444702447152473
41.58372839905755, -10.578336825151819
41.69613485794634, -10.712374709905468
41.8081043179729, -10.846753889990572
41.91956240981016, -10.981346403884075
42.03070659073626, -11.116345684241882
42.14149150294256, -11.25167412441359
42.251837043281036, -11.38738080455559
42.36179495925501, -11.523421452574436
42.47123581762781, -11.659557790552467
42.58047288306143, -11.795940712593996
42.68944122840801, -11.932621279790542
42.79816237604185, -12.06950039699562
42.9069523930898, -12.20646459778605
43.01567888516239, -12.34354985935754
43.12367109347484, -12.481235139915931
43.23172589746903, -12.618975274395146
43.340110528716444, -12.756472193082123
43.44815895675964, -12.893915602363275
43.55668677281773, -13.030915058010176
43.665874522172274, -13.167735343056666
43.775181773924686, -13.304552364161593
43.88494130660507, -13.440685810013326
43.9948711119639, -13.57636017761245
44.1051245814337, -13.711449100955926
44.21567419199338, -13.845972343730327
44.327102087719915, -13.97989429266299
44.439280043542944, -14.113949396004141
44.552216845164935, -14.247675438304787
44.665908592764936, -14.380431199006464
44.78014099971516, -14.512604193819897
44.89536814876569, -14.643796281580578
45.011361177352725, -14.774175961048012
45.12833243859706, -14.904080686121135
45.24608761050232, -15.033581685807063
45.36459566994717, -15.16230356653412
45.484687451478486, -15.28956614445657
45.60599107774584, -15.41568561089006
45.728246267069224, -15.540681093863528
45.851713633962945, -15.66429825792195
45.976394076374525, -15.7867578783661
46.10222930309831, -15.90828757537678
46.22963736447871, -16.028200806632352
46.35851769536174, -16.14646389139167
46.48937333322481, -16.2624414527701
46.62155116408461, -16.376893582589325
46.754914847902945, -16.489944770801337
46.88970928086561, -16.60131314940074
47.02618112994367, -16.710646906617583
47.16421378137528, -16.81774499331549
47.30384392247152, -16.92291917644762
47.44592215265542, -17.025144010498707
47.5890897428032, -17.125775523289246
47.733317459584796, -17.224439698827055
47.87901864214199, -17.32046082626741
48.02641958515658, -17.41345454088885
48.17519574670507, -17.50400120176906
48.325651798700044, -17.59204750486638
48.47783690203988, -17.677691497222696
48.63164625600122, -17.760699891898877
48.786899626623644, -17.84137676933033
48.943527271030064, -17.91939494962144
49.10171408917969, -17.993659854282036
49.261442257276855, -18.064638123183393
49.422681898472426, -18.13283036457609
49.58503152128447, -18.198367440877146
49.74827692342435, -18.26116812907919
49.91269046864955, -18.32036789664027
50.078117498020546, -18.376250469182683
50.24488516689295, -18.428682146647116
50.41277195515926, -18.47777719200445
50.58147475376548, -18.52394417012299
50.75097632466888, -18.567124298342296
50.92135177618039, -18.60642674616292
51.09247251739052, -18.642025660957106
51.26442154404057, -18.674053916576774
51.43714946964949, -18.702188125060847
51.610279754818826, -18.726674707090694
51.783961551319116, -18.747222540606607
51.95799852084098, -18.76389459119838
52.13219855529469, -18.77643991544773
52.30680320299323, -18.784692334839242
52.48162764898984, -18.78912199044522
52.65662358795749, -18.788930343651227
52.83168583062515, -18.78476127140749
53.00636966564577, -18.776868940016453
53.18063703530947, -18.76589721543856
53.35438483522912, -18.751269506090942
53.527539889684725, -18.733035090266295
53.70049608478335, -18.711983278114054
53.87351936754994, -18.687615823573786
54.04631776549153, -18.660848614519463
54.218542155486716, -18.63144132993732
54.39049679803368, -18.599831810372752
54.56196811040044, -18.565638338952542
54.733073227365956, -18.52952616888376
54.903696807287105, -18.490839120257746
55.07393263412325, -18.450419775810285
55.243554317032505, -18.407660233927515
55.412451533686394, -18.36309264903496
55.58074125082677, -18.316933112896432
55.748740008566415, -18.269053109004236
55.91635026849993, -18.21943182539522
56.083407690362364, -18.168002202034764
56.250114343104485, -18.115489492229067
56.416150401500204, -18.061423422127067
56.58180307954085, -18.00576216581294
56.747026877353925, -17.948620934100433
56.91182973399136, -17.89020705871571
57.07614411633893, -17.830422229889855
57.23976734674388, -17.76948293950763
57.40285937805772, -17.707072631942665
57.56588166283078, -17.643596488770513
57.728574740712034, -17.578858590743693
57.89069221969155, -17.51306442760742
58.052329879351376, -17.44622239565581
58.213347758818045, -17.37802078785005
58.37377977339748, -17.309082869654734
58.53378171621079, -17.239157372725426
58.69360077211675, -17.16805792446876
58.853038152273434, -17.095965138486893
59.01184768398561, -17.022891634465502
59.17003252185701, -16.948861160475648
59.32783397169904, -16.87390076094477
59.485213186541785, -16.797944138819844
59.641903477242124, -16.72106766326263
59.7983223426053, -16.643333316900563
59.95431001598173, -16.564507780801357
60.10972606515019, -16.48510904079843
60.264687022587125, -16.404752519855645
60.41958593191724, -16.323426729097715
60.57411955344942, -16.241175279337877
60.72814320864945, -16.15835793294009
60.881745639037206, -16.07470879759984
61.03480049194989, -15.990148430705974
61.18731310016925, -15.904778872353068
61.33972716083703, -15.818833053274977
61.49168173353545, -15.73201941911382
61.64312247213434, -15.644482287060127
61.794231695000974, -15.556409313680408
61.94481298568482, -15.467430942354492
62.094853723051905, -15.377672900492179
62.244170434698134, -15.28717456727934
62.39336573110639, -15.196273204136379
62.54219292379697, -15.104591332971102
62.690622562382885, -15.012224311898168
62.83858276574813, -14.918859711657753
62.986193263023544, -14.82485400521006
63.13322252987051, -14.729933613593342
63.27980326314316, -14.634429094901416
63.42628532893781, -14.538709925782006
63.57242698024067, -14.442367235412192
63.71814890410574, -14.34557403820538
63.86317315206459, -14.24792434264312
64.00790488797247, -14.149459822287541
64.15213685107216, -14.050144313392817
64.29585955204271, -13.950531425346304
64.439137622563, -13.850716723175097
64.5816245058946, -13.750208948446655
64.724080747089, -13.649350584245958
64.86638257755784, -13.54796863764881
65.00824866963377, -13.44591725227495
65.15000379184538, -13.343095278507386
65.29121479289022, -13.239399091102227
65.43206988761317, -13.135640880655458
65.572314063687, -13.03143779962121
65.71218514888032, -12.927011270060497
65.85181491190183, -12.822023353049484
65.99099511696136, -12.715871619655326
66.1300660361781, -12.609523151812555
66.26854168081724, -12.50277546113294
66.40589872934089, -12.394721223990546
66.5430857787162, -12.286075612748029
66.6800731395018, -12.177077653294228
66.81649761401896, -12.067681700941087
66.95224229162854, -11.957747258744222
67.08759135696279, -11.84717838354075
67.22248963153788, -11.735913101687064
67.35677411727748, -11.62410219980187
67.49072991607798, -11.511673873828224
67.6240791542998, -11.398498589698564
67.75643236493623, -11.284542509403494
67.88764777254937, -11.169603115302632
68.01814153900708, -11.053949070795747
68.14825260817072, -10.937412451115812
68.27767238919982, -10.819813581569939
68.40659539190567, -10.7016513732449
68.53444321661543, -10.582370299928527
68.66146546080442, -10.462398631980928
68.78781114581143, -10.341633813702861
68.91332775060113, -10.219780291380962
69.03787860255441, -10.096978140498631
69.16160222515646, -9.973300202791323
69.28423017059889, -9.848474885591758
69.40611493405004, -9.723099214995148
69.52681643267415, -9.596644186467806
69.64665497820087, -9.469284976859822
69.76528265894474, -9.340790032318237
69.88289715474995, -9.211345459317116
69.99921467372454, -9.080762504486385
70.11421021519652, -8.949269338060276
70.22811140095777, -8.816685577572946
70.34073165350596, -8.682945226550249
70.4520650249583, -8.548141690494585
70.5624554997094, -8.412280695274447
70.67109274256373, -8.275041755160554
70.77824361768566, -8.136955499089094
70.88375967847641, -7.997929798341581
70.98787204180584, -7.858161392645529
71.09027476131223, -7.717153963281945
71.19131989126319, -7.575188649357683
71.2910385234656, -7.432000104860516
71.38932570298324, -7.2874215680280905
71.48602259796424, -7.1417615910490735
71.58089034435864, -6.994757279971158
71.67403199055222, -6.846697520086286
71.76515690364009, -6.697374071923159
71.85437766988362, -6.546855856978762
71.94191806386351, -6.395379566068826
72.02764589072659, -6.242933896688219
72.11138343960144, -6.089473072962984
72.19319316429973, -5.935057872583673
72.27305352520777, -5.77959855870712
72.35091774360616, -5.623107582661288
72.42657862563277, -5.465503479761925
72.50007282553969, -5.306644294656052
72.57144020974802, -5.146896040437901
72.64074364363812, -4.986336916119694
72.70749617348491, -4.824581144668057
72.77211273761873, -4.662015906924877
72.83442022573614, -4.49854796849289
72.89401406109113, -4.334011951678034
72.95125045702515, -4.168849901483006
73.00622954350636, -4.002920489247155
73.05869794856554, -3.8358737280740174
73.10891220760692, -3.6680931718368477
73.15623050768356, -3.499721311807149
73.2010710679672, -3.3308169685825173
73.24339988305118, -3.1611433592195857
73.28335968970933, -2.9906909350181694
73.32073402844911, -2.819723673300568
73.35555399901025, -2.6484576532859245
73.38763224893692, -2.476896027938424
73.41668125858476, -2.3048364623943787
73.44303698759114, -2.1321237219003484
73.46662005223209, -1.9590027877060543
73.4874463163051, -1.785533774605249
73.50546655288446, -1.6117019379942512
73.52067339197384, -1.4376056502303172
73.53299744173911, -1.2631462960468645
73.54271489909866, -1.0885794247712726
73.54994068782312, -0.9141228574215015
73.55437420907171, -0.7394072024507352
73.5558489367251, -0.5644947368651837
73.55426106632135, -0.38972465101610265
73.54977586448877, -0.21491020309159947
73.54211200479953, -0.040220357349661784
73.53150145075723, 0.1342415817770663
73.5180914945403, 0.3087681429804894
73.50173760340849, 0.4831240486450473
73.48242662262975, 0.6569256983272665
73.46047630170703, 0.8302265036521076
73.43604487893087, 1.003300570175938
73.4087076163669, 1.1762649352287409
73.37852457043292, 1.348787074753333
73.34554288918335, 1.5205415538794187
73.30984526872238, 1.6916896931084298
73.27168365775391, 1.8622427409845481
73.23067490137676, 2.0322181770684526
73.18716296522469, 2.2016550313324075
73.14130780719725, 2.370391383281142
73.09281439419304, 2.538502688014445
73.042233749467, 2.70593357689177
72.9891791350126, 2.872475424708772
72.93386076788431, 3.0384054598239816
72.87633312951543, 3.2035674406814088
72.81652136313582, 3.367786147757685
72.75437083484834, 3.5312362124174146
72.6901512377931, 3.6939601881780235
72.62377314288888, 3.8558942038431123
72.55540632436956, 4.016966639167166
72.48513108307667, 4.1771521890828245
72.4130610028529, 4.336529786413707
72.3391764441629, 4.495152319466925
72.2633360395522, 4.652871811384293
72.18569686219767, 4.809686819559395
72.10650994588849, 4.965698087533598
72.02571254350151, 5.1206002097659296
71.94327194028304, 5.274693703050337
71.859080694778, 5.427896975982599
71.77361775809155, 5.580107946949956
71.6866171172208, 5.7314990541324216
71.59789926120666, 5.882342759337384
71.50787187993751, 6.032518470389321
71.41639863360005, 6.181525693686536
71.32357992625325, 6.329673915419405
71.22941366416022, 6.476944849894177
71.13405129697126, 6.623146109432565
71.03764637605083, 6.768497696633427
70.93999887038564, 6.913240642396363
70.84118468872862, 7.05746489757556
70.74122510109709, 7.200873821015201
70.64032933086737, 7.3436982366677
70.5385242917824, 7.485856071341857
70.43570444981324, 7.627275421887256
70.33204109810634, 7.768071401430714
70.22751010822508, 7.908244162886462
70.12196489169283, 8.047837663754338
70.01574635129094, 8.18676851698643
69.90878784387203, 8.325125723167266
69.8012338096577, 8.46301730011373
69.69306798342463, 8.600174600093826
69.58420466686411, 8.736920198351726
69.47460362816145, 8.873318134853157
69.36433678845997, 9.009306766768432
69.25339039146142, 9.144705801952684
69.14204508328419, 9.27945305396107
69.03032512038631, 9.413564841293624
68.91819867778567, 9.54701060911997
68.80551697490034, 9.680116831192768
68.6921544564122, 9.813027973701011
68.5781325861911, 9.945678853870538
68.46364925426046, 10.077981116328928
68.34870435833678, 10.209849459995414
68.2332736988521, 10.341259578519463
68.11753846514887, 10.472068219153599
68.00145373839719, 10.602620383872972
67.88474708066647, 10.732963915965895
67.76754485797834, 10.862821751609149
67.6498973511214, 10.992274757539434
67.53168933332888, 11.121212527747279
67.41314898124136, 11.249889103854642
67.2940942022583, 11.378134272335648
67.17463794610147, 11.505701173493774
67.05453558216102, 11.632768590227142
66.93370251980892, 11.75927580741146
66.81222520150389, 11.885271149897854
66.68999498934376, 12.01057920282375
66.56696937657554, 12.13498302817697
66.4429130488138, 12.258234500295845
66.31794616291735, 12.38059301054018
66.19297171671145, 12.503093067006525
66.06819401843433, 12.625555420954718
65.94377618162665, 12.748419254886436
65.81954445520107, 12.871546866233665
65.69583198171978, 12.995186943049342
65.57242662504366, 13.119330237337994
65.44946808324337, 13.243859972792109
65.32687208521558, 13.368724428851205
65.20490586054169, 13.494131707481728
65.0837314677632, 13.619986996197046
64.96316098794625, 13.746271733329726
64.84315546066547, 13.873457271077212
64.7241769319775, 14.00180005062418
64.60594454776175, 14.130780428566302
64.48833859520728, 14.26052204916677
64.3715124012365, 14.390868902331334
64.25551441119575, 14.521925448429387
64.14041691007823, 14.653745803705919
64.02606627753262, 14.786139067388715
63.91270100883365, 14.919301959895416
63.8002742017053, 15.053241230602884
63.68869853540698, 15.187892102074894
63.577995776194264, 15.323247656870985
63.46819478329054, 15.459303600994168
63.35928829114552, 15.596028889849824
63.25101370889913, 15.733516038984266
63.14372134924003, 15.87178624959134
63.03747787274308, 16.01057424338421
62.93224895882885, 16.150140056275077
62.827537272818674, 16.290388126886597
62.723787189535685, 16.43133093797791
62.62116242197585, 16.572793594756476
62.51984051659942, 16.714885340518578
62.41957474964992, 16.857432109418554
62.32006458223905, 17.00079448748845
62.22125728008896, 17.145304582562623
62.123096898745466, 17.29034134130053
62.02588247629818, 17.435715494956746
61.92957720117538, 17.58167602272795
61.8343469640755, 17.728332968913495
61.73992186268369, 17.875585009920503
61.64634820034008, 18.023442326222515
61.55381377316833, 18.171659766767544
61.46231892452662, 18.320377573691466
61.37141840683821, 18.469656448197583
61.28144044088367, 18.619831196725574
61.192087705430055, 18.770375902743524
61.10388577918934, 18.92140712470068
61.01615859151972, 19.072755866819282
60.92917948429934, 19.224478426224156
60.843043642533104, 19.376648927438744
60.758042608021434, 19.529423935760963
60.673578271990365, 19.682522584347865
60.58981736886548, 19.836033377193075
60.50713106279021, 19.989842757972138
60.42507058082872, 20.14404352009073
60.34351139937447, 20.298898685706057
60.2626287077277, 20.454158626126997
60.1822979439896, 20.609449214322304
60.102613250434175, 20.765062562442452
60.02385736583342, 20.92113639863551
59.94569520003191, 21.077622914837857
59.86820623673537, 21.234534474421636
59.79163058630299, 21.391885723677117
59.71564049471788, 21.54961404083864
59.64018834218999, 21.707469870794572
59.565385553844, 21.865628601564726
59.49128931544229, 22.024089861694954
59.41772877824456, 22.182773080890726
59.345015342247166, 22.341959473878873
59.27282243511768, 22.501317625844486
59.20120170264007, 22.660882971898566
59.13037402507422, 22.820703442429384
59.0600969339465, 22.980493730005854
58.990519442669964, 23.14051233956295
58.92110667405007, 23.300837857222888
58.85228309508739, 23.46145750391615
58.7838876606988, 23.622016385218412
58.71611664615179, 23.7830171398194
58.648643495823784, 23.944292055175687
58.58170503047649, 24.105897139199538
58.51512755387136, 24.26775869090181
58.44933995987024, 24.429863433065687
58.38390204932858, 24.592054243392973
58.319310364215895, 24.75440919923187
58.254928532384355, 24.916996559887792
58.190975411309, 25.079863186619715
58.12739157668487, 25.24283793241378
58.06414554283006, 25.405916958928984
58.00119935760437, 25.569132502440194
57.93906879527871, 25.732776396005633
57.877285595874504, 25.896421333899013
57.81575608348518, 26.060063323386583
57.75452051495678, 26.223981687486102
57.69365433791481, 26.388036189158388
57.6331989478839, 26.551980342692264
57.573069033943135, 26.71601280354406
57.51324271024148, 26.88012104338147
57.45372449697063, 27.044406697928558
57.39431170144152, 27.208971670037783
57.335096852140516, 27.37351796636443
57.27615884703855, 27.537898070557404
57.21728788825469, 27.70227509861783
57.158429527157374, 27.866635025789567
57.0995737143899, 28.031222764790943
57.040586158739266, 28.19598477550666
56.981606507982086, 28.360588383404476
56.92254670115519, 28.52505371856651
56.86338974315907, 28.689662711472238
56.804005369823145, 28.854336348613224
56.744973886496645, 29.018997638366304
56.68569870138181, 29.183412411765715
56.62609168664118, 29.347735190233543
56.56624604263535, 29.512070030228774
56.50609049532772, 29.67636878989386
56.44551926056204, 29.84052111171297
56.38470529185411, 30.00431825809262
56.32355393009273, 30.16780268305891
56.26204765811086, 30.331282573035477
56.20009881140509, 30.494897529921225
56.13758339066654, 30.658281764937463
56.075213775184274, 30.821454119421677
56.01225810692702, 30.984133412756165
55.94874374474068, 31.14667803166618
55.88443877449673, 31.30928033938746
55.81944272512471, 31.4719229101638
55.7534104854833, 31.634176185125334
55.68641762840465, 31.795770251562445
55.61835039850146, 31.956649335317145
55.549611173073735, 32.11697085161723
55.47980340708311, 32.276883608930305
55.40905421960309, 32.43669970517357
55.33689736205822, 32.595997600795165
55.263619720512146, 32.754860001149886
55.18946316985571, 32.91328449305556
55.11302119281064, 33.07061443013194
55.035311419576225, 33.22730142980526
54.955976093345484, 33.38314077450608
54.874949464694076, 33.53818833963203
54.79181052977149, 33.692126528362856
54.70762411514287, 33.84539449529427
54.62088946032211, 33.997282984443835
54.53193167514221, 34.14792878833952
54.44066993864509, 34.296959127979726
54.34748342792314, 34.444862135565366
54.25214207220327, 34.591446175201426
54.15332215460202, 34.73560060246255
54.05202426210585, 34.87815819208311
53.94850926384833, 35.019130217155315
53.84165705288551, 35.157547800525236
53.73250041436622, 35.29409176490916
53.62109880786671, 35.428804799844244
53.50568504397878, 35.56029022771471
53.38819595830249, 35.690004376311016
53.267678537879725, 35.816838883778466
53.14416816629146, 35.94070536249357
53.01847219317768, 36.06245300546946
52.88996472183485, 36.18108345403256
52.75937457122885, 36.29740871386442
52.62459093498248, 36.40883850063175
52.48828532906065, 36.51842211199615
52.349952447020776, 36.62573319084021
52.208326489390195, 36.72874021122633
52.06507583272736, 36.82926311831065
51.91920744314993, 36.92563402776074
51.771523699227096, 37.01922424223943
51.622454260238946, 37.11076736018125
51.47083015277169, 37.1978231338596
51.31736719104565, 37.281588705676015
51.162410852312675, 37.362914358622795
51.00547412745082, 37.44055668672818
50.84750181078936, 37.51595333014435
50.687412082600275, 37.5865328784278
50.52551023701742, 37.65293556840904
50.361839738461704, 37.71494750307527
50.19644031967281, 37.77229955280036
50.028969020329114, 37.82320127908045
49.85998034334367, 37.868487022351616
49.688553339901354, 37.90313372278307
49.51477642213737, 37.92265981614397
49.33987180356513, 37.923242725144945
49.165335786359016, 37.91312042090172
48.99198704453034, 37.89236972992077
48.8201607629536, 37.86104660064119
48.65050903064375, 37.81925717973553
48.48388034084468, 37.76721921788102
48.31885422315724, 37.70981369463659
48.15462755359837, 37.649453029382556
47.991249699184294, 37.58681993971224
47.82895321526999, 37.52147196133317
47.66751963363894, 37.4542523202026
47.50722666915106, 37.384980546778195
47.34795872607607, 37.31399263817171
47.18967971225689, 37.24142051136995
47.03202215545737, 37.1671676823431
46.87474434474119, 37.0912609631692
46.717964526119445, 37.013641776627985
46.56163150871652, 36.93490875644309
46.406184310664116, 36.85487268780294
46.251290091071795, 36.77362479972106
46.09695964068769, 36.69119947515111
45.94321448666412, 36.607591350286896
45.7899765303017, 36.522999426087544
45.637645688080305, 36.43729334484159
45.48587181853538, 36.35073096096715
45.33448477819873, 36.263103483888415
45.18355793561432, 36.17467016288228
45.033073916968114, 36.085442518807625
44.88312938197025, 35.99526887402983
44.7338147462233, 35.904515435847415
44.58500892951627, 35.812938628377744
44.436521041538086, 35.72063794275166
44.28821975033702, 35.62773302989757
44.14035801520878, 35.53406319852197
43.993017030955706, 35.43989783031449
43.84604449754566, 35.345018561098456
43.69937371958425, 35.24967497947974
43.553219967846054, 35.15361065158857
43.40726785479558, 35.0570527692924
43.26171338564415, 34.96008732044645
43.11648540099073, 34.86269622455066
42.97148399018448, 34.76464028436763
42.826752510720674, 34.666238418193224
42.68243014275767, 34.56758547832162
42.538329710817045, 34.468554602054844
42.39440470993638, 34.36903821748822
42.250632338669305, 34.26919212526743
42.107092222077256, 34.16895957311889
41.96377445956908, 34.06863266334624
41.82073094038929, 33.96801855706123
41.67769756385247, 33.86718148656923
41.53511727321785, 33.76582626773369
41.39290150273112, 33.664381993472624
41.250947878546675, 33.562608743796005
41.10922392188303, 33.460551194553496
40.96762391428908, 33.358224875369196
40.82624236121501, 33.25539371674555
40.68521624330521, 33.151968871234125
40.544533657895585, 33.04808576028126
40.40443315387056, 32.94344683711593
40.26458615778863, 32.83805801981914
40.12455881891512, 32.73288482462457
39.98465135232034, 32.6278441118081
39.844229915911306, 32.523767069652564
39.7032931838952, 32.4203652414801
39.56112317056074, 32.31826037567202
39.41816332237255, 32.217293243425935
39.27417025325105, 32.11824587584404
39.12919635536305, 32.021088346118965
38.98316596046628, 31.925983713301335
38.83602380034422, 31.832412782643942
38.68729147328629, 31.74080186947499
38.53670442288509, 31.652062242278422
38.385072721591186, 31.564845173402627
38.2320854319499, 31.48006426343132
38.077921380723, 31.397920601811297
37.922765339475845, 31.318125599186892
37.76630985419436, 31.240803252714894
37.60814357303467, 31.166524028272466
37.44852312756588, 31.09507208017839
37.28774547179151, 31.026377231980277
37.12604385228725, 30.959853387799267
36.96295788860871, 30.89661564643379
36.79880426023815, 30.83658043041168
36.633420508224646, 30.77974140246459
36.46666589428752, 30.726976978271622
36.29928654184397, 30.676140466087386
36.13086988033753, 30.628762297777623
35.961324687063716, 30.585660844160333
35.790989096252986, 30.545466610776096
35.6201139548729, 30.50836771681413
35.4485416315417, 30.47477757873243
35.27615206095221, 30.444894730162563
35.10306755602438, 30.419204598995794
34.92943629893422, 30.397331800849248
34.755425953072084, 30.37841756290574
34.581146223765934, 30.36363836597884
34.406718726148355, 30.35366759575246
34.23220932762905, 30.34807593710961
34.05756115443355, 30.3457813402036
33.882652619249015, 30.348270811000212
33.7078705455917, 30.356038533091535
33.53368694742896, 30.369516739038474
33.359723856877935, 30.386320601454397
33.18637558870733, 30.40926083816153
33.01377765751383, 30.43760895878033
32.84173012764135, 30.470564187310806
32.670713743111676, 30.508433242160073
32.50096632815349, 30.550612027853038
32.33248339376823, 30.597096177815516
32.16502763248126, 30.64732239944972
31.998532461479073, 30.701232119929106
31.83328564217223, 30.758865785648112
31.66927119052532, 30.819549319734566
31.506469777889915, 30.883053669060292
31.344798304804137, 30.949326483580325
31.18418993849188, 31.018239109552933
31.024446340804055, 31.089554881042524
30.865666252029083, 31.163251388948208
30.708143937590393, 31.239311303517926
30.55149961455059, 31.317203060132027
30.395967097413816, 31.397151008901012
30.24135998050454, 31.478899337004236
30.087747949043713, 31.562596799993976
29.935010439752975, 31.647899946573535
29.783096994604378, 31.734913142064727
29.632146366515496, 31.823469267175415
29.482362565545497, 31.913500776269284
29.333454656894755, 32.0049749879222
29.18536247236612, 32.09795741902375
29.037947467466815, 32.19226403399132
28.891506789545947, 32.28814169307878
28.745920195263665, 32.384902854150056
28.60130673028024, 32.483126045797974
28.457255766159477, 32.5825084637181
28.31393026180795, 32.68295168230245
28.171506673495635, 32.78450394857673
28.029833626530518, 32.88725681537703
27.888920590198865, 32.991036823894284
27.74885738883604, 33.09588029751365
27.60961952340559, 33.2017375503484
27.47123463283705, 33.30844504153796
27.33341608071249, 33.416198565110626
27.196293837958027, 33.52500600127547
27.059997544121817, 33.634498443952104
26.924298443690322, 33.74484239701701
26.789167630597994, 33.85616448420662
26.654829028165505, 33.9682702385221
26.521162671369574, 34.08100844882573
26.388330796151322, 34.19456170260076
26.256374251248815, 34.30894091591036
26.124542470167285, 34.42389206314772
25.993241426337114, 34.539684382661164
25.862643198822322, 34.65601196466909
25.73266412154866, 34.77289191457977
25.60326624224628, 34.89061923224057
25.474558589341267, 35.009286912607884
25.34645303547103, 35.12836923748687
25.219000277645588, 35.24819510869495
25.09194112121039, 35.36844963801946
24.96560389501963, 35.48913151510387
24.839792948324188, 35.61046245786488
24.714363824801552, 35.73244861947995
24.58952711260416, 35.855199536747534
24.46520411178875, 35.978439618353285
24.341509063756494, 36.102041048419466
24.218136552424827, 36.2258924349276
24.095319901263746, 36.350462737877685
23.972993492747015, 36.47548683518946
23.851105088343445, 36.60093537823898
23.729579368635115, 36.72673270075686
23.608477408723832, 36.852960021618756
23.48805407634983, 36.979858392674224
23.36802278139602, 37.107067072222925
23.24832394997544, 37.23484636361888
23.129056688914183, 37.36300569512272
23.010409165649328, 37.49139879202704
22.892158411242118, 37.620196029729755
22.774244135415984, 37.749415492979615
22.656808952017116, 37.878980752249056
22.5397453589398, 38.00895665381319
22.423285040068205, 38.139664181235
22.307300996779173, 38.27074715657073
22.191876228023126, 38.401990132723476
22.07704180667783, 38.533418159657806
21.96254230521787, 38.665273111127625
21.848371106966724, 38.79762499290216
21.734604347524872, 38.93055309241859
21.62121744292042, 39.06396889649428
21.508435470788225, 39.19765485504385
21.395973008926507, 39.33150925437493
21.283812302524176, 39.46561895316532
21.17184646883183, 39.600065472747666
21.060008108677536, 39.73463576320545
20.948332675709278, 39.86936859313668
20.836512837089128, 40.003990980391876
20.724733220243984, 40.138321705284206
20.612306817584372, 40.27202542441418
20.49967240179335, 40.40580003238605
20.38677297230679, 40.53944915491997
20.27368515475724, 40.67292214574436
20.16039965965936, 40.80635779361112
20.046893338946074, 40.93951855465663
19.933083060095917, 41.07235220049919
19.818950768523994, 41.20484072641356
19.704479308288885, 41.33682489272925
19.58934917546461, 41.46841536530722
19.47359434774252, 41.59954316154022
19.35741353357025, 41.73036115882775
19.240784525943322, 41.86082152609193
19.123927652537056, 41.99080265420868
19.005936365927845, 42.11990676882702
18.887131774321993, 42.24835471132395
18.767774367347506, 42.3762367481494
18.64754349418455, 42.50324435683145
18.568038132332898, 42.66164773672343
18.496701994629937, 42.829338968838265
18.434705991919007, 43.00600828758795
18.383244017519974, 43.19122024416665
18.343521325326602, 43.38440422167822
18.316741117959495, 43.58484568541489
18.30408931175049, 43.79167843111675
18.306717476365364, 44.003878117565044
18.325723983459888, 44.22025739106757
18.3621334410456, 44.439462927309926
18.41687453822143, 44.65997472959653
18.490756478452973, 44.88010803051981
18.584444238312365, 45.09801814532661
18.69843295197207, 45.3117086183924
18.83302178897449, 45.51904298793331
18.98828776280379, 45.71776046705848
19.16405997920051, 45.90549580021605
