-3.8850000000000002, 14.054999999999996
-3.8834075132938244, 14.05307282951883
-3.878710455169138, 14.047225809516853
-3.8709789195483673, 14.03740372536846
-3.860257107610407, 14.023572866396632
-3.8465892790416594, 14.005699976552215
-3.8300171861718684, 13.983754246101364
-3.810554744426784, 13.957726144891536
-3.7882634241764643, 13.927570802910585
-3.7631426842174083, 13.893289692359174
-3.7352476492182793, 13.854843482412809
-3.7046097565366845, 13.812212578301205
-3.671185608036036, 13.765429041845989
-3.6350285988030797, 13.714453472729662
-3.5961394501999693, 13.659299945714404
-3.554547207864978, 13.599948649222945
-3.5102168820460786, 13.536413290480251
-3.4631688522706328, 13.468681038939442
-3.413478965642224, 13.396702107759515
-3.3610692449729282, 13.320545538989169
-3.30600391341184, 13.24017060183674
-3.2482146997536874, 13.155608758158362
-3.187701207908413, 13.066877810837973
-3.1245071642314155, 12.973964783014397
-3.0585416084516663, 12.87692119415086
-2.989871881085381, 12.775702740335399
-2.9184761727705006, 12.670325793836794
-2.844506601865403, 12.560685344788219
-2.767679553905295, 12.446986682021013
-2.6879989367184347, 12.329231004373572
-2.605766529095488, 12.207196837372127
-2.520820408595489, 12.081049054963675
-2.433513149506924, 11.950614535405991
-2.3435260900875368, 11.816214305522255
-2.2511440860654104, 11.677603093221213
-2.1580040375939293, 11.536526020057904
-2.064825644117093, 11.394407020715537
-1.9708348233905542, 11.250538465832388
-1.8763567237299672, 11.104969362080839
-1.782327685057695, 10.958219514148428
-1.6883446105271114, 10.810950743483499
-1.5951248566925058, 10.66293369936808
-1.5019282854185485, 10.514943271360455
-1.4091307007147238, 10.366745836241476
-1.3170784721175985, 10.218108659829293
-1.2255458821589487, 10.069174608010531
-1.1344679988007424, 9.920095080657077
-1.04371272556497, 9.770589933839137
-0.9537881705727851, 9.62051381221098
-0.8644384404794101, 9.470383800628412
-0.775641934952798, 9.320058954623065
-0.6868345054608764, 9.169541907330824
-0.5983866657363028, 9.018577137369668
-0.5104440914547196, 8.867306907954012
-0.4228637552376132, 8.715762665503101
-0.33617068278992945, 8.563751928862933
-0.24998281773542505, 8.411715434626164
-0.16425845066582911, 8.259374021634171
-0.07901204350268656, 8.106724160810373
0.0058497354952978114, 7.953847232511074
0.09033345417299714, 7.800561119377134
0.17444500607463764, 7.64696228095581
0.25804861813125163, 7.493188083344933
0.3411084176702892, 7.339403542040078
0.4236579361987796, 7.185536098464908
0.5058697409198538, 7.031346905987071
0.5881246073386406, 6.8771315625604945
0.6700137346597906, 6.722651807984287
0.7515856149091416, 6.567863668105594
0.8327993669531132, 6.412803445431424
0.9136735775039281, 6.257447228234745
0.9940874190794569, 6.102028334305863
1.0741043573682274, 5.946507222181035
1.1537684301835542, 5.790859456582108
1.2329802605895475, 5.635213587101885
1.3118600721825755, 5.479402580977653
1.3905454982584815, 5.3232716670419675
1.4693408627139501, 5.167038752314666
1.547803450133222, 5.010705996666149
1.6259855226436026, 4.854255442619644
1.7039237406027177, 4.697642409481169
1.7816186045178213, 4.540919995397371
1.8591378661043816, 4.383913230246536
1.9365477440480827, 4.226677152104788
2.0137755934373027, 4.069448339393122
2.0907590825489746, 3.912378099410851
2.1675053796704824, 3.7554662770118643
2.2441511612116973, 3.598464363306331
2.3208327055573656, 3.4411752722196005
2.397522762835131, 3.2839010267091098
2.474039783575865, 3.126820558336981
2.550576492634546, 2.9699981158310313
2.6271897280584366, 2.8130043761510826
2.704214668644737, 2.6557391156619223
2.7812994314887134, 2.4984668428473413
2.85827889420911, 2.341400582660543
2.935341828672602, 2.1846537931028083
3.0126355077359, 2.0280411805977376
3.090015704739154, 1.8712606947939863
3.1675393220617702, 1.714598798025749
3.2453086619035103, 1.5582620436236105
3.3233028369888893, 1.4018526945448218
3.4023419857190977, 1.2458437695919011
3.482089442365756, 1.0902139082241855
3.562174991469286, 0.9347875948340073
3.6424923576485617, 0.7797264540415261
3.723781213683079, 0.6250736087558769
3.805663351297007, 0.4706464457813211
3.888501276637299, 0.3166902546164723
3.972239324384283, 0.16320251675146646
4.0563571642182925, 0.009803373997666842
4.141603594351844, -0.14326105155300303
4.227798360406707, -0.295709585407942
4.315779886185199, -0.4470351260356065
4.404952875585156, -0.5975292563124963
4.494926915557553, -0.7474392932022144
4.586337578440935, -0.8963717262303407
4.679754881581457, -1.0441067571412566
4.774564425177793, -1.1912099504265308
4.871502919723778, -1.3368271065782893
4.969947178721037, -1.48122118553747
5.070014424927165, -1.6244047756284627
5.171890677882505, -1.7661942405123912
5.276254178888268, -1.906267520130271
5.354716349597934, -2.0625354497851287
5.463116818330947, -2.199632911906716
5.573744888629521, -2.335009761470828
5.687031353579009, -2.468259124434394
5.802624153626453, -2.599479567686666
5.920580817714261, -2.728526358054471
6.0414851028098715, -2.8549310240603405
6.164838746745367, -2.9790644681663916
6.2908414225651486, -3.1003420290330554
6.4199497256020885, -3.2184936747826463
6.550863580024768, -3.3346649757273568
6.683951900738336, -3.4482638440379394
6.82048117650646, -3.5577248244331416
6.958654378433924, -3.665090735231894
7.098951684678703, -3.7696595996837776
7.242140364666203, -3.869990961092874
7.387237375656104, -3.967616200583603
7.534588568152057, -4.061893832481634
7.68424118206095, -4.15245457345095
7.835944688497235, -4.239795205236656
7.989734485890426, -4.32328337718738
8.145025962325949, -4.403625881275535
8.30192241342782, -4.480760875957732
8.461021967297276, -4.553538611054856
8.621883278534606, -4.622691887581138
8.784516816182842, -4.687785276767514
8.948758842436426, -4.748779997600438
9.11438051670721, -4.805748829541716
9.281335008142593, -4.85830664669976
9.449530149205682, -4.906302200101671
9.618798980862419, -4.949878845999153
9.789220440221456, -4.988227867230453
9.96070513873958, -5.0210922398055775
10.133107249716254, -5.048464891776182
10.306996245103738, -5.06411258815689
10.481580416662261, -5.070257408546213
10.656273320010545, -5.061974519708952
10.830029842091049, -5.041135141333622
11.002913614168438, -5.013871123580933
11.17516522881453, -4.982628380916657
11.346640190271174, -4.947800454145091
11.517253133508518, -4.9098905279980585
11.687039636389354, -4.869492626638269
11.856331172029451, -4.826634377588487
12.02523372915041, -4.781644293230057
12.193733744391377, -4.734902294157977
12.36190163493189, -4.686361839566166
12.529616227325485, -4.636350651106039
12.696843219392996, -4.584873562842405
12.863590843228495, -4.532241362521494
13.029873983821965, -4.478256956782311
13.195824187740104, -4.42336329160762
13.36124897073918, -4.3675217568582365
13.526457988337055, -4.31072948883216
13.69152539737121, -4.2530721380735175
13.856449792144621, -4.194599068805393
14.021129817907262, -4.135210777642066
14.185502412712141, -4.075475825739359
14.349639365801847, -4.015004627851627
14.513647769446223, -3.9539180924887645
14.67732479735857, -3.892325907232828
14.840812436112024, -3.8303352705847553
15.004052660871967, -3.767847625966195
15.166851576917542, -3.70490655034334
15.329495150770263, -3.6415946371529135
15.492261821232708, -3.5778413275561745
15.65491587648469, -3.51369915696483
15.81745685744387, -3.4491954795818374
15.980114650900044, -3.3843285515809396
16.1426012203935, -3.3191263285029686
16.304718783606017, -3.25361375020213
16.46662576065739, -3.1876333988823995
16.6283708872308, -3.1213147907952754
16.78999603239018, -3.054555572576939
16.95153211799423, -2.9874257095553354
17.112951006649684, -2.919804817744368
17.27435329284044, -2.8519968971195557
17.435277959636277, -2.783700567592465
17.5958612447068, -2.714849483838224
17.7563137896121, -2.6450979627852904
17.916631173577482, -2.574532419754881
18.07636264067247, -2.5029698795401476
18.235400420560218, -2.4304794677643353
18.39370948938077, -2.357003112100347
18.552120098471452, -2.283687375817779
18.710897286710566, -2.210455993638451
18.87005799975977, -2.1380045636982534
19.029528417779378, -2.0661019401855163
19.18952850590626, -1.9951197669697573
19.350013734572308, -1.9254619528326977
19.511146063692163, -1.8574305803608189
19.6728213324337, -1.7911054461321143
19.83508809844739, -1.726156254601738
19.99812181118718, -1.6625810604761884
20.161739703051484, -1.6003644140137634
20.3259184646554, -1.539754429831265
20.490743554877895, -1.4809574850704113
20.65631042636444, -1.4242597198347104
20.822565821730294, -1.3699401810921117
20.98917777381549, -1.3173905332909284
21.156427413557623, -1.266769496848288
21.324254695282452, -1.2179548084310512
21.49270273720765, -1.1709903797001684
21.662008067709202, -1.125920683029814
21.831798478374765, -1.082759632318715
22.001902381220592, -1.0419091380048489
22.17232066777251, -1.0035129398068134
22.343176217508, -0.9670217884543508
22.514590191448484, -0.932938096491635
22.686595899810634, -0.9013593592051296
22.859038112325397, -0.871845832819853
23.03181494914125, -0.8448374722207381
23.205013962579105, -0.8203239840680068
23.378548873309285, -0.7980663240826441
23.55225607517559, -0.7779955114850999
23.725978558702916, -0.7603830558972808
23.89966237549606, -0.7450061716904918
24.073477244309068, -0.7320256522363862
24.247811951832166, -0.7214072132813771
24.422449416046895, -0.7131843004503275
24.59720778735295, -0.7073024253495855
24.7720603216032, -0.704003904631483
24.9469375585802, -0.7029320156961776
25.121811838809077, -0.7042102269903409
25.29650127516086, -0.7074894291039509
25.471214318199724, -0.7129521794410475
25.64582347698386, -0.7208416082537119
25.820316901380913, -0.7306152027863518
25.994938232241, -0.742659861395855
26.169431317487618, -0.756938730856294
26.343476653185487, -0.773445313359066
26.5170497767221, -0.7921340425235346
26.690413868028106, -0.8130111819455527
26.86356867551035, -0.8361185802442248
27.0362430926518, -0.8611202126806099
27.20862366531905, -0.8882710260732549
27.381002616738165, -0.9174742065609653
27.55304347936194, -0.9488922082426391
27.724799816162033, -0.98193201563145
27.89636624629966, -1.0168903098296842
28.06751066816275, -1.0534773114647298
28.23804108749003, -1.0920410286072424
28.40796282798279, -1.1324440535940354
28.57754304482513, -1.1747975397300505
28.746854651795022, -1.2189232388040463
28.915594821535173, -1.2648760751587442
29.083893941133272, -1.3129378432448346
29.25180437896002, -1.362810145406728
29.41914431853442, -1.4143860637900314
29.585818559734278, -1.4675356643698645
29.75171342187739, -1.522277574395165
29.917086502884246, -1.5788201587048518
30.081905017439695, -1.6371958821526769
30.246209245128146, -1.6972263075974627
30.4100081922361, -1.7588389199887704
30.5730561206243, -1.8222385280440303
30.735514712164928, -1.8872184267886347
30.897341822182522, -1.9536630867993254
31.058451399708126, -2.0215419464292412
31.218989647569472, -2.090696487495135
31.378821126093108, -2.161386836789138
31.537970956916066, -2.2335900278591416
31.696656071238532, -2.307400394662969
31.854597054324948, -2.38284655835476
32.01177179605722, -2.4595702223536935
32.16813809916181, -2.537601262610024
32.32385164819136, -2.616830360929502
32.47882822840086, -2.6973973398391617
32.63305017161711, -2.7790896009282124
32.78691978360793, -2.861940693067343
32.94002577377168, -2.9464656065414165
33.092257211339266, -3.0325669787221865
33.243796404831514, -3.1199367839281305
33.394691503257626, -3.208461160938041
33.544948782870776, -3.298089919219812
33.69444622554879, -3.3888470265069177
33.84319588413111, -3.4806702495258133
33.99097850276705, -3.5736594800168846
34.13832595507893, -3.6676754585681763
34.284933554459414, -3.7631471032634254
34.43070263974018, -3.85991048849726
34.57561485051246, -3.95795423701578
34.7197483843783, -4.0568838703975425
34.86303899016388, -4.156737666575562
35.005775216738364, -4.257587698369723
35.14802895895251, -4.359519717506097
35.289416982547515, -4.462600644362965
35.43020351062181, -4.566594320382672
35.57029452048867, -4.671441464329687
35.70960832768405, -4.777257082037847
35.848102717107324, -4.884078733397955
35.98582624311211, -4.991690194914976
36.122977162642286, -5.100270430790175
36.25944307241895, -5.20987427545735
36.39523534617491, -5.32021479059265
36.5300996026545, -5.431467322042698
36.66438542040882, -5.543427517556808
36.79816875276787, -5.656380898315973
36.93127825614969, -5.77012290135557
37.06351121483805, -5.8845081277154225
37.19494614491795, -5.999511733141864
37.325966754925695, -6.115224895956524
37.45630609438681, -6.231869890906328
37.58590480430439, -6.3490984163117
37.714897013291, -6.467060208588913
37.84328464080603, -6.585706593737896
37.97095690638206, -6.705179629357861
38.098182504661985, -6.8253398996435815
38.22480235651319, -6.9460188590171805
38.35076033447578, -7.067374318104153
38.476152946354006, -7.189300146792935
38.60069463301252, -7.311739042161237
38.724779983540444, -7.4346537449452175
38.84827246399821, -7.558208171010615
38.971138182225815, -7.682432732592101
39.093549905687105, -7.807309969152292
39.21549057678313, -7.932659460724666
39.337018067395306, -8.058571488138522
39.457989481287186, -8.185011795262747
39.578374880552, -8.31166950806263
39.69807752859201, -8.43898521490107
39.81752743146448, -8.566895495240855
39.93651378404293, -8.695239677095213
40.05485802582933, -8.823898045600654
40.17264039589199, -8.95314687333705
40.28992881708714, -9.082858807549847
40.406803088222375, -9.21294933559263
40.52320288388743, -9.343482647506539
40.63919426269186, -9.4743469802092
40.7546868518037, -9.605607065976354
40.86977156977839, -9.737165673475706
40.98436090583981, -9.869096926054471
41.098637017477024, -10.001348536615177
41.21269953747538, -10.134142618355417
41.3263109837141, -10.267308395997267
41.43943818632421, -10.400662919938089
41.55202282902114, -10.534249777868215
41.66422990565777, -10.668245534355234
41.77607946826305, -10.802656266851363
41.8875680446736, -10.937384328608484
41.99863265482671, -11.072452820625706
42.10939952370345, -11.207870175330864
42.21978406611495, -11.343703663954274
42.32961836042827, -11.4796628354888
42.438951756838726, -11.61570943877859
42.54807454246714, -11.751996275156591
42.65697611255353, -11.888643085534431
42.76572423958914, -12.025576853045578
42.87453820841877, -12.162816803672817
42.983315773130066, -12.300075258184314
43.09129529465913, -12.437781485554344
43.19921898361694, -12.575350576842279
43.3073906193867, -12.712729749574564
43.415436076833466, -12.850366117527875
43.52386328933206, -12.987536704852513
43.632849917864064, -13.124285766490631
43.74182497806983, -13.26115573908604
43.85148863320847, -13.397431659875318
43.961359333372215, -13.533611893456936
44.071750131408336, -13.66925300406156
44.182334376493884, -13.804686981373644
44.29381177831802, -13.93933694390608
44.40556061873423, -14.073766548879078
44.518452936083676, -14.207243614977154
44.6317812009529, -14.340359023916726
44.745827812607935, -14.472866247406266
44.860694370016724, -14.60475221866151
44.97652127823273, -14.73597798804624
45.09310614283998, -14.866289309953281
45.210359228086666, -14.995928110854482
45.3288424220069, -15.124760747073001
45.448480738846364, -15.252571619485012
45.56896080393362, -15.379261338424953
45.6904575805489, -15.50464535607492
45.81305946726598, -15.629067573550412
45.9374240055594, -15.752008147122943
46.06288521074434, -15.873852412004094
46.18982814993936, -15.994011665359972
46.318073351668225, -16.11272631523349
46.44811491693221, -16.229696991830625
46.57953005898839, -16.34502926475227
46.71224676748094, -16.458825383982568
46.846339772218016, -16.57101186075449
46.98215747601699, -16.681199249445022
47.11983806099002, -16.789091992956703
47.25872698252961, -16.895131519084856
47.399677778247025, -16.998578009976427
47.542224410892274, -17.099857362398197
47.68605771781496, -17.19931556552973
47.831454089993706, -17.296687050215585
47.97840648996181, -17.391602880289163
48.12727042741321, -17.48367494426413
48.27771424879124, -17.573387700020554
48.429604590615426, -17.660520008241733
48.58299106566635, -17.74463126517193
48.737283285482704, -17.826679334180966
48.89310545480925, -17.905957720564007
49.05060812858786, -17.98187372809262
49.20956771548548, -18.05418901073431
49.36962730501038, -18.12353245080102
49.530835392731, -18.190276134340216
49.69340640565598, -18.25470122199851
49.8575011345599, -18.31544519426173
50.02244261310306, -18.373097632708312
50.18845183264638, -18.42720786973803
50.35569110084056, -18.477772974509623
50.523913793301894, -18.52550662939098
50.6931770817803, -18.569978619563052
50.8633984982932, -18.61119179185449
51.034448827226505, -18.648542543236008
51.20603832593908, -18.682257761691297
51.37821685540657, -18.712319230593444
51.55118887040766, -18.738603604727423
51.72483101025272, -18.76094103512821
51.89879030905826, -18.779310024302617
52.07301638891552, -18.793852215311023
52.24764465989777, -18.804317954480947
52.422645161121046, -18.81038557453133
52.59769969817214, -18.81235439040153
52.77250330981245, -18.81030542853111
52.94718350208177, -18.804502641154222
53.12183484258972, -18.794668741679533
53.2962660225185, -18.781469611356865
53.47031805993324, -18.764750716884905
53.644140991409365, -18.745079120894673
53.817558644389116, -18.722360042447672
53.990555758091205, -18.6969674515027
54.16307795655678, -18.668811873930174
54.3349689221083, -18.638114380980596
54.50659629682925, -18.605049566514822
54.67790893728366, -18.5696615352999
54.84863128366628, -18.53196641960926
55.019014685809935, -18.49213432433995
55.188943431979276, -18.450343435745374
55.358282731723044, -18.406587847356263
55.52702789278947, -18.360942182120127
55.69536017727708, -18.313582787695267
55.863254061391096, -18.264485724267523
56.03036036703231, -18.213623420949176
56.19715070349007, -18.16140558691333
56.36357253116343, -18.10770532421823
56.52929572744394, -18.052480477335102
56.694547920988235, -17.995726195457674
56.859270170159824, -17.937499552860835
57.02341452383917, -17.878215910344746
57.187253719654365, -17.81746415521228
57.35070445395845, -17.755229815363336
57.513748455526986, -17.69199252673956
57.676425932875716, -17.62739637750665
57.83860645490049, -17.561752945543024
58.00009830843893, -17.494931541924487
58.16094348603646, -17.427066641344926
58.32139836261367, -17.35811143930223
58.481540960651586, -17.28826357520225
58.641314315714986, -17.217388530983897
58.80059827971274, -17.145237061937735
58.95943302399937, -17.07203946263203
59.11782765228282, -16.99783260837772
59.275672721047854, -16.92274090457267
59.43324735001904, -16.8468599698767
59.59030916637375, -16.76999756085897
59.74677538701912, -16.692238337822147
59.90295219925966, -16.613555258620444
60.058760897625625, -16.53375944772617
60.21412018463996, -16.45316424484719
60.36898851725589, -16.371926261402336
60.5234057119121, -16.289879972555784
60.677400940103034, -16.206883411670773
60.83098797649808, -16.12307613367171
60.9841655940558, -16.038532305100254
61.13693965692895, -15.95316697889076
61.289201139674525, -15.866966933249238
61.44115079668371, -15.780256225795227
61.592603954184426, -15.692738010510956
61.743516562184084, -15.604463078913533
61.894013986016304, -15.51549088114541
62.04418222744679, -15.425799261347983
62.194029292016346, -15.33523084313304
62.34335315359121, -15.243947470644462
62.49214927641706, -15.151998697031368
62.640618698379065, -15.059688672801142
62.78839720673396, -14.966554451267804
62.93599473072819, -14.872699688450245
63.08310646285279, -14.77781836232026
63.22961199643636, -14.682444885862203
63.375549316239656, -14.586639965602975
63.52104105002849, -14.490306698967004
63.66635460102278, -14.393285065873712
63.811645944512144, -14.295607540255219
63.95637682211646, -14.197046289383525
64.10042358432146, -14.097916007547289
64.24396805420692, -13.998437802178305
64.38706150556807, -13.898217182464156
64.52986194324589, -13.797532774903353
64.67254500556285, -13.696487924394503
64.81503993252912, -13.594984541820612
64.9570254112974, -13.492854423819804
65.09893480898978, -13.390414602191305
65.23996827833122, -13.28690951712787
65.38068291025678, -13.183240515832454
65.52106623674808, -13.079022483239397
65.66125478768555, -12.974462602556773
65.80085411784434, -12.869403284898159
65.94015525342765, -12.763852110787546
66.07902950706848, -12.657640921886951
66.21744100350035, -12.55084689659232
66.35517735744054, -12.44296396535593
66.49230151002878, -12.334466734322728
66.62873407108214, -12.225501262745171
66.7651597937229, -12.116257525425311
66.90122471928012, -12.00629391650488
67.03665594207565, -11.895943436600882
67.17158554379535, -11.78493045202729
67.30605581546214, -11.6733120552222
67.43982146716823, -11.561145712288317
67.57311757188958, -11.448423382330123
67.70593516192449, -11.334621594081852
67.83784278562213, -11.219543631814945
67.96892994769999, -11.103909493007011
68.09943227666338, -10.98769395768806
68.22930752162019, -10.870632209631705
68.35834221674709, -10.75263365105875
68.48662001797705, -10.63369293482763
68.61429235569712, -10.513963743544005
68.74105076658239, -10.393454250249789
68.8667153947664, -10.271995453052
68.9917229500635, -10.149737870085149
69.11576048562037, -10.026541222261995
69.23878034386684, -9.902216407957365
69.36116352041888, -9.777153363882073
69.48237097158496, -9.651061130988285
69.60281748683626, -9.524075110072433
69.72227762293535, -9.396185855974442
69.84054160634611, -9.26721410126663
69.95775537871914, -9.137195332072519
70.07350608550506, -9.006049563730095
70.18807678163658, -8.874073231638624
70.30136069030078, -8.740934546563341
70.4133229950915, -8.606686907291774
70.52419710782695, -8.471593510287903
70.63351336572171, -8.335102111003216
70.74150261112248, -8.19740366646693
70.84797431122568, -8.058382180325067
70.95311582280071, -7.918399799593517
71.05666036007906, -7.777459547703024
71.1587765968557, -7.635706871558359
71.25943401441933, -7.492821357760697
71.3587022982412, -7.3486110534316
71.45635033456827, -7.203315814685526
71.55199037483725, -7.056960564080099
71.64596892710186, -6.909689612068189
71.73778052254006, -6.761241772968367
71.82775332906766, -6.611907099813401
71.9162119620986, -6.461371920829424
72.0028063264977, -6.309516215729739
72.0876087092983, -6.156530797499312
72.17050475456922, -6.002379862225298
72.25142942191302, -5.847462549947892
72.33035021829599, -5.691566558385541
72.40710233287594, -5.534366895537352
72.48169649031854, -5.3760416635885635
72.55417072181359, -5.216824285039349
72.6245464588309, -5.056609996939235
72.69243930336707, -4.895363339966608
72.75827499657214, -4.7333975255640235
72.82174392927784, -4.570615368900491
72.88266019092478, -4.406820919025606
72.94114800615604, -4.241930395898489
72.99733940271916, -4.076166294205449
73.05121363866614, -3.9097350755588733
73.10251091496731, -3.7425226910139204
73.15151264771868, -3.574565065898173
73.19768476781469, -3.4058068734075424
73.24144542193959, -3.2363504158710104
73.28263143767697, -3.0663482810292986
73.32137265244054, -2.8958315468250526
73.35748267035933, -2.724753139072842
73.39089150682511, -2.5530750291329163
73.42155295526808, -2.38089179421139
73.44945584052897, -2.20845170675306
73.47459583885859, -2.035469042201662
73.49695749487181, -1.862027642615994
73.51651573191333, -1.6884785854380768
73.53337429495143, -1.5146421065670677
73.54694027321733, -1.340199326717972
73.55800184213159, -1.1654966120048
73.5665884376545, -0.99081632455404
73.57226069548169, -0.8161477214810909
73.57525361132592, -0.6414015039672403
73.57516752926948, -0.4666495142139666
73.57215117042817, -0.29214315868504903
73.56596953603962, -0.11789018964360917
73.5568599801029, 0.0564082977561044
73.5449588419083, 0.23089723973787363
73.53004410151492, 0.40543015333722593
73.51217973932738, 0.5797267529406491
73.49161049490067, 0.7534731968842394
73.4683699781526, 0.9266303550915201
73.44251571322083, 1.0994022863395632
73.41399228197827, 1.271923114788089
73.38264041849479, 1.4438845921091692
73.3486299235413, 1.6151437907872845
73.3117665869768, 1.785938114554724
73.2722975097133, 1.9562638797916576
73.23011438769653, 2.1257627471370713
73.18554009285637, 2.2947759516504407
73.13850202679681, 2.4632877318259694
73.08906983465484, 2.6312209356169123
73.03727559504433, 2.798470989238126
72.9833044637793, 2.9647773438448435
72.92706740223194, 3.13007599232101
72.86843328765752, 3.294411349530328
72.80755132735963, 3.4580990189273164
72.74447879942267, 3.6213027215894598
72.67932096199198, 3.783811610820096
72.61204450176068, 3.945398467621204
72.54281446306787, 4.106019672411622
72.47175776683267, 4.265643969890487
72.39892565766485, 4.424568883310144
72.32424145817959, 4.5826580802065395
72.24765039989785, 4.739800987825311
72.16928931487588, 4.8960373346566595
72.08920965695174, 5.051126645846682
72.00766007098566, 5.205571677203637
71.92419250596645, 5.359360945733202
71.83906981723848, 5.512407001644357
71.75257475125031, 5.664591203130497
71.6646436149955, 5.815726474325805
71.57529120986597, 5.966007666790657
71.48448929526735, 6.115334346082843
71.39229593241221, 6.263823001310505
71.29877784015416, 6.411739148023646
71.20375922873698, 6.558734934916406
71.10761791197842, 6.704973110270569
71.01035422435817, 6.850346511642202
70.9118018426311, 6.994802995479895
70.81216802233233, 7.138754794989472
70.71155645021005, 7.282074527735279
70.60990722874325, 7.424433654001415
70.50754059662172, 7.566042884915892
70.40419437256868, 7.706791787936077
70.30000200173137, 7.8469629197347945
70.19493915272432, 7.9865022169773345
70.0890462219772, 8.125503190795664
69.98235000040424, 8.263950195484506
69.87486937684143, 8.401839661141112
69.7664983515222, 8.539305881054675
69.65747039923646, 8.676203670623234
69.54792369120447, 8.81236600737818
69.4378523813968, 8.948009727546987
69.3269766205637, 9.083209407619352
69.21553502582007, 9.217927710765478
69.1035368236845, 9.352209103733996
68.99093197377248, 9.486063760032202
68.8780567916699, 9.619529778382601
68.76456400727271, 9.752722492938073
68.65037053491321, 9.885456126430785
68.53582393321375, 10.017554420685299
68.42095965206225, 10.149325892894005
68.30539720093579, 10.28070747006637
68.189512567761, 10.411744698049436
68.07327610921097, 10.542136125221761
67.95675644631523, 10.671940207218244
67.83975655369545, 10.801301365471584
67.72220174477329, 10.930585691777583
67.6040763596894, 11.059449736563318
67.48544782280229, 11.187896198198857
67.36622823135748, 11.316090601342388
67.2466162063566, 11.44382854199974
67.12650922398119, 11.570955161041221
67.00585951013302, 11.697420092744805
66.884624071703, 11.823097145108013
66.76279050550299, 11.947967689766763
66.6403324010032, 12.071876171489844
66.51687246346872, 12.194984709129775
66.39234771182416, 12.317708807418434
66.26719235259316, 12.440242532557452
66.1421809234775, 12.562970194622247
66.0176594624769, 12.685935185709354
65.893417773418, 12.808844562886136
65.76952640728715, 12.931889069993602
65.64599427654, 13.05523206266439
65.52269443629667, 13.178985840004579
65.39965646111023, 13.303342178908126
65.27735255310108, 13.428397482798177
65.15570995156435, 13.553886781169432
65.03443717563131, 13.679814456078688
64.91378846666306, 13.806505177401338
64.79392034383571, 13.934128633576822
64.67491927542353, 14.062534746778805
64.55689691343106, 14.191502674881509
64.43985902693326, 14.321027897322448
64.32352568086976, 14.451129512499161
64.2078503507246, 14.582180884866935
64.0928089276561, 14.713948748867725
63.97865652364469, 14.846556222898062
63.86544314526887, 14.979962547811677
63.75311695375068, 15.11403598668423
63.64168682888027, 15.248774767319862
63.53111374197568, 15.384238254489313
63.42127969878527, 15.520368407540321
63.31236582703783, 15.657238730340842
63.20448142485454, 15.794878972651508
63.09756221626987, 15.933201165911395
62.99138671347448, 16.07241942641104
62.88616549125722, 16.21243853920885
62.7818721278052, 16.352838857247413
62.678644517063475, 16.493714790078588
62.576622568734706, 16.635209624028793
62.475372428340776, 16.777513442320476
62.375003391807894, 16.92065137837008
62.275562823480065, 17.06451524207975
62.17669276614756, 17.20902282929532
62.0786116283164, 17.353992785821486
61.98166355655516, 17.499492189940195
61.885945744101626, 17.6455262685541
61.79117984506515, 17.792098522194312
61.6969966237577, 17.939310579732844
61.60369204839445, 18.087129828162873
61.51138712653559, 18.235602538353348
61.4197954648745, 18.3845842779348
61.329253923715214, 18.53415291638358
61.23936772033609, 18.684155573366397
61.150468895632386, 18.834803634516167
61.06225308666711, 18.98577836242799
60.97488489018597, 19.13722908471594
60.888427760582104, 19.289186582507842
60.80264907777341, 19.441588617060436
60.717676791350144, 19.59450128117346
60.63324441383669, 19.74770197227
60.549599612512054, 19.90155613906952
60.46679458894908, 20.055878620352495
60.38468877659115, 20.210363420138624
60.303458589230225, 20.365168511370236
60.223016162558935, 20.52023776753764
60.14323353893251, 20.675789064442966
60.063873383427136, 20.831705631098394
59.985358852029336, 20.98800833549054
59.90782093630321, 21.144747589858802
59.83072220438691, 21.301641104830175
59.75457536171642, 21.458953681106593
59.679159741359214, 21.616451629995524
59.60421166050214, 21.774277929017106
59.529764070218754, 21.93261094649
59.45593607810113, 22.091389307191157
59.38263724361778, 22.250382543165568
59.30990202169066, 22.40943765346918
59.23808769222264, 22.568642626530256
59.167174546007374, 22.727978107858497
59.096854906177505, 22.88768157545318
59.02694727315418, 23.047708317828576
58.957488121008645, 23.207705477112
58.888659987718874, 23.368032951554834
58.819796427616744, 23.528738641303303
58.75167600351229, 23.689840276334316
58.68396226017624, 23.850848676092546
58.61702517603441, 24.01197040437186
58.55075017965808, 24.17348725871643
58.48483236256091, 24.335242184059318
58.41966784159129, 24.497230690028857
58.354742280941174, 24.659548742050422
58.29012807244041, 24.822087431577852
58.22593872029183, 24.984731852177656
58.1620728817357, 25.147570639039262
58.0985446947298, 25.310599542071916
58.03581186276857, 25.473882788933846
57.973417457717005, 25.637324639202593
57.91137385226637, 25.800880354302034
57.84975302299526, 25.964337080899604
57.788365294760126, 26.1279032421731
57.7273474876657, 26.291621255402706
57.66694835539755, 26.4556087800931
57.60682421898649, 26.61973758415584
57.546928373291834, 26.78398039309479
57.48719102346681, 26.948549762708172
57.42765163971927, 27.113163199408696
57.36831378700615, 27.277655365023953
57.309186352900795, 27.442299517998762
57.25006923874835, 27.606951926497445
57.19102780926821, 27.77155821038394
57.132286128463456, 27.93648738840056
57.07351722392933, 28.101430393769128
57.0147386777645, 28.26610454372809
56.956052997441944, 28.43054639363809
56.897270915167375, 28.594688286560192
56.83834048992067, 28.758803558693522
56.77913142689418, 28.922984472443254
56.71970904381431, 29.08742763713545
56.65994465128296, 29.251946850872166
56.59989142461167, 29.41609466872515
56.54024885021484, 29.58028304480139
56.480289787713744, 29.744480409625396
56.41986051465419, 29.90857103288873
56.35907554047091, 30.072511984298515
56.2979492878297, 30.23632582816055
56.2363924056094, 30.400069310812754
56.17428397515345, 30.563579571446635
56.11184785836496, 30.72689460908888
56.04872553091257, 30.88988819272376
55.985276875456634, 31.052500882874813
55.921086682071625, 31.214904494962337
55.856186567932326, 31.377111344120372
55.7904980143425, 31.53900739427988
55.72399988104722, 31.700893074063394
55.656497154826404, 31.86242051440815
55.58835384967119, 32.02347044158678
55.519535043011714, 32.18425769763241
55.449662154259045, 32.344575388241935
55.3787740643746, 32.504186608526865
55.30659438420647, 32.66310323837973
55.23300364144724, 32.8216905206182
55.157799284168895, 32.97967878249152
55.081226630975856, 33.136730279082585
55.00342954111199, 33.29304995300814
54.923568142182404, 33.44850047355449
54.84173119530877, 33.60294427142163
54.75857446844805, 33.756417057389804
54.673674402052434, 33.90910849246723
54.58686748398327, 34.06088313999376
54.497277465807855, 34.21079404765685
54.406110776518496, 34.359531369182285
54.31234204172763, 34.50680546789904
54.21602559112564, 34.65256994172941
54.11685245749764, 34.79645332619718
54.01528807893097, 34.93899239738494
53.91053651012545, 35.07926764931781
53.80322458683945, 35.21736282537295
53.69398586154827, 35.35362129648372
53.58134519873856, 35.48702622936539
53.46589283956165, 35.618337619879185
53.34822172402738, 35.747761269439394
53.22742140500359, 35.874245678876946
53.10359004274715, 35.99791972542502
52.97732186051514, 36.11896914374066
52.848544700006784, 36.23722604287372
52.71660421869773, 36.351883488927385
52.581902776941426, 36.46319339403914
52.445142545949565, 36.5721106922448
52.305256502674645, 36.676885631469084
52.16377325058438, 36.77926634767742
52.02056810778396, 36.8792664918307
51.87393760646734, 36.97454023014885
51.72638392825158, 37.06846208226115
51.57602808753373, 37.15737544442512
51.42402255632632, 37.24332578296229
51.270476398559325, 37.32665761408564
51.11529918665869, 37.40713173927225
50.95841604610752, 37.48455578462129
50.79948837517242, 37.55803615561967
50.638901884879935, 37.62788351707409
50.476548500309704, 37.69323725256096
50.31241640080653, 37.75368831267792
50.14660676422508, 37.80911983546592
49.979081535304736, 37.85889744444556
49.810022194789255, 37.902964785904764
49.63712448118528, 37.92807254601701
49.463111084950526, 37.94461323881049
49.28817414720535, 37.94210498272288
49.1137243116778, 37.92888609571006
48.94041287742951, 37.905190800302016
48.76892851969604, 37.87079164415693
48.60002022494511, 37.82599999777911
48.43336151443158, 37.77310954062929
48.267931165888506, 37.7163139493248
48.10347195339002, 37.65659848776465
47.94002102600715, 37.59414359856469
47.777684736193834, 37.529416661973265
47.616386307085335, 37.46248189740099
47.45590508501523, 37.3932685257279
47.29623604496982, 37.322070914743065
47.13731014573803, 37.249149535158836
46.97912109533152, 37.17456937933287
46.82180691421219, 37.09837486455769
46.665338060323215, 37.020667517406245
46.50954115770589, 36.941714236924035
46.35427245816389, 36.86118860038002
46.199491218272456, 36.77937426421057
46.0453259893734, 36.69636479892131
45.89181118245485, 36.61226891151029
45.73903571806386, 36.52723730701509
45.586979483300226, 36.440974444658785
45.43540103439632, 36.35380188136631
45.284338636159255, 36.265594979846355
45.13372541005291, 36.17654948471011
44.98363325650156, 36.086780462555126
44.83409836457193, 35.9962886275411
44.68513696048732, 35.90493652805923
44.53637316201435, 35.812795741226665
44.38800081293209, 35.71995352936353
44.240247404075255, 35.62659544185138
44.09317398871797, 35.532595982857146
43.9465343459791, 35.43802772858829
43.80000000134015, 35.34285915256223
43.653873046399816, 35.246946140691634
43.5079982024308, 35.150514737460924
43.36238292856207, 35.05355766004179
43.217377635946924, 34.95612041507202
43.072816503666886, 34.8581842013876
42.92832662948981, 34.75986045561028
42.78420533267794, 34.660983491064485
42.64055037070185, 34.56186976028552
42.497146245120675, 34.46238284605615
42.35376410382122, 34.36253653431565
42.21031492918093, 34.26227519827742
42.06706706386269, 34.16153266334646
41.92426596024327, 34.06059032972827
41.78174120663019, 33.959411143652034
41.63921900323576, 33.857932422837955
41.4968784854887, 33.75616099086317
41.35488954217578, 33.65401144543227
41.213135825358826, 33.551616290174636
41.071622300579584, 33.448891862958405
40.93040416016958, 33.345815321649965
40.7896309090743, 33.242168028454785
40.64920742186424, 33.13808319957227
40.509140835720366, 33.03345013227413
40.369588573985126, 32.92806411935734
40.23067239639811, 32.82209521839534
40.090913883410934, 32.71690143202505
39.95096549565844, 32.61178142677854
39.81078772190933, 32.50735282441723
39.669761198739394, 32.40414803521191
39.52805630531177, 32.30198553220207
39.38520137691792, 32.201775667619785
39.24123642483678, 32.10295048232944
39.095870450883034, 32.005862745964734
38.949499713676964, 31.91010684725178
38.801909072439855, 31.81627091236437
38.65314947029698, 31.724420376550984
38.5027265443636, 31.635291911151853
38.35105114100981, 31.548029147473176
38.19799229346063, 31.46308708106781
38.04373835570665, 31.380865632579724
37.88857430998434, 31.30091924176131
37.732211978362955, 31.223822022461988
37.57418399247331, 31.149847733165473
37.4148023085895, 31.078561467998835
37.25445754719282, 31.009768328522448
37.093180000556515, 30.94335224726083
36.930378614088376, 30.880384521096964
36.76645212489199, 30.82017751054324
36.60121240983093, 30.763402024313514
36.434692643833145, 30.710207634042735
36.267410836911665, 30.659297348120486
36.09898688413144, 30.611970330601004
35.92947518006928, 30.56873763186478
35.75919976485505, 30.528844038620665
35.58829123610973, 30.492126487277755
35.41661399501385, 30.458567833543423
35.24412533811573, 30.42899412315027
35.0710089141752, 30.403216340782983
34.897318726506036, 30.381150429421243
34.72331555952167, 30.362397171929473
34.54912317129367, 30.348306588257568
34.374782192552615, 30.33865390452496
34.20014244679625, 30.333130339411685
34.02519322528923, 30.330304092751142
33.85027178279614, 30.333019931828318
33.67576439930047, 30.34110295329814
33.501695341542955, 30.354623302458666
33.32782270517405, 30.372036661028453
33.15443538543777, 30.39531372647104
32.981653363353885, 30.42371907235819
32.80972251445455, 30.456676345827216
32.63905511194352, 30.494512308761184
32.469639622230616, 30.536587101985496
32.30143087777685, 30.58284774427373
32.13415443657813, 30.63315355023003
31.96771068243573, 30.687219012181124
31.80217655401598, 30.744650433577768
31.63785668384066, 30.805364134034
31.47492075903203, 30.869016748816485
31.313258103856704, 30.935183172271817
31.15290213032642, 31.004120940330147
30.993254026132572, 31.075319221022024
30.834545734730675, 31.148926575420898
30.677176717270978, 31.224944857301185
30.52065256872059, 31.302881077371545
30.36510286710538, 31.38277737603323
30.210716217675674, 31.46464310803189
30.05711965619785, 31.548331884027316
29.904476325873947, 31.633823073457197
29.75271769314246, 31.720989864656243
29.601858840959483, 31.80981743945369
29.452159851443252, 31.900111590577215
29.303477179511507, 31.991602084688896
29.155988623485648, 32.08453731317958
29.009346073603222, 32.17876860242509
28.863612423754567, 32.274578303003636
28.718402152040067, 32.37148949801523
28.573835043315512, 32.46998589061927
28.42989959527991, 32.569517758472394
28.286798689395173, 32.67011885928579
28.14461015137133, 32.77184940783874
28.00319516717975, 32.874684713854066
27.86251732476411, 32.978796329723416
27.72253123480062, 33.083894093194885
27.583416451875774, 33.189975364158435
27.44509640790172, 33.29693643634855
27.30775458418405, 33.40498930542303
27.170975412584447, 33.51384444017176
27.03480754415774, 33.62358083652453
26.899349671008604, 33.734173886674995
26.76466086452618, 33.84565647371282
26.63081320502936, 33.957759543234864
26.497426567367942, 34.07067034978477
26.36467441722776, 34.18459013834962
26.23275189247754, 34.299360978267615
26.101254294649948, 34.41488792104776
25.970200896822018, 34.53095479795606
25.839834676343845, 34.64749769847858
25.710392788531077, 34.76474337104406
25.581364899607774, 34.882615241343835
25.452987872748277, 35.00139832920153
25.325071792125694, 35.1207377423367
25.19786775993404, 35.24088643803981
25.071233936336853, 35.361297591759005
24.94523713465949, 35.48241195363991
24.819678549894654, 35.60409214335529
24.694777527331123, 35.726536584204545
24.570375797505072, 35.849503157242346
24.446456307182345, 35.97286078564999
24.32293586963413, 36.09676710613165
24.199799420651097, 36.22122772844947
24.077184666900695, 36.34620250622455
23.955125508294, 36.471440806830394
23.83373997296055, 36.59700197466653
23.712883986147762, 36.72311169150162
23.592493931559805, 36.84968768045898
23.472722432067247, 36.976505486843635
23.353251758526145, 37.10377651120568
23.233954496014423, 37.231734836632704
23.11510634173547, 37.36012366419914
22.996840956264155, 37.488710097326624
22.879137002988003, 37.617524075497336
22.76222054684535, 37.746901281832905
22.645502623870218, 37.87682840424993
22.529108130069194, 38.007302084960514
22.413078105590994, 38.13817272931247
22.29744538752283, 38.269470207422906
22.18223106115636, 38.401147652757665
22.067439871720296, 38.53318407519602
21.95306878438754, 38.66555592816544
21.839176411080192, 38.79834804086018
21.72588099206752, 38.93148256861841
21.61309576682156, 39.064904489307196
21.500722996603482, 39.19872978031263
21.38865110009027, 39.332814881233745
21.27700266990302, 39.46731461795365
21.165348280927795, 39.60186151783189
21.05389129714183, 39.736693001832016
20.941886050802854, 39.871190629061914
20.829889828889645, 40.00546640190517
20.717875176969677, 40.139700243054165
20.605692331432614, 40.273670732537106
20.493458812091248, 40.40751171250191
20.380843106650282, 40.541239559120214
20.268019033968564, 40.675041873343474
20.154906800755462, 40.808594583934
20.04160109613803, 40.9418734039111
19.927921530720546, 41.07493228478956
19.813516547776594, 41.2072873362315
19.698949462268786, 41.33917127896317
19.584074252704273, 41.47045489720787
19.46869967009396, 41.60130502904172
19.352827043765508, 41.732201194639494
19.23640936355108, 41.86276072809127
19.119043371284285, 41.99252286601454
19.001079173045767, 42.12179611925975
18.882651292561018, 42.25044318309829
18.763452783986995, 42.37847248183456
18.64341452909127, 42.505671496930496
18.522995341490596, 42.632511350923174
18.401769821087992, 42.758582121020154
18.279912150640946, 42.8836931871793
18.15757708663186, 43.00798695832124
18.03455135013508, 43.131797121596065
17.910135222217214, 43.25484052653301
17.784774068039187, 43.377339942784786
17.658607901207393, 43.49899783176096
17.532005455979093, 43.6198398814876
17.404575136467777, 43.73944352018648
17.276372507363046, 43.857961671879586
17.147227645640665, 43.97521477263284
17.01714319430825, 44.09161325373901
16.886190005278817, 44.20759756562597
16.754050226521787, 44.3222473376028
16.62102851448403, 44.43549135061763
16.4866546918034, 44.54698653769763
16.35124176231165, 44.65760188582969
16.214767888273293, 44.76704312332846
16.077309924342646, 44.875241018551016
15.938858885662569, 44.982159691686924
15.799108531721007, 45.08738645833561
15.658026051872149, 45.19086563710938
15.51618189167706, 45.29292170854049
15.373219943662827, 45.39350781803211
15.229226894943796, 45.49269752150785
15.084330052028466, 45.59011482500985
14.938497553383396, 45.68567032786982
14.791287960339991, 45.779128033342324
14.654504863318174, 45.88784556894133
14.508148200576816, 45.98384476075484
14.357508766762676, 46.073001647281345
14.205449479489157, 46.159492946657664
14.052388030633256, 46.24387423552424
13.897998250584479, 46.325891207941574
13.742403202567505, 46.40576605801736
13.58587653333032, 46.483473807442856
13.428196704080797, 46.55899290812608
13.269304372991417, 46.631940739360076
13.109540728114762, 46.70241350732379
12.948627653648838, 46.77059683279645
12.786526986282814, 46.83683779010901
12.62346220722175, 46.90062012713186
12.459677620929398, 46.96182001125793
12.295256998156908, 47.02055223372609
12.130027791282433, 47.07630133767713
11.963992517151352, 47.12987793062493
11.796825339759087, 47.1811794027198
11.628546918294328, 47.229870145308915
11.45954520818366, 47.275910033446394
11.290025004615917, 47.31904113898784
11.12017219179135, 47.35981174652421
10.949668034019844, 47.397934651482636
10.77747666477325, 47.428597331120365
10.605607433691198, 47.46137901378592
10.433306592976757, 47.49129587594495
10.26054949400423, 47.518116888109276
10.087431837671591, 47.54265083813551
9.913844183881169, 47.56450327110875
9.739923741494275, 47.583870479590104
9.565785827845195, 47.600431571683245
9.39146578704202, 47.61406600130368
9.217050948305301, 47.62463360474548
9.042387911687888, 47.6325260096227
8.867635345596431, 47.63766738078091
8.69269676119985, 47.64009106213025
8.51762484583869, 47.640006445873475
8.342745171686119, 47.63733345436981
8.16795598156364, 47.63186762639324
7.993182820691348, 47.62354710134284
7.818476895137907, 47.61293592265848
7.644046317265045, 47.59974799083361
7.469953807988742, 47.58390395928675
7.296037357319221, 47.565836037658364
7.122447353467152, 47.54528932414674
6.94913567215441, 47.52250867584393
6.7761421562743385, 47.49742149105099
6.603477684674053, 47.470085137521025
6.431103300147833, 47.44081140023483
6.259051047665604, 47.40975094530814
6.087429774332452, 47.37651819040018
5.9161146836907275, 47.341550489108194
5.7451885984867275, 47.304549962506265
5.57492383001441, 47.26572588884293
5.405243458967689, 47.22527891687117
5.236227391802004, 47.1829587643653
5.067579956622987, 47.138982324932215
4.898925071375781, 47.09330241248378
4.730508722685068, 47.04622083970295
4.562580199618422, 46.997493672228615
4.395133370167769, 46.94719978864274
4.22807340033726, 46.89545492766906
4.061472974739893, 46.84207420973104
3.8953176366848146, 46.78766099064913
3.729560746597972, 46.73166204767569
3.5642867848964506, 46.67432109275821
3.399650350366132, 46.61586575578361
3.235432766869446, 46.55593838634967
3.07152613421489, 46.4949156517439
2.908240219989513, 46.43295196232576
2.7455866457161306, 46.36984228187563
2.5833041054473327, 46.305504922421214
2.4211455251896674, 46.240048480179006
2.2591251832519035, 46.173519124634794
2.097557210561098, 46.105876221072094
1.9366314526533517, 46.03721270473915
1.7762879749778662, 45.967686914506665
1.6164017575944034, 45.897248805167415
1.4568386860892861, 45.82561402070172
1.297696502169962, 45.753061743596355
1.1389348549505571, 45.67947866946235
0.9804982053561639, 45.6049989462208
0.8227544844355645, 45.52952961953429
0.6656141053076673, 45.45327351679165
0.5089384547302267, 45.37601239309053
0.35266277954427294, 45.297891264848396
0.19672094621099412, 45.21898024871228
0.04102392259701382, 45.13903590072793
-0.11414938112886114, 45.05819970255466
-0.26874427024115427, 44.97676949833667
-0.4228018362610294, 44.8946447240432
-0.5764676346266098, 44.81150339207434
-0.7298206311489757, 44.72753579708538
-0.8829231832643035, 44.642853000529335
-1.03576884826997, 44.55738699106447
-1.1879239469036458, 44.47099622591743
-1.3396755179558784, 44.38393380567561
-1.4912174386897568, 44.29613149191801
-1.6422890939067465, 44.20760870044463
-1.7928428476545681, 44.11854514442507
-1.9428508339632151, 44.028607959219855
-2.092376636037358, 43.93800559151406
-2.2416653248258642, 43.8467872419152
-2.390687224211369, 43.75496538899206
-2.538934060672397, 43.662361012975296
-2.686927843439657, 43.56926548335041
-2.8345108177599427, 43.47544087717684
-2.9817170178585415, 43.38112267070165
-3.1285295343271953, 43.285901532158206
-3.274967554587933, 43.190177753255874
-3.420864579468058, 43.09405703242341
-3.5663494538086495, 42.99717734197273
-3.711621663343352, 42.89983978131587
-3.856423731904745, 42.8017853306038
-4.000970543376401, 42.70336709117485
-4.145000679613624, 42.604304174858115
-4.288885260937912, 42.50469304399053
-4.4323066469800505, 42.40440945484396
-4.575233492718789, 42.30385602750145
-4.717504054789964, 42.202783820387765
-4.859750630956809, 42.10141460249395
-5.001849844250452, 41.999160946339515
-5.1434983213203775, 41.8962734890611
-5.284871295911779, 41.79321571338819
-5.425713542159066, 41.68923652647565
-5.566045389194207, 41.58458674690367
-5.706113465857463, 41.479846867647304
-5.845741087624029, 41.37448813001478
-5.984669662748099, 41.2683295507425
-6.123264510731347, 41.16167650944528
-6.261665294454633, 41.05435534439148
-6.399384707816179, 40.94621104551404
-6.5365237750985345, 40.837733550016694
-6.673126512735428, 40.72898235261268
-6.8093206438084595, 40.619559700573696
-6.945057358621197, 40.509384091386735
-7.080261117218328, 40.39859069357494
-7.215108728815029, 40.287096099009204
-7.349453466739469, 40.174849526221166
-7.48335247615648, 40.06204646970439
-7.616368865589967, 39.94831984837089
-7.74870255972833, 39.83391729300581
-7.88036238095659, 39.71868459324477
-8.011425590262547, 39.602795312656916
-8.141575601771796, 39.48589876407867
-8.270914163143308, 39.36823676408622
-8.399656158408776, 39.24993592549415
-8.527647606992074, 39.130474469732974
-8.654900599062625, 39.01013156664879
-8.781159444550294, 38.889010553002485
-8.906676492431957, 38.767467763530426
-9.03103037130874, 38.644638840509835
-9.154482761046129, 38.52081541521162
-9.27716512460854, 38.39612033380528
-9.398960555898068, 38.27045111068198
-9.519604479492058, 38.143723417773586
-9.639259806486873, 38.016111378424576
-9.757672042095157, 37.88764886267606
-9.874979528840313, 37.75812998004492
-9.991329193606147, 37.62763521387234
-10.106670441122168, 37.496144005997316
-10.220575940065311, 37.36340526157899
-10.333230885284616, 37.22972549103604
-10.44449870993804, 37.09501068722744
-10.554306613009688, 36.95909662380982
-10.662928187404354, 36.82194871261288
-10.770399321178123, 36.683938898980976
-10.876404371585316, 36.545114250609416
-10.981252005473197, 36.405337213741525
-11.084323824273348, 36.264170297711736
-11.186007278631617, 36.122001391466796
-11.286347112197236, 35.97856852432184
-11.384872853837843, 35.83378913248819
-11.481720748996485, 35.68809686143663
-11.576658833625467, 35.54134984993605
-11.669980110052704, 35.39352942027066
-11.761411344384697, 35.24459234150927
-11.851240877667253, 35.094589455487004
-11.939209056299546, 34.9433936824654
-12.025545702469396, 34.791356167713936
-12.11031751687243, 34.63842662799122
-12.192694568222226, 34.48416239256988
-12.273075508945658, 34.328675307081056
-12.351463148004841, 34.1721827389574
-12.427671543469241, 34.01486029443099
-12.501836031848322, 33.856598342840954
-12.573781755838402, 33.69712895581996
-12.64319763847917, 33.536583334528565
-12.710346013160418, 33.375299374100244
-12.775389170975325, 33.213096990226276
-12.83797586892096, 33.04991848645829
-12.898456724752501, 32.88593506450869
-12.956762806643237, 32.720944342727414
-13.012928481859987, 32.555051858609225
-13.066533941364177, 32.3883338153272
-13.117504627488591, 32.22097727868022
-13.165818164768943, 32.05300068488899
-13.211688900908827, 31.884551953578924
-13.254877064443054, 31.715499339776255
-13.295671036857106, 31.545666880209062
-13.333788447600789, 31.375152265710636
-13.369235183616471, 31.20393257017484
-13.40176118281396, 31.031908693792996
-13.431885156998094, 30.859512737676727
-13.459623349286025, 30.686772940632427
-13.484566354202464, 30.513676449496757
-13.506782470024556, 30.34020429779258
-13.52587594471614, 30.16640697924901
-13.54216480380755, 29.992524015179452
-13.55572365916344, 29.818329203782284
-13.566490334541541, 29.64388052317219
-13.574245914362548, 29.469432553842772
-13.579153936981673, 29.294830511186717
-13.581056998668144, 29.12017471313668
-13.58010018367466, 28.94565205145171
-13.576538746699919, 28.770937758929215
-13.570007963816051, 28.596188441474276
-13.560196598400978, 28.42156549142218
-13.547624465560814, 28.247095384164837
-13.53212779791918, 28.072898464852415
-13.513580416872509, 27.89903673912223
-13.492151316606044, 27.725558314880832
-13.468002911506467, 27.55224902425887
-13.440957120945464, 27.379378907675836
-13.411137521797805, 27.206985988175543
-13.378325022403864, 27.034994024876006
-13.342888542224145, 26.863570901308993
-13.304743300400682, 26.692855375280896
-13.264122698282726, 26.522734009114668
-13.220756654915453, 26.35334018871198
-13.17497225230601, 26.184493260600647
-13.12666158491274, 26.01632334197787
-13.075936241860685, 25.849100671823177
-13.022936406988025, 25.682569594359062
-12.967547200045615, 25.516828218231907
-12.909660959403968, 25.352018541275122
-12.84950733640503, 25.187819744032986
-12.78742445544433, 25.024326478369073
-12.723143381432125, 24.861943186892304
-12.656760111300528, 24.700431409986503
-12.588176478418049, 24.53958852483135
-12.517445995264708, 24.379380182255066
-12.444671337063415, 24.220081113951178
-12.370078680033052, 24.061901489343732
-12.293576353108072, 23.904914622014182
-12.21538320613569, 23.748782798811522
-12.135390633269436, 23.593326618474308
-12.053771256157228, 23.438741090989783
-11.970547587110493, 23.28495882612192
-11.885623405020459, 23.131789575380765
-11.7991967114555, 22.97946165573125
-11.711047037272314, 22.82839090085733
-11.62133800150577, 22.678464209401778
-11.530276677407356, 22.529191401039594
-11.437974686812058, 22.38049448720002
-11.344389853598306, 22.232636130067004
-11.24956239102327, 22.08555631248366
-11.153624295775543, 21.939353351132453
-11.056586572189607, 21.793915134153846
-10.958226297234601, 21.649363279023323
-10.858658862472058, 21.505545062045055
-10.758024707117556, 21.362393907699033
-10.656495171455639, 21.220016249660926
-10.554046041706084, 21.07835243882869
-10.450768201241685, 20.937257492217356
-10.346553991263901, 20.7966463745684
-10.24146679736688, 20.65670076086768
-10.135651167186587, 20.517440586724735
-10.029083383313125, 20.378900612398912
-9.921891273624627, 20.240778329352327
-9.813847515530563, 20.1031019980006
-9.705056433049473, 19.965937894543245
-9.595721899383689, 19.829287242703618
-9.485770079864379, 19.693263481908147
-9.375220919304324, 19.557603212775927
-9.264190775051558, 19.422406360337867
-9.152560662471776, 19.287855773636434
-9.040511262024006, 19.153528573799566
-8.927992350633849, 19.01964291851055
-8.815097233846858, 18.886380327546956
-8.701578348522327, 18.753513214653612
-8.58744099347822, 18.620796676227055
-8.47266506937168, 18.48845210304383
-8.357457548972777, 18.35657033882963
-8.24190467908939, 18.225322209654646
-8.125898279248942, 18.094500084539757
-8.009403633090633, 17.964138571691
-7.892437925377385, 17.834271905860863
-7.774779713448881, 17.704737071074806
-7.65668030843083, 17.575544721501917
-7.538066030527921, 17.446945537225673
-7.418657832981295, 17.318949655208446
-7.298489046747207, 17.19155185397995
-7.1776613781162215, 17.06493760289813
-7.056264246075241, 16.93909242639178
-6.934169331658352, 16.81415600670291
-6.811089677153412, 16.69020641399011
-6.687191003198441, 16.5669243222072
-6.562892223105027, 16.44372088963771
-6.438527557735472, 16.32043190188085
-6.314248106739822, 16.1974120729575
-6.190486740265345, 16.074163218727364
-6.067138460544153, 15.950420400586406
-5.94402512188729, 15.826155616320685
-5.820909731339157, 15.701689647687902
-5.6984202497085485, 15.576673264742272
-5.576689125027388, 15.451096019620353
-5.455259199208545, 15.325404855725518
-5.334490315460243, 15.199057125345501
-5.214250069955431, 15.072173843785425
-5.0946772576669614, 14.9446865085108
-4.9758688419511214, 14.816240709646129
-4.8574416600909425, 14.687501977552403
-4.7399915190584325, 14.558187480354421
-4.623481509640648, 14.428242103361022
-4.507546773211384, 14.297842438112736
-4.392223155129847, 14.166635564055184
-4.2781240287147515, 14.034274052658938
-4.164230601748485, 13.901804677649704
