-3.8850000000000002, 14.054999999999996
-3.8833982593275134, 14.053080513923865
-3.8786715292194733, 14.047257454525267
-3.871015261063303, 14.037376587498624
-3.8605898745424088, 14.023320942054697
-3.8481097293635886, 14.004599428096865
-3.8328880130627656, 13.981696426730101
-3.814919187313617, 13.954616566467864
-3.7941521755587138, 13.92339377618524
-3.7706560467854873, 13.887981270080111
-3.7443529241949913, 13.848430776502344
-3.7153294568676807, 13.804685614457279
-3.6833835395610803, 13.756880268906317
-3.648737248128654, 13.704869818115549
-3.611179552078553, 13.64879628762346
-3.5708081608725375, 13.588593459176687
-3.527572900883995, 13.524298847892481
-3.4814561271292, 13.455922948395337
-3.43246625730207, 13.38347668191493
-3.380714073764977, 13.306885352820384
-3.3261427271401294, 13.226173997822821
-3.268718503210066, 13.141393777826503
-3.2084498942417676, 13.052540248916156
-3.1453603898090576, 12.959572679601079
-3.079307585750219, 12.862592632204763
-3.01045031174196, 12.761502229074031
-2.9387564913251594, 12.656328430629483
-2.86443334078647, 12.546921837848524
-2.7871170021730194, 12.43352909105732
-2.7068823732219616, 12.316117750252182
-2.624046348333624, 12.194483173416982
-2.538507571456828, 12.068700127675514
-2.4502172534527014, 11.938885088488895
-2.3596072422078693, 11.804937877983583
-2.26835067856109, 11.668131239959934
-2.1757264181213025, 11.529405335759641
-2.081823872998333, 11.38745598792462
-1.9869376235253517, 11.243185865895466
-1.8921103429015074, 11.097794010116917
-1.7978416660875527, 10.951646512992106
-1.703661759797588, 10.804690874965543
-1.6096264954451236, 10.657193761971284
-1.5161133384287837, 10.509283529540241
-1.4229302342845556, 10.361460562401577
-1.330795573011912, 10.213238375437562
-1.2391482637646745, 10.064842660666558
-1.1478640651860592, 9.916086849633698
-1.0570877331649602, 9.767011688080407
-0.9669453859820916, 9.617843655786999
-0.8775015634720971, 9.468102557210187
-0.788302808677692, 9.317683054451361
-0.6990991002448842, 9.167025032360899
-0.6104075091646719, 9.016203017721498
-0.5221806535326887, 8.865140609466604
-0.43443667125585905, 8.713828242321844
-0.3471616003426418, 8.562315208082707
-0.2602611852574123, 8.410437107696339
-0.17371842957945507, 8.258212362906095
-0.08822912119030571, 8.105469690938989
-0.0033024039476219347, 7.952697901571383
0.08110425227980805, 7.799899620575169
0.1650867582798899, 7.646896702026134
0.2491098089825584, 7.493797652467373
0.3329225196650004, 7.340321188189392
0.4162896998867688, 7.186511416591644
0.4990827624849514, 7.032598032464646
0.5815624559288485, 6.878404443179791
0.6636300711744169, 6.723956719513216
0.7453594466533321, 6.569220451959399
0.826702965251845, 6.414171867853612
0.9075095671453448, 6.259123394118578
0.9878230911927115, 6.1040990269441195
1.0677633678769463, 5.948853966326687
1.1475239641436734, 5.793218573150298
1.2269452419990117, 5.637419883784209
1.306271397199311, 5.4818526993006165
1.385406198780856, 5.326054288711133
1.4643024013792603, 5.169975277304173
1.542775422479535, 5.0138313491171465
1.621054445081614, 4.857408624282584
1.699066998475043, 4.700776954148009
1.7767964690700795, 4.544171806835263
1.854332474129535, 4.387359288980927
1.9316972560765173, 4.230448766091589
2.0087809237615795, 4.073664726550871
2.0856919650110948, 3.917074406139023
2.1624339210705963, 3.760180701964794
2.2390955167250053, 3.6030273791303706
2.3156323402076975, 3.445795167162515
2.392111835916654, 3.288515508388091
2.4684811421465342, 3.131448897829733
2.5448862549282536, 2.974283789553258
2.621309959813591, 2.817021703331379
2.6979563117407546, 2.6598617096743538
2.7747749140594715, 2.502646483114945
2.8514926380105163, 2.3453530323215963
2.929020329892811, 2.188473499710391
3.0066515368118987, 2.0317968705871188
3.084423079062877, 1.8751600900155354
3.1623100433009816, 1.7184320415032979
3.240494198789847, 1.561846725422549
3.31890136841992, 1.4055260100802593
3.3975122216019757, 1.2494629487516122
3.4775644007670325, 1.093989131686941
3.5580853060224347, 0.9386128079406324
3.638834909015609, 0.7833318804858502
3.7206571170393157, 0.6287141588512286
3.802826969103159, 0.474340107973169
3.886146283688879, 0.3204335458199746
3.9703582556810786, 0.16708765365628686
4.054795522859803, 0.014151172155144415
4.140274648614648, -0.13815430272755094
4.226832588226783, -0.2899447302175606
4.3152513494567, -0.44083447014701854
4.404718418317153, -0.5911331074823778
4.495316996364095, -0.7406518623861333
4.587296611097891, -0.889418113970019
4.681421770503021, -1.0367474794197622
4.7769782056231085, -1.1832204581513817
4.874939532688454, -1.3281520923771595
4.974284680261789, -1.4718348738930385
5.075488875564341, -1.6143098804397065
5.178353073790708, -1.7556874737402521
5.2837949740148495, -1.8950854036161489
5.391258871095947, -2.0332550754784697
5.501497325963436, -2.169297944826935
5.613889961678139, -2.3032735094262278
5.728105903166979, -2.4354161781211325
5.844785479695525, -2.5653650702749724
5.964021213237889, -2.6932757818126327
6.085445060436865, -2.8191600067993146
6.210074247573611, -2.9418887853834583
6.336728535100226, -3.062505783820239
6.467027354749913, -3.1789856079644743
6.598869200423065, -3.2939151880588855
6.733080931220851, -3.4060904091999853
6.870785487143604, -3.51374750089078
7.009736902660492, -3.619877868945973
7.150993488746559, -3.723191735325932
7.295214697830741, -3.8222965594813036
7.441346826149831, -3.918166862259116
7.589156252402633, -4.0114547244059535
7.739455374126208, -4.101071022984596
7.891984641907504, -4.187035534864244
8.04658705016195, -4.269204453516251
8.202954337480849, -4.347937884258886
8.361046286192032, -4.423109421691028
8.52087457043332, -4.494474498554253
8.68235602664319, -4.561989107758777
8.845435402692459, -4.625533964989673
9.010025853628393, -4.685050211656545
9.176023930022868, -4.7405239693595025
9.343401058968842, -4.791703347114964
9.512065519734286, -4.8384974307539155
9.681876921056453, -4.880989120267557
9.852879587029474, -4.918472275483913
10.024984787846021, -4.950625284209802
10.198100762396345, -4.976917760275593
10.372789364973615, -4.9887316142590805
10.547797238015011, -4.992801476696249
10.721996927945188, -4.976116074025389
10.895022546948406, -4.950349488987525
11.06672251042542, -4.917092100053153
11.237184156581913, -4.878019697468462
11.406368345358027, -4.83374425985519
11.576922196013832, -4.794924711055513
11.746179667053504, -4.751051294993999
11.915038681452835, -4.705397456967867
12.083511881283535, -4.658209905302323
12.25137918868072, -4.609801873496981
12.418898341090111, -4.5602815745995935
12.586390222800258, -4.5096861430219874
12.753566916114083, -4.457874080236649
12.920231924374182, -4.404891088631486
13.086546936946664, -4.351265726294512
13.252542519429399, -4.29661209165664
13.418424281811397, -4.241229675704996
13.584004533547361, -4.184855803829931
13.749513086181317, -4.127903678246807
13.91472479884315, -4.070213842894038
14.079689053986527, -4.012116360427223
14.244553478385605, -3.9535895248399258
14.409211201076047, -3.8942861001907847
14.573773806880132, -3.834511559256343
14.738119181996199, -3.7743789137224124
14.902150251581784, -3.7137666430754193
15.066137610140084, -3.6526812520518375
15.229972156686392, -3.591176677749752
15.39360942814186, -3.5295761399675785
15.556930383257653, -3.4675656784195006
15.719906106850752, -3.405210396903969
15.882894851393772, -3.342628477228617
16.04604790320599, -3.2796365145307957
16.209095276150634, -3.2163504515896917
16.37176886483631, -3.152788424510384
16.534274593725435, -3.0886721827246184
16.696989016191708, -3.0243080655931966
16.859591409239552, -2.959686653157661
17.021698712873267, -2.894500318698724
17.183587566402053, -2.829220215518839
17.345503521888002, -2.7635396992069947
17.50731092001545, -2.697344984430201
17.668688683534413, -2.630308689409385
17.830042813612536, -2.5625831597972315
17.99103349568437, -2.493817835284581
18.151548076506636, -2.4245238468401493
18.311491923410834, -2.3539378122804386
18.47126558163319, -2.2825606295116465
18.630858694129785, -2.21057454185867
18.790156882231575, -2.1381991198157055
18.94976717074002, -2.066877150037916
19.109872387156035, -1.9964607986835992
19.270585122513406, -1.927483582195633
19.43197908105339, -1.8601290553430507
19.59387645837302, -1.7940072578864705
19.756325412369048, -1.7296168362629472
19.919483251269156, -1.6666795971032404
20.083250130449457, -1.605299516690143
20.247622479153154, -1.5454264219910256
20.412712299425465, -1.4874244286447644
20.57846805939456, -1.4313874293262074
20.745069465795048, -1.3779525434597024
20.911982305982267, -1.326338533203769
21.07953461835615, -1.276661147768637
21.247661546438398, -1.2287437575784443
21.416381532758887, -1.1828017976644603
21.58568584175144, -1.1384614472801857
21.755376585631826, -1.096159075672334
21.925298573372846, -1.0558654931286964
22.095665429412815, -1.0182692342620907
22.266490949544522, -0.982647439165507
22.437706231981608, -0.9491975238207175
22.609520133643585, -0.9182826314963327
22.78181140871126, -0.8894083973471945
22.95457751390175, -0.8631603162726579
23.127744838384334, -0.8393006001022721
23.301000237327095, -0.8177193748721862
23.474592880209446, -0.7984215543673847
23.648679690805135, -0.7815042351526995
23.82293028249476, -0.7667377722566516
23.997310176600177, -0.7541009812632795
24.171884036757103, -0.7439233159639176
24.346689936597464, -0.7360614966499807
24.52162649942464, -0.7305384773899775
24.69654311338165, -0.7276053911047561
24.871504948133204, -0.7269854731436638
25.046367417256757, -0.728509928295663
25.22120215999816, -0.7321389873698924
25.39592530947154, -0.738066861116935
25.570560347247326, -0.7460341089540347
25.745310932896952, -0.7557798240981283
25.919892880128, -0.7677787973456632
26.094109135165187, -0.7820451751686263
26.268080660874702, -0.7985160533199367
26.44194982922421, -0.8171817703573689
26.615679771339362, -0.8379995833615485
26.78919188650745, -0.8610566585052679
26.962332523181807, -0.8862394666721102
27.13491651381267, -0.9134554121817058
27.306985524768038, -0.9427320554175648
27.47892205605448, -0.9737855700855903
27.650719919211554, -1.0067876759005536
27.822228179985082, -1.0416510515434554
27.993365610168933, -1.078108527000509
28.163863679762194, -1.1164790498503228
28.33397586410449, -1.1566911033522493
28.503863192387406, -1.198901294584295
28.6733006885727, -1.2428787128446495
28.84210543487564, -1.288870748364579
29.01030241375111, -1.3366970141892913
29.17776924056682, -1.3861447980268946
29.344772747503903, -1.4372348113484497
29.511501006928302, -1.4903081768432918
29.677759493550525, -1.5449931581823684
29.84316181033914, -1.6014497489340842
30.007932232528564, -1.6594133687862462
30.172206082005506, -1.7190067085532141
30.336099253747342, -1.7801901316283364
30.499339473181553, -1.8431128905241374
30.661814585202286, -1.9074972996921575
30.82369958578372, -1.9734321276763827
30.985138256217482, -2.0409224121084626
31.146007853044072, -2.1099392867810063
31.30617347463966, -2.180246562914359
31.465371441079288, -2.252152389083468
31.62398836287788, -2.3254898703886187
31.7820942057524, -2.4004201667972946
31.93938764240492, -2.476809079586103
32.096130996021394, -2.5544460173788472
32.25229809653054, -2.6334277193356206
32.40784149994356, -2.713578000612349
32.562676248471064, -2.7950294303247536
32.71685289924563, -2.877747883250787
32.870265028359206, -2.961840820916662
33.022529896561544, -3.0475397930169716
33.1741887958449, -3.1344198349417627
33.325246428884185, -3.2223992466568405
33.4755805841602, -3.3115430330053766
33.62546723878787, -3.4018540360713696
33.7746889166628, -3.493256817576195
33.92291579372402, -3.5857929338447008
34.07040019608034, -3.679252891979301
34.21710709736884, -3.7739985590292373
34.36306911519104, -3.8701723070489153
34.50822825541887, -3.9675209991212403
34.65252728739906, -4.0659310476810635
34.79633110833733, -4.165340076170897
34.939507250916805, -4.265694772124866
35.08188318508165, -4.367198233207833
35.22365843689897, -4.469555657134785
35.36476231867031, -4.572888325388914
35.50509998712635, -4.677310354910081
35.644714738056166, -4.782554783213334
35.783737792946944, -4.888891359470553
35.92202610090579, -4.996222336789749
36.05957055533774, -5.104252255155406
36.1963219027661, -5.2130463617457865
36.332235978544006, -5.322881328552234
36.467556432027, -5.433431124118275
36.60184747578085, -5.544837967930477
36.73576151238271, -5.6568722411932555
36.869026601278385, -5.770002376707471
37.00186977917545, -5.883801745552655
37.134123870697316, -5.9983082597099635
37.265380253853564, -6.113584742607457
37.396228627427206, -6.229414563849119
37.526575892019856, -6.346300038960201
37.656314952784534, -6.463894428616862
37.78520512046838, -6.582049901014862
37.91335720786745, -6.700768663212797
38.04113307522225, -6.82011700831739
38.168206564071156, -6.940307052524724
38.29478789718489, -7.060985084249814
38.42059035872817, -7.1824442717031705
38.54569364762916, -7.304265807829282
38.670251788631155, -7.4268026857532705
38.79440296285659, -7.549908904663658
38.91804911069803, -7.673579432616804
39.041022029344425, -7.79797613673819
39.16356364062984, -7.922873564554769
39.285844037056165, -8.048102414451645
39.40743224847204, -8.173896711250427
39.52857935891914, -8.300242882840996
39.64914935727108, -8.42702730859973
39.7690601948073, -8.554418196469463
39.888529192691735, -8.682206489470458
40.00740476236194, -8.810321432475316
40.12594401613184, -8.938880677179537
40.24387004835443, -9.068134071890485
40.361387509660084, -9.197836793910165
40.478515617755455, -9.32786852317041
40.5952093506863, -9.458243034645495
40.71164782852423, -9.588787200800223
40.8276906331418, -9.71966662998439
40.94301664177294, -9.85116109135613
41.05797043418065, -9.98291336484262
41.17265241279128, -10.115161772498736
41.28689686695721, -10.247785135957976
41.40047474568672, -10.380651066861379
41.513759620668765, -10.513719737193082
41.62676233412633, -10.647300132761089
41.739350234051514, -10.781223595046905
41.85156731638875, -10.915512261069695
41.96340050580967, -11.050181722326979
42.07469721117749, -11.185007984291683
42.185719765392115, -11.320155420957597
42.29634295133747, -11.455701071316044
42.40683491533861, -11.591392171812918
42.51695523548959, -11.727421218582501
42.626576551624346, -11.863773832919543
42.735880407485084, -12.000301455526138
42.84500344756588, -12.137055359832756
42.953811985217115, -12.274142407803431
43.062556368001296, -12.411129377984018
43.170793206989444, -12.548364292915617
43.27911655471549, -12.685540872568808
43.38722064110959, -12.822900214323695
43.495806100527176, -12.95984357929932
43.60484014563561, -13.096458528856992
43.7138559355777, -13.233181465904151
43.82375790657487, -13.36950344243761
43.93382498942691, -13.505658438501625
44.04436146907645, -13.641282931705284
44.15508723307835, -13.776596545667479
44.2666937667957, -13.911229426479919
44.37883404110713, -14.045463042384537
44.491909757686095, -14.178907245111851
44.60578969955491, -14.311802598008237
44.71997789109393, -14.444424637057194
44.83530904113424, -14.575905015036884
44.951118595783335, -14.706865901470353
45.067929270721784, -14.837256278240739
45.18567853098671, -14.966885287827495
45.30429653650422, -15.095406585294608
45.42395596520945, -15.222833259536538
45.54487316527518, -15.349300429521222
45.66703327163828, -15.474609129607874
45.79020159553392, -15.59881196073962
45.91517112479478, -15.72136665669781
46.04110035558472, -15.842858555715646
46.168485479996235, -15.962712605122036
46.29721541268936, -16.081140093497
46.427846213424715, -16.197602586132323
46.55986716611146, -16.31249504074584
46.69320056580466, -16.42575125993743
46.82781902513568, -16.53754836451468
46.96423685078694, -16.646982970213536
47.10243032440359, -16.75421680141871
47.242043780345824, -16.859597987413494
47.38368790567919, -16.962044438001058
47.526993765099554, -17.06241755776238
47.6715791691308, -17.160960264846477
47.81735063890478, -17.257547535113613
47.964697159964004, -17.351901440731584
48.11410283430145, -17.442876508199305
48.26482794089333, -17.53165285355374
48.4172573036283, -17.61747399330699
48.57126958100758, -17.70043706989433
48.726160644399485, -17.781765100517212
48.882517323909305, -17.86010887414684
49.04043209902477, -17.935598962146152
49.200361312418615, -18.00672659304879
49.36145577937173, -18.07516781420601
49.52374352770151, -18.140635983561687
49.68687667994395, -18.203784355215287
49.85124828482232, -18.26351470907307
50.01680513162621, -18.320144166467074
50.18349297507942, -18.373494800601435
50.35120612761737, -18.423213031541486
50.519897007908696, -18.469484343178152
50.689359047056875, -18.512922971467532
50.85966419918743, -18.55306970672774
51.030803330468395, -18.58958815960856
51.20282103387719, -18.622173799121875
51.375455230252896, -18.650795383873987
51.54857962524261, -18.675784655953812
51.72217402427825, -18.697087069577247
51.89609612992252, -18.714186050160556
52.07045580880403, -18.72718718425884
52.24513228265356, -18.73605690376653
52.4199889629073, -18.74057104338301
52.59490516146717, -18.74095411839433
52.76974187064422, -18.73716304410907
52.94444481487961, -18.72946236848588
53.11894572717489, -18.71793811279195
53.29322895855708, -18.702845458871945
53.467339856696086, -18.684701972369556
53.64113166354223, -18.663622988395485
53.81428913850977, -18.639593918153206
53.987067223243464, -18.613048155544632
54.15943139150245, -18.583989178521275
54.33112194567055, -18.55239086231342
54.50250864062358, -18.51848655484768
54.673546185213546, -18.482321061277
54.8441468708655, -18.44403747965362
55.01438768024002, -18.403860922193804
55.184162943478064, -18.361475266869178
55.35353632414094, -18.31743884683488
55.522207155137394, -18.27166427969396
55.69046402567806, -18.224275230048427
55.858338288740605, -18.175227069993976
56.02578511724175, -18.12441993253611
56.19284582581314, -18.07230113544275
56.359399771302975, -18.018931861530984
56.52538337889768, -17.96403994436676
56.690764848969586, -17.907400131321694
56.855910956786836, -17.849441617196852
57.02064019675868, -17.790285095787812
57.18474151231363, -17.72996791883906
57.348438386909706, -17.668335179605293
57.51168938431665, -17.60545215130134
57.674484199304715, -17.54154100754766
57.83694910586282, -17.476424703878916
57.99895094157443, -17.41026818674095
58.1604200785474, -17.343095238881475
58.321315809845544, -17.274869390835764
58.481545674402746, -17.20572127348248
58.641321354145965, -17.135586101105734
58.800836029834414, -17.06434847987974
58.96008770405162, -16.991975443757386
59.11888975071387, -16.918630943687667
59.27704337553604, -16.844384936529536
59.43483792562217, -16.76923132897551
59.59217757850403, -16.6930826136866
59.74901011897786, -16.6160210338742
59.905765143544805, -16.538285574099774
60.062040575622376, -16.459480940542008
60.21776747880519, -16.379863955013438
60.37289707940679, -16.299384646271022
60.527778597340415, -16.21830806658274
60.68224775178818, -16.1363252563516
60.83631217109078, -16.053466321490816
60.98993504024701, -15.969678590024287
61.14298831291065, -15.88532109517472
61.29572279765631, -15.800246716183235
61.44805729219176, -15.714277640658656
61.600089955409494, -15.627782257625093
61.751615375024855, -15.54048139720949
61.90264645123934, -15.452276506558444
62.05319066637761, -15.363207270941784
62.20343221226678, -15.273717674552405
62.35340517515238, -15.183428291812366
62.502904055169076, -15.092401860663243
62.65176581022301, -15.00081012521303
62.80010275274109, -14.908337577688734
62.94841903563631, -14.815354730954253
63.09610207216857, -14.721393576436366
63.24322464111291, -14.627019442444475
63.38986469270151, -14.532156773097178
63.535778949609124, -14.436093548984399
63.6818110698811, -14.340317709125495
63.82746624716856, -14.243889094623373
63.97282925670417, -14.146357977011897
64.11768890325901, -14.047947228059254
64.26183369707952, -13.94882139830345
64.40550889025721, -13.849343591761132
64.54876023816026, -13.749689842767886
64.6915137842237, -13.649724195508913
64.83400244287196, -13.549032666332614
64.97634366323803, -13.447800298171732
65.1180615549997, -13.345468576981123
65.25954083468257, -13.24259612383108
65.40044899540746, -13.139192179570658
65.54137815951174, -13.035797572996692
65.68177117658756, -12.931514112152588
65.82196359892482, -12.827065562226414
65.96147332201551, -12.722122255721281
66.10029447433405, -12.616144221489577
66.23902161316758, -12.509917699813235
66.37672064313998, -12.402387892159432
66.51417787576072, -12.29417927688253
66.65111733685528, -12.185324980521212
66.78749811523696, -12.07588952542709
66.92343993423661, -11.965963430641184
67.05897740466327, -11.855395588105432
67.19400862973147, -11.744129970698292
67.32833882465549, -11.63238823625777
67.46225174365439, -11.520148279671542
67.59583486466161, -11.407038579555385
67.72849897739299, -11.292740956059664
67.86024032317574, -11.177760815173178
67.99116504309518, -11.06213850849994
68.12159693416868, -10.94580887839198
68.25092220154251, -10.828183001563918
68.37974375385375, -10.709975330447262
68.50783668677803, -10.590862988331114
68.6353415433457, -10.471012158262237
68.76176941551999, -10.349986411566812
68.88740265149887, -10.228192712432998
69.012133386516, -10.105552825653989
69.1357644357768, -9.981722004029097
69.25851653440424, -9.856937918730033
69.38029512304304, -9.731422214231115
69.50121519203493, -9.605032961618518
69.62089165126066, -9.477547337068806
69.73964057613574, -9.349173933234377
69.85719372360174, -9.219585546525293
69.97373635328822, -9.089000416744327
70.08883449086343, -8.957148483055636
70.20282022819474, -8.824461376818336
70.3152459130425, -8.690543315874676
70.42662320375396, -8.555704303599006
70.53674857038123, -8.419654996424883
70.64535279471193, -8.282465768923412
70.7523683186939, -8.144165573957778
70.8581203989738, -8.004800095753842
70.96244838847832, -7.86427774006179
71.06529326299595, -7.722713125187243
71.16644854161332, -7.580084228728593
71.26619911535509, -7.436757464823594
71.36423322637857, -7.292214863878206
71.46077526819224, -7.14628267965921
71.55528943959165, -6.99896093361277
71.64814147119499, -6.850816556277421
71.73898566919627, -6.701653642880254
71.82782120576003, -6.55121525917884
71.91489781597473, -6.399689470986509
72.00039240679142, -6.247296568982143
72.08374604930813, -6.093619388438655
72.16523474827788, -5.938863210346296
72.24493570978467, -5.783011127133328
72.32257478852445, -5.6261792862085045
72.39791115651295, -5.468375775737196
72.47093840439817, -5.3096380879244105
72.54190532575298, -5.149864356587491
72.6107586608227, -4.989068055450503
72.67704171587555, -4.827177971411255
72.74132226013687, -4.664430269253975
72.80309829252079, -4.500940916242281
72.86218669517918, -4.3364469694830445
72.91893027593939, -4.171122626076336
72.97335376367919, -4.005261480032535
73.02511893832305, -3.8385623540621547
73.07472557862553, -3.670946392699106
73.12154850868858, -3.502456211269007
73.16592987712899, -3.3333465371239797
73.20783677933125, -3.163560767236575
73.24734808157964, -2.9930748049159037
73.28434626096693, -2.821957974539433
73.31857747296463, -2.6504020984692622
73.35022566304401, -2.478520530797086
73.37887988206495, -2.305955317567583
73.40479990813904, -2.132833368012673
73.42796522863895, -1.9595735547394815
73.44831575909014, -1.7861040029158066
73.46589640716799, -1.612109900752667
73.48041373398264, -1.4377199147890531
73.49201123894699, -1.2633583690742234
73.50126192582438, -1.0887959909927154
73.50788444005249, -0.9139788589033104
73.51177155783739, -0.7390039237737346
73.51256653823869, -0.563919724862935
73.51034817741326, -0.3890269683260578
73.5051207757759, -0.2143086585786408
73.49673681315984, -0.039786541404243314
73.48539827302965, 0.13459524678851514
73.4713491446166, 0.3087690324328613
73.45432108603532, 0.4826711273347275
73.43437478950392, 0.6562569990393738
73.41178344695021, 0.829269214720033
73.38687696403092, 1.002073822982946
73.35906165946979, 1.1745899652489338
73.32841188174721, 1.3467308075626943
73.29493477401655, 1.5184018449086503
73.25872557640126, 1.6893897546008645
73.2198654459294, 1.8599409126073458
73.17817282849666, 2.0298397530250902
73.13435326463105, 2.1992098500003805
73.0879043320019, 2.3679021962833726
73.03887794136162, 2.5358536180336864
72.98781084102819, 2.703168670801177
72.93427392879977, 2.869696709324404
72.87852541040121, 3.0355355119484497
72.82062216087657, 3.200626566517475
72.76023439074164, 3.3647654742963224
72.69780343690002, 3.5281070655223625
72.6332916096557, 3.690606755279341
72.56668181406798, 3.8522868169341473
72.49808768666226, 4.013208567738572
72.42758560866892, 4.173312301981008
72.35540660758609, 4.332734851985786
72.28138101653094, 4.491373584890658
72.2054683390276, 4.649078624953999
72.12778374091737, 4.805804297248959
72.04839811052963, 4.961677750592955
71.96735661622021, 5.116761290342232
71.8846778408589, 5.27092896716085
71.80046994405345, 5.424238040565023
71.71469467336526, 5.576782036792181
71.6274677618543, 5.728378982968614
71.53879852980594, 5.879210573648355
71.44865763913606, 6.029214878684817
71.35723471005868, 6.178173234052546
71.26447915811077, 6.32631829058541
71.17037045463522, 6.473597823852812
71.07496306680599, 6.620114550733704
70.97846831139782, 6.76599002480088
70.88090861049723, 6.910854364709836
70.78241497809988, 7.055151025516819
70.68268539775427, 7.198894462113745
70.58195231109384, 7.342131550521751
70.4802075850828, 7.484613240291192
70.37764028735938, 7.626379080552656
70.27414683136841, 7.767344688358738
70.16991659053484, 7.907724025890133
70.06478682941723, 8.047625486869583
69.95898804816545, 8.186945764121628
69.85246517279798, 8.325745410405192
69.74508782449519, 8.463917425303771
69.63716046260733, 8.601346553282534
69.52867955124749, 8.738353302137629
69.41954277625739, 8.87484830125977
69.30970507193922, 9.010907758517115
69.19924001540133, 9.146586670962169
69.08824480419443, 9.281797293199581
68.97668152236852, 9.416649764360113
68.86484604041313, 9.55109701082097
68.75252729150964, 9.685164778565012
68.63955988102079, 9.818711721207563
68.52616668879135, 9.951728123997198
68.41225780531272, 10.084507322739668
68.29779479572667, 10.21688055748454
68.18307870734169, 10.348948560271443
68.0679206802017, 10.480519743333295
67.95224892112824, 10.611692682683957
67.83612083738889, 10.742563876137686
67.71962422247721, 10.873178524569582
67.602604887257, 11.00335367937067
67.48524222580862, 11.132965434231272
67.36742417192563, 11.262196745210591
67.249057275582, 11.390881719143394
67.13040059960696, 11.519179470355237
67.01100400924295, 11.647050496431378
66.89099649542203, 11.774388578721526
66.77025945855367, 11.900977146726072
66.64875813028725, 12.026992787413601
66.52636258799687, 12.152044451510525
66.40314456266766, 12.27623088566265
66.2788416638071, 12.39934229306213
66.1545262805596, 12.522606657365802
66.03022363481664, 12.645948612400488
65.90612090497741, 12.769137160250006
65.78241451709147, 12.89260326865835
65.6587864340571, 13.016428014893155
65.53558195942098, 13.14072119131755
65.41294584653883, 13.265454815894588
65.29089959840908, 13.390881615276669
65.16942017730064, 13.516744849563457
65.04849656739597, 13.643070083956735
64.92838777682714, 13.770191894612223
64.80911380251838, 13.898120144721165
64.69074660696087, 14.026818810958366
64.57352212891904, 14.156287575060565
64.45669252104098, 14.286247507458553
64.34061425976846, 14.417186902462596
64.22527920094119, 14.548938620526886
64.11071622783975, 14.681282557588226
63.99716240198454, 14.814164679483786
63.884723827820316, 14.94776130965232
63.773041213159225, 15.082085578496637
63.66178329017502, 15.217065887746104
63.55145326303003, 15.352994042904154
63.44206131697156, 15.489564489836791
63.33382664411956, 15.626744136651919
63.22640196747167, 15.76469481586132
63.119885617657324, 15.90347462005916
63.01435542387365, 16.042966562159062
62.90967166154208, 16.18317223594039
62.80571191033712, 16.324047611478232
62.70259817993795, 16.46555939557251
62.60069278628529, 16.607636220308354
62.49994267270188, 16.75022859275425
62.40016907157168, 16.89340106464243
62.301031648742544, 17.037211716489765
62.20248417437111, 17.181801976944573
62.10476894672888, 17.327029919718413
62.0080827535819, 17.472827381045825
61.91245242033747, 17.619202503986344
61.81777724662548, 17.765922094099754
61.723873979877304, 17.913213158031855
61.63054603247824, 18.061239727704393
61.53808569232288, 18.209830464441072
61.44658895432664, 18.35895493405099
61.35623599813652, 18.50871455557035
61.26681325672871, 18.658741202572283
61.178150754873975, 18.809226412556676
61.090108501942986, 18.96039917889929
61.00261450101019, 19.111916343714206
60.91622724065264, 19.263783160936832
60.83053502573388, 19.41606898546197
60.74579176076029, 19.56892179228335
60.66145975841442, 19.722053524993882
60.57790208876563, 19.87565337497845
60.495250301926696, 20.029753598336978
60.41319574634318, 20.184382492413842
60.331827211794774, 20.339296856574546
60.25103142153223, 20.494481521590906
60.171067825522755, 20.65006909008663
60.09163880804008, 20.80565122608927
60.01303168614983, 20.961580815542344
59.935460827534385, 21.117959286258372
59.858161759602716, 21.274593246225365
59.78179304035418, 21.43180342276555
59.70613220852697, 21.589078144295893
59.631501268880676, 21.746567553672197
59.55694629610408, 21.90428853361224
59.483044813216374, 22.062514490288724
59.40963517320309, 22.221060451082167
59.33690740692264, 22.380019450783326
59.264693372573745, 22.53932186561016
59.19316719540047, 22.699034560811917
59.12230582661007, 22.858917893974713
59.05179355013399, 23.018990226067633
58.98190162915093, 23.179525293390036
58.91232930278501, 23.340234945407143
58.842903138512916, 23.5007699846813
58.774290199224396, 23.661450996079047
58.706444583596614, 23.822416617660142
58.63903456120418, 23.98348391001245
58.57235714451322, 24.144697570345464
58.50585654720049, 24.30623433841026
58.4401087665278, 24.46830990243077
58.37460553347535, 24.63053617364896
58.30990904255436, 24.793044324816027
58.24549853644444, 24.955673733661488
58.18100979870229, 25.11827984698579
58.117502685040336, 25.2810570163038
58.05428518774659, 25.4439430702627
57.9913267219235, 25.607103252817755
57.92873345288488, 25.770367046261054
57.86710176016733, 25.93372905466411
57.80566023981982, 26.09718899609993
57.744509018497205, 26.260848654774374
57.68367209380316, 26.42468512946041
57.62309812057033, 26.588738370272598
57.56276671170316, 26.752933480990933
57.50274333073202, 26.917439214996282
57.44294551748354, 27.0820302755241
57.383479023124764, 27.24647770038729
57.32417818366545, 27.411035786227565
57.26496370904406, 27.57567362718195
57.20587289135334, 27.740345851443315
57.14679998736644, 27.905046918526335
57.08775910621446, 28.069777323305885
57.028635573851425, 28.234498325397478
56.96945988402332, 28.399201860726702
56.91022078095415, 28.56384901224807
56.85138110125336, 28.72857633979877
56.79242183026629, 28.893197900132673
56.73321706303673, 29.057501225389426
56.67384754973266, 29.221838659425668
56.61393350530943, 29.386036354869596
56.55385611250742, 29.549908106661597
56.49356168538578, 29.713852733223632
56.432739131209225, 29.87775554426546
56.37163151449903, 30.04152622691695
56.31014860228742, 30.205129675528152
56.24909353252721, 30.36893155939281
56.1873761992239, 30.53262661468467
56.12514114000828, 30.69622647409392
56.062218010419265, 30.85956159717758
55.99879049265817, 31.022516498138838
55.934957725178556, 31.185245470290987
55.87031565975979, 31.34774370709643
55.80447828873403, 31.509740811684626
55.73798502695524, 31.671447100712815
55.67057481041871, 31.83295267359039
55.60225986208264, 31.994018216926573
55.5335492325069, 32.15464854079582
55.46324933253958, 32.31434352633771
55.39198743710316, 32.47378225435625
55.31911285382469, 32.63271216504472
55.24519307026469, 32.79122425391871
55.169940727919176, 32.94916956080158
55.093205913139684, 33.10633496486812
55.014526593418765, 33.262667938186645
54.9341503820214, 33.41812216783071
54.85200160748807, 33.572363730143444
54.76795699192235, 33.72558107964581
54.682864219246106, 33.878306276080394
54.595084185213786, 34.029592026131496
54.5043462538748, 34.179123914722354
54.411917112349606, 34.32733444108459
54.31732509948401, 34.47419668411271
54.22062611155253, 34.619690388675814
54.12003321188321, 34.76255365205245
54.01746339385665, 34.90403965535352
53.912446884598154, 35.043412657543456
53.80426045761334, 35.18047651132552
53.69329456456605, 35.31563537739365
53.57975720203914, 35.448867907952064
53.462624039890734, 35.57897083913175
53.343372574733436, 35.707021795500594
53.22119109608511, 35.832235469985626
53.096003065429514, 35.95433536346123
52.96853995508803, 36.0741937067289
52.838414901525205, 36.191113160216375
52.70579895118266, 36.30506925168072
52.56953281488902, 36.414736498771724
52.43155693301472, 36.5223192436906
52.29149203970804, 36.627182086287156
52.14859564873178, 36.72828636494219
52.003705022532515, 36.82663743500261
51.856513099526246, 36.92124671004976
51.70865421981966, 37.01455299873388
51.558265283453956, 37.10345193359601
51.40572029986776, 37.188416061133
51.25156870427682, 37.270751041629325
51.09557417749577, 37.34965036664206
50.9382216749842, 37.42565537940585
50.779108978323954, 37.49808705872262
50.61814352487534, 37.56665941128179
50.45532732035917, 37.63103449228011
50.29072061730661, 37.69098304203809
50.12436964540974, 37.74614465617718
49.95630402384348, 37.79596459057028
49.78664213127545, 37.840085343020014
49.61310846324063, 37.8639954728552
49.43866849181114, 37.87706382280808
49.26393751928783, 37.873164264577014
49.08977829488364, 37.85858044150125
48.91676586243826, 37.8333543060866
48.745468916858485, 37.79754738198385
48.57669826598591, 37.751315403703266
48.410670721085, 37.69618116502209
48.24680829392082, 37.63503265971164
48.0842803796394, 37.570449886179745
47.92247330305625, 37.50362200806366
47.761463148563465, 37.435028223081815
47.601239068197046, 37.36490686662669
47.441844067747645, 37.293205314775776
47.28302836208625, 37.22020162222039
47.1248664220716, 37.145724214604726
46.96730755043494, 37.06996116147873
46.81042660501654, 36.992826800939476
46.65410606599347, 36.914514580972174
46.49825355126674, 36.834980547253274
46.343139772265545, 36.75414474981221
46.18843126615663, 36.67246921126607
46.03445427860953, 36.589521586651074
45.88107444638963, 36.505991377684765
45.72832670917258, 36.42124253189799
45.57597373470509, 36.33555136061969
45.424125520244516, 36.24888109129043
45.27273673268349, 36.16149171943308
45.1217315924626, 36.07332132431991
44.97118319344775, 35.9842267058123
44.82131542777613, 35.8942497343533
44.671765187899545, 35.80356046901299
44.52253094083956, 35.71223215680281
44.37365295462237, 35.62024036291204
44.22515380490927, 35.52768601127696
44.07726033357409, 35.43439496584399
43.92945886512603, 35.34071955621336
43.78205689188912, 35.246185236179
43.63509458448928, 35.15119796446824
43.48847511471555, 35.05577909929551
43.342293969517534, 34.959786244372495
43.19642679127624, 34.863344860950754
43.050877883704096, 34.766451581800204
42.90555347781005, 34.66926249139509
42.76050867256814, 34.5716970568016
42.61600700584576, 34.47377394008568
42.471556761126166, 34.37551458242156
42.32692331815654, 34.27677842875024
42.182487705024556, 34.17771143612742
42.03851086038557, 34.07840543977829
41.89472173023648, 33.979102984004896
41.75123542190113, 33.87954598204549
41.60787868327163, 33.779567677792436
41.46453988818756, 33.67923181184414
41.321378471210735, 33.57854554485681
41.17850570296883, 33.47750696902206
41.035593256234364, 33.37649672952375
40.89311621084282, 33.27489153372553
40.75111568015505, 33.17275520498538
40.609389199595476, 33.070369825334396
40.46818086457637, 32.96739092672835
40.327160367908604, 32.86382084934037
40.18695563275599, 32.75901151184263
40.04679269782429, 32.65435719998347
39.90609036806305, 32.55030253783778
39.76493260992864, 32.446821426858996
39.62324843985317, 32.344174864275935
39.48048924008593, 32.24305843047561
39.33646276168578, 32.144087346696
39.19118104285661, 32.04685185667744
39.04451692553561, 31.951571510594253
38.89695698249413, 31.857745308700416
38.7479951354106, 31.766249458654844
38.59768405238646, 31.677478589192052
38.4460057258318, 31.590902535795518
38.29278767681605, 31.506281623310098
38.13820358774633, 31.424065821721864
37.98268228680289, 31.34416548954548
37.825975536156655, 31.266804752581574
37.667620788096514, 31.19254926594185
37.50773408258056, 31.121122207315867
37.346635225057476, 31.052509639695018
37.184524090727066, 30.98689664540289
37.02133975493742, 30.92457306747261
36.857250651281234, 30.864938974131103
36.69182063093277, 30.808830083143302
36.525025223139586, 30.756298804109612
36.35735068108433, 30.70656637771931
36.18882231108308, 30.659736386961242
36.01927224333778, 30.61613198288873
35.84875093744116, 30.576263858365866
35.67748907563676, 30.53971751112072
35.50560514675252, 30.50633147582915
35.33318943277575, 30.47660178670089
35.160205855255924, 30.45100024581115
34.98671502359895, 30.429848700309012
34.812898877682656, 30.412102616649246
34.63857302608525, 30.397382235614288
34.463887001206544, 30.387277595326935
34.28913374937393, 30.381898221932847
34.11430453164567, 30.380443281339467
33.93941652472825, 30.382104617628652
33.764763640053324, 30.389618795357546
33.59040353822452, 30.40290297558537
33.416343859879774, 30.420224413208057
33.242859677222214, 30.442778426478355
33.07027202004422, 30.47153102628393
32.89853646355333, 30.50464282502055
32.72766049237926, 30.542690344827726
32.55797775262802, 30.585671958970035
32.38954329978364, 30.632635642004868
32.222337064090894, 30.683603928728825
32.056191298492756, 30.738165829766928
31.89123564890832, 30.796071492188748
31.727665781074602, 30.85707758083453
31.56514060804817, 30.92098000216591
31.403576600650183, 30.98761752727605
31.243072591178066, 31.056690973178497
31.08343469225015, 31.12818337961644
30.924792955877322, 31.202013348492613
30.767172126698377, 31.2780332645334
30.610520184591806, 31.356001264874013
30.454803226127947, 31.435693943620155
30.30005113495452, 31.517108349861665
30.146461031598506, 31.600639077218837
29.993614936741523, 31.68546973871666
29.84175756007295, 31.772084239807487
29.690897313217057, 31.860449867363126
29.54082874090419, 31.950093347572476
29.391536996881978, 32.04097286748695
29.243120135813427, 32.13340849093505
29.0954829661043, 32.22722145732786
28.94877681872817, 32.32250933814618
28.802668928368337, 32.418725905595
28.657584999763586, 32.516552821322016
28.513113584572555, 32.6153547654632
28.369574456669188, 32.71509653632577
28.226933262399562, 32.81614586326315
28.08499023133111, 32.91817393533798
27.944098487552758, 33.02130729069649
27.803776117344466, 33.12535845507387
27.663992960789052, 33.23055862492543
27.52473851508238, 33.33670865360453
27.386486664102428, 33.444062888438985
27.249000196998658, 33.55208033947701
27.112167174463163, 33.66076367360095
26.975883790295754, 33.77036577838068
26.840291797029863, 33.88093643745252
26.705354987466475, 33.99227046192078
26.57094474634552, 34.10441641741348
26.437303388556604, 34.21740412261366
26.304584390921647, 34.33115342680317
26.17235280559113, 34.44556699669053
26.04048370004873, 34.56049158071507
25.90909847453258, 34.676049998545054
25.778432307084838, 34.79250116680958
25.648335464300988, 34.909453174883545
25.51901712538181, 35.02720613354275
25.390196999079382, 35.14550660526699
25.26213790971758, 35.26455922413338
25.13467601351928, 35.38388554402736
25.007797820979572, 35.50394194570032
24.881125301814247, 35.62467987335067
24.75516291518527, 35.746151003562225
24.629875427696618, 35.86800845030056
24.504959924812685, 35.99030894563499
24.380543108196974, 36.11312987796451
24.256759752090378, 36.23625693083527
24.133476682659314, 36.3597975654786
24.01049011989594, 36.48397122650759
23.887701441862355, 36.60874018732453
23.765536732844343, 36.73407458792713
23.644016285370547, 36.85968613924786
23.523037370970243, 36.985472721650964
23.402636674739874, 37.11161094879807
23.282470391628884, 37.23825629574347
23.1626713465354, 37.36538976841765
23.043265735457695, 37.49292359568431
22.924289110351705, 37.62090110351746
22.80563460114074, 37.749240165684945
22.68765565193214, 37.878249714550144
22.570035122978442, 38.0077035680877
22.452779444439035, 38.13760507731587
22.335948453103978, 38.267869038575725
22.21951100576998, 38.398504998149065
22.103529150745782, 38.52938764588697
21.987859856210203, 38.66074215833442
21.872560524462628, 38.79248081572336
21.75791853975803, 38.924460943096726
21.643812114794176, 39.056901324509035
21.53020831600037, 39.18977005266456
21.416960904127844, 39.3230020324002
21.3040958992735, 39.45674172385648
21.191651836399725, 39.59066902684074
21.079441836897484, 39.724828160967036
20.967450428309185, 39.85916977982284
20.85548566269561, 39.993427372975766
20.74290071723182, 40.12738008772531
20.63013032767738, 40.261175513938916
20.517316557519333, 40.3948717500756
20.40426779037867, 40.52830981001444
20.291164270991363, 40.66169257611422
20.17778096323792, 40.79482136726453
20.06429301095331, 40.92753992469449
19.95051955234651, 41.060033475407266
19.836263012942513, 41.19256281184897
19.721075943752513, 41.32439460142935
19.605595296688346, 41.455636474630495
19.489686103237098, 41.58652236964724
19.373300725638586, 41.71733569894929
19.25655305574077, 41.84781922135916
19.139468057504217, 41.977774132634686
19.021158601878035, 42.10660415039372
18.90232265946667, 42.23494702499077
18.782822292146133, 42.36278552527892
18.66234803453208, 42.48969879653489
18.54143308618358, 42.61622261751293
18.419860616774322, 42.74214522229061
18.29744033036903, 42.866971166045175
18.17437777162631, 42.99126219486301
18.050683864258097, 43.11494536376022
17.925983109329735, 43.23739976185923
17.80066762745601, 43.359453731111216
17.674299180830026, 43.48050258092416
17.547548278879166, 43.600793391546006
17.41971251842234, 43.719984490179115
17.290924976687002, 43.83821800315055
17.161179264746615, 43.95549294826475
17.030410078112048, 44.07169714526216
16.899101205655025, 44.187242978408214
16.76655228567534, 44.30131512238204
16.633154773429105, 44.41414261131088
16.498520096006178, 44.52566994285557
16.36258372508867, 44.635648914928424
16.225843269674627, 44.74464784265656
16.08800956035885, 44.85235646513547
15.94923816921359, 44.95894898876675
15.809098370622106, 45.06375592188295
15.667560149175195, 45.16654923850028
15.525076984268294, 45.26811178333984
15.381413747698888, 45.368214989582064
15.236843111589435, 45.46701563159597
15.091369591436838, 45.564032054225095
14.944656045271838, 45.65917628163868
14.817083881073042, 45.778897526440204
14.676215443582146, 45.882689838568666
14.527702139296746, 45.975199106656646
14.375861022723734, 46.06216360596095
14.222724756658781, 46.14672537616838
14.070592387008718, 46.232878330740796
13.915170447923144, 46.313319345786375
13.758603022979703, 46.391563708451265
13.601376173438831, 46.46798984009441
13.443220537610395, 46.54197395749219
13.284193250398411, 46.61374378225662
13.123837190237706, 46.68286838749075
12.962169466024353, 46.74982280494064
12.799583437665191, 46.814738764890535
12.636139598505224, 46.87676372896461
12.471923212951548, 46.93676135879341
12.306694482672059, 46.99426695232616
12.140494129723953, 47.04906708087797
11.973565383086813, 47.101444864127046
11.806031875423997, 47.15139088222615
11.637674623486884, 47.198703242049525
11.468414532558207, 47.24341033526139
11.298543092340372, 47.28571077525758
11.128162122330234, 47.32517787539842
10.957188063939215, 47.36220320006983
10.785704016949872, 47.396616627089145
10.613757907593804, 47.42832826280976
10.441220780871468, 47.45706667868668
10.268280247274442, 47.483151663181964
10.11305285474242, 47.56335730982821
9.939682558913425, 47.58312000090505
9.765984761282015, 47.599871071081836
9.591764960495471, 47.61398517273837
9.417086430011432, 47.62543051184439
9.242231703339646, 47.63367854744629
9.067423667659899, 47.63930310713591
8.892552874752889, 47.64234530118052
8.717743405805892, 47.64254504990568
8.542924242191921, 47.64046710817625
8.368122432302457, 47.635859161855436
8.193367018615206, 47.628723315776476
8.018717410789982, 47.618709374103
7.844241129446133, 47.60610031842996
7.6699440452605305, 47.59136993016751
7.495952756886645, 47.57406474058309
7.322045863094214, 47.554606832010066
7.14849452818373, 47.53250614083226
6.975211291043146, 47.50827632905641
6.8022237677166535, 47.481908227483366
6.629804981843082, 47.453545009986236
6.457754391710916, 47.42337878078545
6.285913113995478, 47.39126953756105
6.114508782566096, 47.3570577246476
5.943406534328892, 47.321187721345886
5.772711889520005, 47.28334340413726
5.602551813756989, 47.24372924733153
5.432611389391905, 47.20247901543811
5.263086159800244, 47.15935276193676
5.094014690585402, 47.11458787893864
4.925214461725375, 47.06835932670504
4.7568502311843845, 47.02064147037602
4.5891287464465504, 46.97131853828933
4.421747211392343, 46.92071802163529
4.254753932540614, 46.868692651820616
4.088205262338405, 46.815115158556715
3.9219801561762813, 46.76029094076517
3.756280057294369, 46.70421210447176
3.591034516353669, 46.646830372777586
3.426124924741748, 46.588088620790394
3.261667740011919, 46.52809205605982
3.0978345353275354, 46.46712498723608
2.934579231500249, 46.405329477444745
2.771712062114777, 46.34321210878944
2.609508739123281, 46.27921601958918
2.447399444509634, 46.21397977869209
2.2854934413572914, 46.14745847443306
2.124035092828912, 46.07990087554167
1.9631882575169495, 46.011531326431275
1.8027166551210203, 45.94224856396844
1.6427289690466695, 45.87182168275751
1.4833323449840647, 45.800563736191485
1.3241865032095566, 45.728314854696414
1.1653497482244293, 45.65505792505857
1.0070144629198563, 45.580802516768095
0.8491122340873195, 45.50572211948241
0.6916502311176076, 45.42960362429282
0.5345468857698215, 45.3526296786668
0.3779577622121565, 45.27497507173905
0.2218447991063227, 45.19633210720351
0.06618701167093127, 45.116954105139946
-0.0891423950902917, 45.036740807194356
-0.24402463476987968, 44.95543919587668
-0.3984601073145063, 44.87348237948637
-0.5527137874496798, 44.790764264343956
-0.706569717597541, 44.70719547126461
-0.8597229550773201, 44.62286284041078
-1.012279320749028, 44.537906393313826
-1.1645460470768767, 44.45225510406986
-1.3166661451297335, 44.36583576064167
-1.4682473578225517, 44.278320208854936
-1.6194255906993158, 44.19021674178595
-1.7700620109446787, 44.101558292434454
-1.9203989908994532, 44.01221936909319
-2.0704528554672916, 43.9222143526736
-2.2199487124208814, 43.83132230101535
-2.3692035876285154, 43.73982910741214
-2.518034982442093, 43.647857413088865
-2.666494603850641, 43.555396351315366
-2.8143949301426, 43.46190515904407
-2.9618657700584956, 43.367950776782166
-3.1090382458700754, 43.27350875128963
-3.2556382636431374, 43.17815985346637
-3.4018989086863063, 43.08236584402169
-3.5479532922385646, 42.98607517195753
-3.6936153698047867, 42.88906470860089
-3.8389168374025773, 42.79164185745595
-3.9836290735937157, 42.69366245682389
-4.12791318464567, 42.59536888334489
-4.2717100128641095, 42.4961825467315
-4.415368336693514, 42.39661493858187
-4.558505594759477, 42.29629040626919
-4.7014585455158535, 42.195694080447346
-4.843742254803242, 42.09443151963563
-4.986029987941695, 41.99291740117895
-5.127903936674652, 41.89072205019189
-5.269358170899144, 41.787894559311006
-5.410352346469638, 41.68438370782917
-5.5506516736876375, 41.58033826752462
-5.690583643483778, 41.47582254943048
-5.829988515917762, 41.37063807000653
-5.96852879769481, 41.2647267220989
-6.10699136455626, 41.15858394175997
-6.245112626314526, 41.05174007181506
-6.382827370693561, 40.94414519609666
-6.5200921866310075, 40.83587717783718
-6.6566383144150905, 40.72698501224019
-6.792795272488563, 40.61742759221788
-6.928602627163249, 40.50709836144835
-7.063810970605905, 40.39614900275644
-7.198506312912272, 40.28462401561429
-7.33253371678596, 40.17234723343731
-7.4661634420204495, 40.05960043440018
-7.599058872394982, 39.945990461980344
-7.7311422148240965, 39.83181768267325
-7.862702788022503, 39.716909958497176
-7.99361680811532, 39.601134163787734
-8.123424052708213, 39.48449258138027
-8.252643903510448, 39.36703688303446
-8.381230799794665, 39.24837138958603
-8.509142798765025, 39.128828380670946
-8.636186777327627, 39.00856348416286
-8.762202913655184, 38.887582745598166
-8.887139313026426, 38.76568083736921
-9.01110648025728, 38.642937395798185
-9.134356061596069, 38.51920847558621
-9.256809230161684, 38.39447273700956
-9.378161348644232, 38.268547385055825
-9.498631028425532, 38.141663136039504
-9.618200724391595, 38.013927557032524
-9.736311365641567, 37.884816351768215
-9.853450915776213, 37.75485606733426
-9.969667884353296, 37.624124850310885
-10.084342160414367, 37.492369684809404
-10.197846163484794, 37.359591842052
-10.31044016974445, 37.2256200223251
-10.421420830724394, 37.09022817920829
-10.530949452516596, 36.953964873836036
-10.639137730592475, 36.816722799918985
-10.746436274248367, 36.678602124133036
-10.852162801446857, 36.53930716794839
-10.956528108588419, 36.398970192924814
-11.059398876568755, 36.25751496591318
-11.160757880378155, 36.115024764372954
-11.260314349245446, 35.97132115939317
-11.358118822927853, 35.826712771266486
-11.454369817629951, 35.68103594776644
-11.548937875117762, 35.53398342316868
-11.641486454471275, 35.38569228533743
-11.732243277557533, 35.236590409600026
-11.82137766179614, 35.08646454085101
-11.908706053927137, 34.9352308873944
-11.994052982393463, 34.78302206185138
-12.077774757967646, 34.62968949667225
-12.159617095246004, 34.475071378059994
-12.239362523459734, 34.31925736062285
-12.317099997604524, 34.16250874141054
-12.392452167485787, 34.004873000715094
-12.465706826096827, 33.846400633395156
-12.53692801762584, 33.6868068699048
-12.605590467341383, 33.52602142974986
-12.672129857576373, 33.36427189620694
-12.736281818371015, 33.20148730196741
-12.798234609835134, 33.037966288546045
-12.85809638052516, 32.87355822948262
-12.915460710314434, 32.70824468986539
-12.970664334794783, 32.54222298430231
-13.023509884486845, 32.375521698792255
-13.073531163395508, 32.20790296315793
-13.121109945048122, 32.03951806631678
-13.166046642974116, 31.87055088976519
-13.208255165926344, 31.70100593324899
-13.248090744708756, 31.530819970808256
-13.285233752691404, 31.35991662029325
-13.319697776211934, 31.1883423081528
-13.351143639419298, 31.016145838181128
-13.38025791901142, 30.84364022178118
-13.407000983316571, 30.670851317914302
-13.431000562397566, 30.497621050542573
-13.451981083511193, 30.323933057403654
-13.470038526977962, 30.150098686026855
-13.485341549027558, 29.97596031569421
-13.497885451073474, 29.801603772058037
-13.50751130310187, 29.627067199291933
-13.514215638554345, 29.452397266981848
-13.517905977121977, 29.277885662885936
-13.518479852534789, 29.10358385669065
-13.516630287213696, 28.929166832129596
-13.511974379100884, 28.754342006281853
-13.504316437668614, 28.5793431780147
-13.493598223315141, 28.404391302181043
-13.480004623598708, 28.229571979707085
-13.463497657551828, 28.05498650857024
-13.444019431055818, 27.88074213264249
-13.421620686498818, 27.70693429828976
-13.396345655284794, 27.533638489679646
-13.368154890513482, 27.360928025425167
-13.33712081535327, 27.18884130235635
-13.303221861118315, 27.01741189818335
-13.26656026346341, 26.84663757672803
-13.227176273012422, 26.676518885992753
-13.185175082917674, 26.507042530176797
-13.140495833662685, 26.338241894147178
-13.093277265462135, 26.17010008841185
-13.043459396671757, 26.00265500329539
-12.991197252642822, 25.835886495520604
-12.936492119206287, 25.6698211791778
-12.879374365097, 25.50447644790924
-12.819828028110352, 25.339890521390565
-12.758028863831209, 25.17604780337093
-12.694548950154715, 25.012944536814178
-12.629562893076205, 24.850575461376184
-12.562499865623652, 24.688939024970082
-12.493348998546494, 24.528200478076357
-12.421965807401065, 24.36848435181315
-12.34885294291747, 24.209596213075667
-12.273496768910926, 24.05200469797535
-12.196427994855581, 23.89513088110902
-12.11769636906315, 23.73900417126031
-12.037328390591714, 23.58380828722866
-11.955288004291015, 23.42931956686542
-11.871740602633906, 23.275657982255012
-11.786713685125056, 23.122847939565435
-11.699918800330844, 22.970916810349724
-11.61131368052949, 22.820158189823655
-11.521526350547001, 22.670150588390943
-11.430354630254048, 22.520748731079056
-11.337937189254049, 22.372116652326817
-11.244353168684643, 22.224307355758448
-11.149629351877628, 22.077297889205344
-11.053762767169756, 21.930976493756383
-10.956806392192819, 21.785206836655078
-10.85873680081799, 21.64035047699505
-10.759547419221423, 21.49632343185597
-10.659315083185684, 21.35284820214242
-10.558096909637449, 21.209932072260838
-10.456013825462245, 21.06773801082636
-10.35314960523912, 20.926407167795936
-10.249463782340806, 20.78559809281945
-10.144921263188746, 20.645353668624082
-10.039658927084863, 20.50592315455995
-9.9336626455478, 20.366954668711806
-9.827101585461037, 20.22836232626896
-9.71989504079739, 20.09055475401185
-9.612165238019507, 19.95308310002598
-9.503697878657416, 19.816150418144485
-9.394733040856808, 19.679484600836364
-9.284982033888706, 19.543320149354404
-9.174712996198966, 19.407494642018733
-9.063913082668261, 19.272020707964987
-8.952785488567867, 19.137138097872388
-8.841313182152254, 19.002845927281886
-8.72929058798321, 18.868850640770237
-8.616715183376419, 18.735175611425426
-8.503752274591399, 18.60187704927136
-8.390217060916532, 18.468869226478315
-8.275907419470172, 18.336341689792068
-8.161168482321157, 18.20419232488084
-8.045998026527876, 18.072498511518905
-7.930268809956952, 17.9412106876195
-7.813990310271615, 17.810315193465055
-7.697604733251587, 17.679642800993644
-7.580783657228329, 17.549675796191412
-7.463322964628372, 17.420248608480524
-7.345199672080987, 17.29140770798027
-7.22635772433046, 17.163153528100725
-7.1068086027894015, 17.03532592521732
-6.986491900144072, 16.90812751054373
-6.865124065178944, 16.781996102135853
-6.743015179908377, 16.656885214616885
-6.620538382857179, 16.532438862966085
-6.496827039858078, 16.409100296952857
-6.372726915370506, 16.286032989309003
-6.248839845711524, 16.162652649924635
-6.125359315599369, 16.038767307877304
-6.002447948231362, 15.914668792397695
-5.880003375737304, 15.79028626062416
-5.757837193189676, 15.665483133949952
-5.6361533014998, 15.539851277777814
-5.515011625842441, 15.413660123961739
-5.39414074907098, 15.287221721801206
-5.273831910360037, 15.160260040412759
-5.154362475079295, 15.032700530690956
-5.035874186480773, 14.904370967848644
-4.91789437518946, 14.775466292992967
-4.800762044301611, 14.645732631082431
-4.684382900518362, 14.515657197538234
-4.56835387136643, 14.385126974919158
-4.453096256541659, 14.253423397790106
-4.338371557438643, 14.121218275556286
-4.224696075391487, 13.9882493824888
