4.468647674116255e-15, 13.500000000000002
0.0018603034610697024, 13.498329888965268
0.006711767604909294, 13.492610338308655
0.014806795263384655, 13.483085619060468
0.02605838884842252, 13.469682235507367
0.04035470235502275, 13.452308036795118
0.057855430089976116, 13.431095561244248
0.07858845229990138, 13.40606793088147
0.10259194287046541, 13.377259692022685
0.12986978161586818, 13.344674397187168
0.16045525984637482, 13.308337604073875
0.19433064214173695, 13.268241086809963
0.23149868142027238, 13.224387355797333
0.271999583949931, 13.176808583285936
0.3159041525166704, 13.125568192583916
0.36323555559105297, 13.070688093736425
0.41392875115257055, 13.012110242356812
0.46801112182573407, 12.94986690898924
0.5254620662793344, 12.883944751038564
0.5863765433732362, 12.8144186672688
0.6506087168995881, 12.741163827431187
0.7182494805861063, 12.664261570533611
0.7893245051114606, 12.583751246764217
0.8635764268858163, 12.499404815731202
0.941237122965078, 12.411408655751698
1.022220988345944, 12.319733401517361
1.1063836776151057, 12.224253790251757
1.1936722468039747, 12.12487726250686
1.284314446318555, 12.021838808994058
1.3781512668517089, 11.915028510889632
1.4750546317065973, 11.804322719976764
1.5749694225999922, 11.689691649049646
1.6774360324742945, 11.570782544996629
1.7819925539294466, 11.448025005375918
1.8884487701797956, 11.321909392692959
1.9967873228857436, 11.192458530325169
2.105306458021786, 11.060962469707311
2.2132545050902928, 10.927863489604167
2.3215863786675928, 10.792697312887729
2.429270853462276, 10.656094273949886
2.536570611880693, 10.519012329764777
2.6431634140658042, 10.38095083126727
2.7487738781479445, 10.241702826629801
2.8540649080073144, 10.101808074544236
2.958425819988717, 9.961306576421068
3.061583302069336, 9.820228771041426
3.1637042918393234, 9.678694092889153
3.264478776962751, 9.536485737881117
3.364580502289013, 9.393528669550069
3.4638931422758197, 9.24969747232616
3.5622664616311224, 9.105020008555371
3.659708259194412, 8.959568706703658
3.7564705863039487, 8.813958679285008
3.8524289971901386, 8.668023022203673
3.94806427419365, 8.521914508236621
4.0424230973408255, 8.37509512760677
4.135720234987813, 8.227743765757243
4.228913898089346, 8.079841481863863
4.321080954269528, 7.93095495158766
4.41199922534796, 7.7815952135624835
4.502064972404993, 7.631666366933372
4.591854861440649, 7.481278672246693
4.68039017736395, 7.330200028890538
4.7682550999651, 7.179007887245664
4.85499986601382, 7.027343381244918
4.941363585600816, 6.875436041277703
5.026409113395037, 6.722863835848996
5.111188982132445, 6.570048862256672
5.194771961101536, 6.4164818952799845
5.277748117720749, 6.26275030844615
5.3598374371158775, 6.108421697252652
5.441524227606457, 5.953877462176251
5.521885701014631, 5.79892156157146
5.602737535275021, 5.644139347697546
5.683029889312492, 5.488984868764738
5.761894364038616, 5.333363796830086
5.840609149714537, 5.1774520082574655
5.918055306354258, 5.020706289693191
5.99502814501957, 4.863955616445979
6.071877559635027, 4.707003944551007
6.147378532181058, 4.549307476416717
6.222432655446412, 4.391674646973279
6.297404310830381, 4.233807580057451
6.372050026426852, 4.075591206281876
6.445561702631554, 3.916773703002244
6.518795257886714, 3.7577542504719004
6.591725011196191, 3.598844890530213
6.663541653107542, 3.439492205186371
6.735037282995263, 3.279929511822785
6.806431268058432, 3.1201582099224705
6.879009914107674, 2.9608623220775194
6.949096063588851, 2.8005592322358903
7.01873089479567, 2.640204328363848
7.088237421289908, 2.479759996322105
7.156940268185242, 2.318942931930558
7.225421887191746, 2.1582742605714142
7.293806034078717, 1.9974351281055736
7.362076679676232, 1.836447851988639
7.429716308799771, 1.6752067723418655
7.497288444262072, 1.5137610747947308
7.564669052013172, 1.3521724928135648
7.63174289120033, 1.1905812349570999
7.698497295549222, 1.0291264107755274
7.7651110612629735, 0.867596225662384
7.831785763162607, 0.7060730499751497
7.898227529275617, 0.5446496793143879
7.964407661952304, 0.3828281423324287
8.03108143161205, 0.22099037984574574
8.09738468918217, 0.059270114801923096
8.163858526833634, -0.1022421495260562
8.230173669629444, -0.26380950664973096
8.296083776411107, -0.4258080861888676
8.362767042047142, -0.5878029274667189
8.429135912960666, -0.7498361223849601
8.495964111075539, -0.9114147071075746
8.562835265282024, -1.0727928424329336
8.63039962614825, -1.2340226934585572
8.698689260496405, -1.3949994182562633
8.766152278135108, -1.5563904357243354
8.83509777148895, -1.7172200389106809
8.903628958591751, -1.8779549075625295
8.97274319063288, -2.038167685324831
9.043646581141976, -2.1973460667966127
9.116344552886709, -2.355928173804948
9.188852126003045, -2.5150971993550164
9.242421802648106, -2.6817014982493315
9.31854891848968, -2.839087211158063
9.39522836958486, -2.995926749011043
9.473512803238812, -3.151900398412208
9.554130084619878, -3.3067002639152245
9.635641253708917, -3.4612736276547
9.717954512156062, -3.615572881378995
9.802323847296568, -3.768751155955059
9.888058721163915, -3.921316381226432
9.976443449906647, -4.072277774869866
10.066568036500936, -4.2221946315864525
10.158085361932656, -4.371201376380636
10.252675767458905, -4.518234781901891
10.348558185543704, -4.664667214912615
10.44696681442543, -4.809394122930023
10.548286440682867, -4.9519993725101905
10.65092839556109, -5.09355698826246
10.756761621443141, -5.232593194576018
10.864057638889355, -5.370589025852882
10.973122252362822, -5.5074213978518
11.085164647963401, -5.64181594565075
11.199026653115862, -5.774343049713997
11.315501659362148, -5.9044092360621105
11.434798669784387, -6.031895670192014
11.556545498464168, -6.157060716009941
11.680740163519332, -6.279822413166055
11.809936578765663, -6.3971552218113725
11.94171942278491, -6.511271224179005
12.076045518935475, -6.622117777914583
12.213051514275303, -6.729378974142452
12.352629728838169, -6.83302210712855
12.49460983843619, -6.933100971903328
12.638982920116797, -7.029443287168272
12.78559196018768, -7.122089708781573
12.934538431372783, -7.210663264155471
13.085546759255102, -7.295399111147475
13.23869029883495, -7.37592521526018
13.393728926344005, -7.452440480553514
13.55070998073946, -7.5245723327423635
13.709472189034472, -7.592363334286149
13.869969920082246, -7.655585309525681
14.032109259995066, -7.714095967386826
14.195871349290012, -7.767496894192735
14.361035054432625, -7.815960191648756
14.527548740403756, -7.8590883146123796
14.69945675261604, -7.873186914007959
14.872610705853857, -7.876871633654779
15.046208751704166, -7.870011908225604
15.219328400315861, -7.852570941639307
15.391284705140311, -7.824573013329025
15.561602590213663, -7.786037348708885
15.729388443749919, -7.7371142557815515
15.893842684408543, -7.6780249627220005
16.05429283967052, -7.6090222326643255
16.210299016641837, -7.530295506477937
16.361273081754906, -7.442123389165576
16.506495640757464, -7.344925668361747
16.64591694262672, -7.23998850719468
16.78425256727401, -7.133448723834941
16.921941202951153, -7.025904079878378
17.058245699237787, -6.917005018793077
17.19388374872979, -6.807321321519907
17.329223336530323, -6.696824848903056
17.463471281101093, -6.584910099176447
17.596827677244104, -6.47200410598889
17.72937217143676, -6.357949803611572
17.861648927515763, -6.243435091629232
17.99277526775003, -6.127718931203668
18.122976332223132, -6.011212358652521
18.25246188965669, -5.893697813586397
18.381206782562902, -5.775283602817365
18.509185059540354, -5.656061154504916
18.636280490906465, -5.535917798089062
18.76246644803669, -5.4151325349324715
18.888041754192706, -5.293550089100876
19.012825624980877, -5.1710419812973
19.136913638804142, -5.048077619777544
19.260306119921346, -4.924302500016035
19.382865095798728, -4.799691241175798
19.504518397960663, -4.674349164866429
19.625480149628586, -4.548078075046976
19.746016742228488, -4.421097334850006
19.865980203398216, -4.293680513624175
19.9848702474822, -4.165596102681359
20.102663543039483, -4.036815006652102
20.219567512498532, -3.907085364626834
20.335583614191712, -3.776446978117621
20.45085368711538, -3.645438267550902
20.56520973263988, -3.5136928698918415
20.67858627735403, -3.3807812699406483
20.791426016007033, -3.2472626225388055
20.90318210168621, -3.1128310764024993
21.013716700375802, -2.977440551159405
21.123076701831696, -2.8413607372465846
21.230687697258745, -2.7037521267057034
21.338255561393687, -2.5660266542329264
21.445916033374132, -2.4286899984187316
21.553779559821656, -2.291344732291125
21.66145302328448, -2.1536820009439372
21.769697567840204, -2.0163974406524834
21.88012197833155, -1.8807890142153383
21.991041232675418, -1.7454804644394213
22.10240398870159, -1.6104333194616014
22.21475536823385, -1.4764232645126416
22.328590721501516, -1.3438894824505847
22.443549394068924, -1.2122955570381653
22.558845788380733, -1.080666024125163
22.675413855274474, -0.9501957555955458
22.79317708357183, -0.8211409379650162
22.912420403051595, -0.6936353623739353
23.033397273756638, -0.5676201805184875
23.156117774457382, -0.4429301482883338
23.280315565234503, -0.3196816701915945
23.406061562050983, -0.19834502986342994
23.533986295185, -0.07922086162263695
23.663562626913627, 0.03816397971572798
23.794438723037217, 0.1540002750371416
23.926725223604738, 0.2682472732724709
24.061131057487295, 0.37994650469156177
24.197833412780483, 0.48916863180061865
24.336466501295945, 0.5960535069241192
24.47681549421131, 0.7003142222923588
24.61856150465436, 0.8023048366946918
24.761740428952002, 0.9018936348713744
24.906988451384482, 0.9985189258288641
25.05424943025792, 1.0920747155570976
25.203332788760527, 1.1824806170892983
25.35443030464212, 1.2699657194815843
25.507509756750935, 1.3541556536451755
25.66194437441719, 1.4354170812038143
25.818024744947255, 1.5136707400164893
25.97609625566016, 1.5884344292567116
26.135869304350326, 1.6601196521972104
26.297335148019567, 1.7279796642688883
26.4597250574005, 1.792928085111176
26.623344718577734, 1.854001274780086
26.788231529440313, 1.91092607766424
26.954604528315773, 1.9636053279628347
27.122148734364288, 2.0126960859456746
27.29081012586743, 2.058165447603588
27.46077269646559, 2.0995612987968957
27.631687779716458, 2.1374288793267
27.803694445625553, 2.1705536257217273
27.976248483772917, 2.200228736970614
28.149538874153528, 2.223632460145856
28.323103799144526, 2.2432947684113542
28.497004396410468, 2.2587994013876966
28.671219390333558, 2.2690006912258127
28.845784343774618, 2.2706408756934184
29.020462333335868, 2.268103101826391
29.19478618873908, 2.255177127122863
29.368400955542292, 2.234791366636407
29.54093259705064, 2.206450840432264
29.712179507340103, 2.1709850979931042
29.882046840431016, 2.130469118978203
30.05060450765566, 2.0847808848488
30.21798302425655, 2.0346037812552797
30.384180757685616, 1.9805213994259516
30.549306667811592, 1.92282681316808
30.71341124409588, 1.8618636987165158
30.876401092180345, 1.7981007271157898
31.03785409349529, 1.7311495871284976
31.19804517550394, 1.6618186065371512
31.356805266703887, 1.5898725506320819
31.514705447034032, 1.5156268223493676
31.67217991894795, 1.4398987851907257
31.82829484435685, 1.3614146658140012
31.98329550174627, 1.2805728826682516
32.137228732478384, 1.1973812497813563
32.29009984946497, 1.112245031506907
32.441753782111064, 1.0253740444277464
32.59220628896887, 0.9368456369636222
32.74134310581719, 0.8465993216969536
32.889388464314514, 0.7545880602868272
33.03696817850243, 0.6610741867986731
33.183325625739826, 0.56536017013549
33.328679501674486, 0.46819221106370135
33.47335460198444, 0.36997202638127813
33.616798148468035, 0.2699313036649379
33.75930604387915, 0.16834186700992126
33.900817750094994, 0.06550298261854608
34.04101536802406, -0.03881540779680605
34.18028114665499, -0.14443370376210168
34.31827756438178, -0.25165264488302136
34.455557523923126, -0.35978638681986225
34.59186804072579, -0.46913847629336697
34.72713154758143, -0.5797330308613581
34.86142131629646, -0.6919251758834504
34.99469062122124, -0.8054041933682581
35.12691227715481, -0.9197214864517653
35.25764299919613, -1.035367110956996
35.38801808014064, -1.1515751475795817
35.51745814454899, -1.2689802523377993
35.64583738680111, -1.3874309918388337
35.7731266159803, -1.5070980501906712
35.899684476991226, -1.627704107654757
36.02493449797477, -1.7496763042398107
36.14924486102014, -1.8726366514688129
36.27252275408205, -1.9966624355151905
36.39491389726518, -2.121649675257468
36.516314633544404, -2.2476847065414187
36.63716291416286, -2.3741260020152963
36.75695987637632, -2.501556616529816
36.8759656121563, -2.6297554868185964
36.99393549786789, -2.7588228565623742
37.110682052802964, -2.8886682534663493
37.22665799299439, -3.0193870292050495
37.341720934255626, -3.1510871257802204
37.455634443113546, -3.2834610431445306
37.568647556285505, -3.4166658132408356
37.68068389906414, -3.550746706444954
37.79248955940246, -3.685121733682748
37.903334572234634, -3.8203906407684114
38.01323442227969, -3.956107049855768
38.12232610519193, -4.0925680588917155
38.23081079416153, -4.23003200268994
38.33846553853, -4.368253744378588
38.44508753370263, -4.506958492559715
38.55078526313494, -4.646055008666817
38.655345564605966, -4.785696337734328
38.75895727240267, -4.925732098265252
38.861878743553746, -5.066240242857166
38.96360487177522, -5.207648652308389
39.064966306771545, -5.349665664587848
39.165692216591886, -5.492469955840149
39.265872354106, -5.63574413964624
39.36524263473877, -5.779609811250358
39.464107325843145, -5.923793439743736
39.56229629615387, -6.068408386379683
39.659449389713394, -6.213697990719102
39.75603529505751, -6.3593468773520065
39.851588006302045, -6.50582406390728
39.94671104283631, -6.652724181992951
40.04128837326607, -6.799679340970894
40.134655050463245, -6.947112058005325
40.22784425834067, -7.0948155344222
40.32007443732875, -7.243422336114822
40.412140831616725, -7.39227781013175
40.5032346580193, -7.541731443748431
40.593156301615366, -7.6916017493754
40.68273610548857, -7.841496042016941
40.77174115523686, -7.991704400855273
40.86029590691091, -8.142040672020968
40.94845556129514, -8.292431341090106
41.03631294036103, -8.44335677943376
41.12449422141136, -8.594339579564043
41.212131014055004, -8.745357546798907
41.29934973933274, -8.896724932006281
41.387081933759376, -9.048085146909994
41.47446066778445, -9.199550207942028
41.561403038187, -9.351044560740252
41.64897336807409, -9.502288650074874
41.73630329397586, -9.653901247978546
41.82422783557977, -9.805065555999743
41.91153752001986, -9.956297220712994
41.99934519032294, -10.10709678271005
42.08675961669041, -10.258169418634576
42.175569185011916, -10.408807960060022
42.26500335694762, -10.559306099061669
42.35397514131265, -10.709974343438201
42.44383211897473, -10.859995624998056
42.53422218985167, -11.009737191548087
42.62501148295356, -11.15929350695991
42.71629817502768, -11.308350684756046
42.807758926487985, -11.457399454141097
42.90014047320935, -11.605916140031436
42.9930694509204, -11.753795706965008
43.08598683707908, -11.901468693819748
43.17910523984916, -12.049250096208182
43.273380077970145, -12.1964884577132
43.36835132276198, -12.343326331248443
43.46391744589425, -12.489787653491168
43.55993055436706, -12.63565713758688
43.65670837397843, -12.780982313521843
43.754433947153515, -12.925933787151306
43.85303968848108, -13.070286490444612
43.9527745630342, -13.213893147076242
44.05327398291484, -13.357060850390985
44.154221000601446, -13.500057694648312
44.256166256655895, -13.642426046820795
44.35907362929614, -13.783793876669074
44.46256323934561, -13.924876984435262
44.567502753808064, -14.065046647247732
44.673889761454475, -14.203828414804882
44.781428162551535, -14.341423655325881
44.88971526668771, -14.478630541050016
44.999229353272796, -14.615043231619918
45.11051306389305, -14.749861699213323
45.222426513697464, -14.884175425283136
45.33534819273622, -15.017757585012095
45.45009956859198, -15.149940384878217
45.5664357791219, -15.280630290855507
45.68389137718596, -15.40997973833176
45.80202543436875, -15.538371982804904
45.921381262154384, -15.665396108874111
46.042435135475394, -15.791013642286442
46.165295391775885, -15.914965669289778
46.28946609450118, -16.03731040660452
46.41553573746485, -16.157950735911836
46.543391666484176, -16.27688995302314
46.67254736658861, -16.394472317495733
46.80301607930887, -16.510748971097517
46.93540397386586, -16.62487226047277
47.06979483810135, -16.736567788850042
47.205593461671604, -16.846172465295925
47.3428503389774, -16.95414281589095
47.4818301976232, -17.0600647167716
47.622556297394596, -17.163924172224224
47.76503454060458, -17.265641392362504
47.908679991591484, -17.3652655831586
48.054575518652754, -17.461440345953278
48.202121020922384, -17.555297352790294
48.35118458260348, -17.646973992135063
48.50171990267407, -17.736272924480996
48.65365659100888, -17.82284863251011
48.806673357144255, -17.90698323682737
48.96126478446634, -17.98764859319392
49.116965485117916, -18.065594677892197
49.273708626466046, -18.140847646999163
49.432089226817816, -18.213006751435415
49.591982754292914, -18.28218280467056
49.75299825725892, -18.348812242337235
49.91545099426282, -18.413116992431338
50.079218228099165, -18.474480092233957
50.24389173820014, -18.532621949310403
50.409614319583135, -18.587216835225668
50.57657643420716, -18.638652076465302
50.744807854547325, -18.68727601846094
50.91408920926833, -18.732295484596687
51.083922822360115, -18.774200432229076
51.254672234340106, -18.811907544839304
51.42613934919883, -18.846090988800288
51.59820990505936, -18.877007491341846
51.77103615396518, -18.904327752150056
51.94444123675569, -18.927499158807237
52.118200232880724, -18.945994473032258
52.29238372159116, -18.96084328764369
52.46689171616779, -18.972016097253064
52.64153273555848, -18.97898394022271
52.81624978565705, -18.981977437501605
52.99105341551755, -18.981023910195727
53.16581435871043, -18.976347392205593
53.340269693329454, -18.968020902288252
53.514677162687576, -18.95703811757937
53.6888760059161, -18.942807575612335
53.862761981485434, -18.92528539076012
54.03656294886196, -18.905711538181766
54.209989875720666, -18.882480054477952
54.38312329003742, -18.856797273325473
54.55567038964569, -18.828174918302953
54.727633788488525, -18.79750984955634
54.899288731670495, -18.764591343445876
55.070613531160575, -18.729563799418596
55.24132974333555, -18.691993631815276
55.41191030802808, -18.652814314428472
55.58201652854626, -18.611463556766406
55.75139604901294, -18.568079719977018
55.92008442040287, -18.522894810520175
56.08799985480952, -18.475788974664095
56.25570381817181, -18.4271574175837
56.42338421361501, -18.37676219681638
56.59050398291156, -18.32442818886999
56.75678881208422, -18.270271868863965
56.92274534824447, -18.21513341590268
57.08800325991364, -18.15795107180568
57.252716077168266, -18.09945694582574
57.416948127026664, -18.03928655546987
57.580580865018284, -17.977654788204205
57.74379907384571, -17.914739174565206
57.90643781063865, -17.850151340654115
58.06823321112631, -17.784109061252778
58.22955573962507, -17.71734889959741
58.39049090508086, -17.64931756008466
58.55080045979878, -17.57967678814131
58.71075338539165, -17.508936344899936
58.87027126947583, -17.436941515920957
59.02884776960933, -17.363486115301484
59.186800420778006, -17.288706698957043
59.34425288636928, -17.212890563326052
59.500781901951136, -17.13565518843466
59.65709438784455, -17.057555458369176
59.81283639341301, -16.977925112909517
59.96779724057291, -16.897254309690915
60.12222283617937, -16.81574046044018
60.27587373375432, -16.732741027332178
60.429349441247126, -16.648904386841558
60.582143758664174, -16.563531726435418
60.73437014834634, -16.477413850196783
60.88591751795219, -16.39034637835286
61.03671033129274, -16.301991743743574
61.18717724097571, -16.212813346622827
61.33728224399541, -16.122772482967015
61.48658559735158, -16.03145367415204
61.63530245618296, -15.939350678086038
61.78341706850332, -15.845990818023619
61.93101623809746, -15.751829741144753
62.0780182196071, -15.657200023369535
62.22390573797425, -15.561315602217423
62.3691709613975, -15.464942378384306
62.51376209501267, -15.367538651131294
62.65844921646592, -15.269482588906232
62.80243199236759, -15.170073997351144
62.94624533869844, -15.070446397490207
63.08934138548281, -14.969753071649935
63.2321393833999, -14.868891503678949
63.3745155744215, -14.76727903047617
63.516667080141616, -14.665310558622101
63.657987943395646, -14.56261870995621
63.7987711522418, -14.459162695104292
63.939268085949124, -14.35498472054131
64.07935882333521, -14.250375296207768
64.21898722824506, -14.145565432796868
64.35820604623234, -14.040496960091668
64.49746025933784, -13.93493218581865
64.63730145629286, -13.82973081755812
64.7766817623753, -13.724324618245628
64.91590125865203, -13.618719052466746
65.05534106950171, -13.512957332473338
65.1948423697551, -13.407064473195557
65.33350895217072, -13.300334631493389
65.47216520234903, -13.193839376624961
65.61032453612984, -13.086926335360623
65.74877483319963, -12.980159831621704
65.88704612890892, -12.872952754077877
66.02507405928314, -12.765839815483005
66.16250137433086, -12.658003931744242
66.30037358856373, -12.550303005703096
66.43808807851781, -12.442326206972936
66.57576051196465, -12.334646749684762
66.7126007956444, -12.226098500585463
66.84909481609698, -12.116977996980959
66.99743546749441, -12.02434082267304
67.13229746156134, -11.912787576469935
67.26750808736078, -11.80148037692305
67.40178226490322, -11.689210473017276
67.53580785953382, -11.576935135533128
67.66895343920419, -11.46389529987557
67.80147959454003, -11.350095415482292
67.93392431350539, -11.236177619184652
68.06538768547664, -11.121500481817879
68.19611807689306, -11.005768248403779
68.32649089051672, -10.889422186333329
68.45616609449188, -10.772253509626742
68.5850183642473, -10.65404912942675
68.71359747236276, -10.535476274935306
68.84107333375445, -10.415732659719374
68.96767504596605, -10.295425341994148
69.0936018331223, -10.174727271532875
69.21792009799665, -10.052619179660532
69.34111816535211, -9.929425591564794
69.46407171759664, -9.805532412017998
69.58581760216602, -9.680239654087726
69.70621948447854, -9.553962860200052
69.8260123269484, -9.426815080549003
69.94467072403019, -9.298354139580134
70.06200230576647, -9.16871021426524
70.17861147674752, -9.038445800297222
70.29404150555, -8.907215876639249
70.40870196127561, -8.775081546638106
70.52182221111919, -8.6416458723937
70.63341203950208, -8.507076133025961
70.74375818221993, -8.37136094117495
70.85255109040783, -8.234444541982077
70.95954411551719, -8.09642516028448
71.065926920964, -7.957721957996367
71.17088155989136, -7.817728441103536
71.27408766594922, -7.676750714572647
71.37632263419465, -7.5350020808749125
71.47666238559545, -7.391841438156962
71.57503947137504, -7.247385555899939
71.67182155000285, -7.101691348875855
71.76662959533185, -6.9547111727098665
71.8596967608935, -6.806581303900408
71.95138524491954, -6.65761722858269
72.04146389373082, -6.507962480664873
72.12953324075426, -6.3571232163397235
72.21577719086035, -6.204960797792552
72.3001916459518, -6.051638683652215
72.38278523045858, -5.897348649819981
72.46302778241477, -5.741987341932709
72.54128348618784, -5.585650429240495
72.61776949660236, -5.428474473702848
72.69185756822183, -5.27019294928597
72.76392453646768, -5.110784567283588
72.83430893000764, -4.950398762563995
72.90198558871634, -4.788858428897556
72.9672477127364, -4.626597083381841
73.02985315729981, -4.463560180991581
73.09046262830657, -4.299960702185008
73.1487543378345, -4.135407806117391
73.20485471368463, -3.9696954863885296
73.25836594324196, -3.8030311352563233
73.30946727774563, -3.6358226617981932
73.35815160278486, -3.46800582937653
73.40457339174826, -3.299453910706889
73.44820828663701, -3.1300290351759608
73.48928294660544, -2.9598987206971548
73.53337418554307, -2.790590044522997
73.56966419320938, -2.619695156621365
73.60297164589127, -2.44813928990805
73.63383767028378, -2.2759623526952595
73.66218030546779, -2.1032721135360832
73.68796804832756, -1.9302133017275862
73.71035132016638, -1.756932473862397
73.73011955823122, -1.583401259795136
73.74692745127035, -1.4094276486729778
73.7614399321817, -1.235297365477606
73.77296056283684, -1.0608220333612552
73.78154152520584, -0.886057880047399
73.78771730819521, -0.7112461556972438
73.786405299317, -0.5363585320552919
73.78768413763581, -0.36142590411830433
73.78538751583629, -0.18648864468996357
73.78088575765217, -0.011661385190040396
73.77367311911738, 0.16303086446645487
73.76318977831532, 0.337330105100779
73.74989059183002, 0.5114806685038026
73.74539811365557, 0.6862982749981511
73.72700503991182, 0.8603022674674357
73.70448583145746, 1.0338385206577012
73.67914659702447, 1.2070317230321008
73.65103908331272, 1.3798459494437236
73.62041200044756, 1.5520716092883209
73.58693506394735, 1.7236021786617568
73.55136336660779, 1.8947698323729714
73.5131014633955, 2.0653241437161713
73.47250022796817, 2.2353647218330464
73.42985062995716, 2.404931234120964
73.38499742960785, 2.573784874905588
73.33764344068615, 2.741940299134738
73.28791215953248, 2.9095083092257883
73.23601348094894, 3.0763874056554306
73.1815922132898, 3.242440829957637
73.12519904000277, 3.407814919990317
73.06685158715612, 3.572620046912595
73.00617398548495, 3.7368272717388216
72.94348601703575, 3.9001692089517133
72.87880013251232, 4.062689887366461
72.81206781567853, 4.2243173441665
72.74315367587961, 4.384836057296565
72.67235725473802, 4.544548924957349
72.59991804837823, 4.703677499738593
72.52576479886602, 4.862219705202183
72.44979647492424, 5.019884355446978
72.3721208577595, 5.1764361812794215
72.29283114582732, 5.331970021688835
72.21200519012778, 5.4868106951132125
72.12964621726866, 5.640910276303408
72.0454180328469, 5.794173112036464
71.95967789458115, 5.9467296594941494
71.87235692327042, 6.098161062330926
71.78372726741947, 6.24892974531994
71.69359400745944, 6.3988409769307255
71.60210175224607, 6.547633295778995
71.50971948908816, 6.6955810228415364
71.41590886873838, 6.842345542373976
71.32072507438933, 6.988448039332869
71.22413007174355, 7.13383321981319
71.1261826185082, 7.278437217712314
71.02697278381423, 7.4223951065116225
70.92650678110968, 7.565263941470492
70.82489306900048, 7.707391016575786
70.72202015938402, 7.84869123240992
70.61840252694955, 7.989306027690254
70.51345095841589, 8.129255981538659
70.40745592692878, 8.268684418624542
70.30040208874925, 8.40708661252256
70.1923906864307, 8.544425501480568
70.08366485527205, 8.681095569161686
69.97378094971539, 8.816731834116027
69.86322265937777, 8.951648133434679
69.75156666366026, 9.08592678196908
69.63895836939881, 9.219525420122267
69.52534943129702, 9.351946515041583
69.41107750395632, 9.483980115484083
69.29580099864836, 9.615321140313538
69.1795353264449, 9.745452229934351
69.06253657938878, 9.875078532869159
68.94466917093159, 10.00407254042108
68.8258351263697, 10.131966472735506
68.70616787269806, 10.259343446826238
68.58525493129633, 10.385690683379806
68.46359693914454, 10.511332871787708
68.34108026114626, 10.636131827306722
68.21758170565695, 10.759665332695407
68.09311973975117, 10.882410883625695
67.9673729734848, 11.003964038470102
67.84079712348658, 11.124372827587484
67.71310670623495, 11.24371300882124
67.5841768622879, 11.361744828996034
67.45421323058969, 11.478263137113144
67.32341969306599, 11.593726759127316
67.19108686804707, 11.707833123927305
67.05885051204034, 11.822202649369553
66.92629757638004, 11.935821426744178
66.794052334965, 12.05006136509264
66.66148163491509, 12.164186933755072
66.52961664220351, 12.278790186202665
66.39788615197958, 12.393796643685771
66.26629473269124, 12.509166655432603
66.13544486604864, 12.625253884559354
66.00476779500491, 12.741533396187098
65.87458540376309, 12.858353152613063
65.74534495643103, 12.976081724254913
65.61715555273152, 13.094927910349929
65.49453157545727, 13.219624029251998
65.36740726042186, 13.339514132806778
65.24058693269545, 13.459766718945504
65.11491512645198, 13.58125953736247
64.99019456574086, 13.703371545202652
64.8661089997098, 13.826107284925364
64.74225385383978, 13.94950800339384
64.61923016370828, 14.073836150867571
64.49726559506104, 14.199078155304193
64.37574684873715, 14.325055282235345
64.25526320659131, 14.452101659828292
64.13628385721458, 14.580218413810556
64.01811228232229, 14.708872868962978
63.90074167113594, 14.83815980843157
63.784008136089724, 14.968120532442569
63.66819060680892, 15.099172023311178
63.55366411340944, 15.231309878299546
63.43987870080241, 15.364085729737237
63.32705415490803, 15.497672957293537
63.21536176445191, 15.631883120721056
63.10506716726431, 15.767268660800681
62.9955790127744, 15.903587572166748
62.88667132057963, 16.040551505001453
62.77916727872236, 16.178733622750038
62.6727021054841, 16.31758915502915
62.5672871062451, 16.45695739538006
62.4623613167267, 16.59685230290191
62.35879959486938, 16.737889777385845
62.25653290464309, 16.87956333838024
62.15486592128796, 17.02172782810361
62.05429757515213, 17.164728646591314
61.95529566587608, 17.308683457120708
61.85717445392764, 17.453392779751802
61.760014444207755, 17.598734635065373
61.66346017097498, 17.744426512447852
61.567819072119924, 17.89092614059399
61.473405872635325, 18.038181697758603
61.38020720018419, 18.185913732273047
61.28794405229931, 18.333945032427497
61.19719029467558, 18.482620876804084
61.10757395021929, 18.631943788581463
61.01779418641767, 18.781341034219267
60.928619304394594, 18.931518053099623
60.84064324466778, 19.082604273839742
60.75409026649906, 19.23423650324521
60.66805087611757, 19.386287608619803
60.58301350201764, 19.539023680081034
60.49932578249733, 19.692380929326394
60.41610278216807, 19.846074536070265
60.33438918766544, 20.00050773175056
60.25323470136792, 20.155043636436815
60.1733166757883, 20.310383383561273
60.09421721136301, 20.46628688797609
60.015265249140626, 20.622319442909195
59.937684906830405, 20.779018609231603
59.86107647971188, 20.935989269214854
59.785072376595465, 21.09338625798771
59.7099170949656, 21.25125146286201
59.63527464664692, 21.409179296808183
59.56150143671752, 21.567616769836448
59.48858860023283, 21.72649462254155
59.416492853314075, 21.885834554159953
59.34493707214518, 22.045579517756668
59.27443434745997, 22.20575952170314
59.20500032613303, 22.366271114289074
59.136612564270536, 22.527105894375886
59.068114460455575, 22.68799223924573
59.000008458748034, 22.84900350706278
58.9331542366758, 23.010268347922885
58.867245394099186, 23.17204979195061
58.80156805164223, 23.334053268810905
58.737026242616466, 23.49639497400678
58.67266967076881, 23.658969898528383
58.609492296818146, 23.82201477393758
58.546658880523005, 23.985040282291504
58.48403914424634, 24.148290214915356
58.42222130386277, 24.311872153612608
58.36086121342591, 24.475359506712177
58.299788764480525, 24.639071007299492
58.23978786483809, 24.803294367089304
58.18016847216252, 24.96739908573628
58.12082245960944, 25.131706204552128
58.061792928484756, 25.296281496903788
58.00307033378293, 25.46108275706704
57.94464873074419, 25.626047805757782
57.88649417852142, 25.79100139208512
57.82865623069754, 25.956187382680625
57.771068830757095, 26.12142287884736
57.71368377307624, 26.286655330403942
57.65644167382283, 26.45187120185726
57.59939771853298, 26.61711975087135
57.542507833111316, 26.782378333945527
57.48570410767969, 26.947402184207075
57.428840977700546, 27.11260279964129
57.37188189782301, 27.27796759602993
57.314863637380085, 27.44304752839465
57.25846537958634, 27.608347860449616
57.201762118748775, 27.773553919201014
57.14486495244267, 27.93864361916314
57.08784395507003, 28.103895142100622
57.03042362608407, 28.269001186958786
56.972837436811794, 28.434112633113656
56.91576862147014, 28.599466156162016
56.858515300940965, 28.764491289870872
56.80075784364079, 28.929075725892403
56.742617262311185, 29.09365672626198
56.6840070368599, 29.25820535865442
56.62490268359415, 29.422509827184207
56.566536263887194, 29.58740969787933
56.507443442811855, 29.752214561191277
56.44740499819312, 29.916551146920263
56.386956358132736, 30.08058365861926
56.32570024417149, 30.244049362556943
56.26374443695908, 30.407154882587506
56.2026412428796, 30.57087429937516
56.14084072889309, 30.73445361922127
56.078083958342845, 30.897400552871296
56.0147621322828, 31.060223293365002
55.950579715187594, 31.222803451496006
55.88541723887732, 31.38472463689723
55.81977473365233, 31.546704414888232
55.75309801524333, 31.7085135233259
55.685337688047746, 31.869600982310644
55.61638774511235, 32.029976297256674
55.54661884691733, 32.190170220539095
55.47542726901032, 32.3498973193671
55.40377577948638, 32.509501339102854
55.3305511683, 32.66842017728856
55.255611907016224, 32.8262608611601
55.17953810203964, 32.983551960310905
55.102687015724044, 33.140461951510716
55.023486651453844, 33.296305937907675
54.94269559443313, 33.4514354700033
54.86008253617244, 33.60532107754092
54.77591939159472, 33.758444256757066
54.68966196562153, 33.91049029491873
54.6021563941236, 34.06182883222566
54.51247942881727, 34.2122308686291
54.420957084261175, 34.36157424126108
54.32678135467973, 34.508961808753426
54.23095568524518, 34.654983627542634
54.132831720278965, 34.79962017268572
54.031406640176556, 34.94211235254355
53.928305854954935, 35.08339198213688
53.822744678082124, 35.22283705457223
53.71477922174773, 35.36011090663204
53.604320113356465, 35.49506316913676
53.49124144752846, 35.627880320394254
53.375699520210475, 35.75861497013198
53.2573809008935, 35.8869026074764
53.13679806232015, 36.01345734387772
53.013240564530996, 36.13737849354871
52.88718044285588, 36.258742098592165
52.759118697739844, 36.37796432607789
52.62846963810087, 36.494413083103815
52.494825495464326, 36.6073828079524
52.35932237660321, 36.71795269418379
52.22135081087396, 36.82536182950695
52.080727247673494, 36.92946606163522
51.93786989901452, 37.03077391296238
51.79272458105767, 37.128792595926356
51.645764675833156, 37.22365076458819
51.49744958917242, 37.31591525518339
51.346688136112526, 37.40392257247265
51.193387427361905, 37.48765892004865
51.03825624372117, 37.568335667415425
50.881273057289185, 37.645659357038646
50.722578488172424, 37.719337821801076
50.56211958988792, 37.78901308615233
50.399632144263165, 37.8542326454389
50.23513933691672, 37.914158806576076
50.06928880552185, 37.96943192736467
49.902636170858834, 38.021413555917256
49.734502879301814, 38.06767355415978
49.5645515843185, 38.10746182242236
49.39288340037912, 38.13961632738375
49.22048227146095, 38.16691291553688
49.04629932340122, 38.18151330511289
48.87156501950301, 38.18910920199216
48.69691440012126, 38.18969729183288
48.522298530540574, 38.18511175994847
48.3478415669202, 38.175926503816484
48.173588638517906, 38.16287380876948
47.9994015601269, 38.14594259566372
47.82556752022699, 38.12591264613457
47.65233612231371, 38.10303776782164
47.479701751379565, 38.07715086328537
47.307252742446195, 38.049034038494604
47.135073747251475, 38.01826037970957
46.9632493000679, 37.984909350772824
46.791756777484004, 37.949766208889535
46.62097476492199, 37.91214491852851
46.450503595708234, 37.87274499708938
46.28045684532802, 37.83147530724042
46.111073648374806, 37.788567810926004
45.942382018458765, 37.74347854655373
45.77399495440014, 37.69676698370344
45.606112153079614, 37.648266976022015
45.43904674532171, 37.597874115726206
45.27231389526459, 37.54600682671906
45.10595637154641, 37.49258078230718
44.94030408988249, 37.437797021748764
44.77549177292855, 37.38130226635564
44.610817933544965, 37.323620718209376
44.446380602438566, 37.26450182998016
44.28253771490425, 37.20375048115467
44.11922835410368, 37.14157521535982
43.95643575344563, 37.0783509310221
43.79413667049271, 37.013456531297784
43.63234633917373, 36.94727973660393
43.471319398882336, 36.87969063971974
43.31069715105179, 36.81088144433836
43.15022889976685, 36.74122414761575
42.99037259707732, 36.669966705760466
42.83099063068013, 36.59751454082911
42.67215715606176, 36.52410648594492
42.51390221961729, 36.44952043033975
42.35605479006663, 36.374131859914115
42.198962723467496, 36.297739328280116
42.042349077610425, 36.22012632066822
41.88593695755416, 36.141318888408726
41.730145064880986, 36.06123280295733
41.575076028417456, 35.980233359108574
41.42082429129489, 35.898142010536034
41.26691175132742, 35.81532949943401
41.113568804115694, 35.73145336081037
40.96043654959482, 35.646960936789895
40.80786132702695, 35.56124142050901
40.65593232225311, 35.47451287148987
40.50461258813705, 35.38680273149701
40.35382452707314, 35.298076795362256
40.20338261918694, 35.208709510760826
40.05373308197968, 35.118404942036236
39.90458467898774, 35.02709650499338
39.756049959535964, 34.93468535969684
39.60778007790152, 34.84191812844606
39.46021790633114, 34.74811142053671
39.31358000743484, 34.65331280556449
39.167398337917575, 34.55826633772077
39.02198096156143, 34.462060100750286
38.877111267910955, 34.36463812958356
38.73267001477711, 34.266115300468144
38.58861275267293, 34.16696145464679
38.44550625744246, 34.066872338672304
38.30312560608398, 33.965885538390054
38.16122530724162, 33.864306506741826
38.020053551097014, 33.76160731870786
37.8788769016301, 33.658646476868306
37.737719077226394, 33.55544102564691
37.59614038321034, 33.452804731408165
37.45456992693315, 33.350582983449236
37.31354518523245, 33.247475905135545
37.171935709289485, 33.14503857111893
37.03000035528527, 33.04348033661719
36.88781380263081, 32.942029870198574
36.74501387438512, 32.841199755801654
36.60163762033438, 32.741609920353355
36.45754092049019, 32.643023413168194
36.3128113973244, 32.54484198564373
36.16693530396084, 32.44831584575103
36.02052380534739, 32.352628311358906
35.873428415638195, 32.25801887321231
35.72541819019104, 32.16527392037763
35.5767031016037, 32.07349299764694
35.426959415934725, 31.983269111432325
35.27629973556655, 31.894641834056994
35.12466357613616, 31.80775354332616
34.97134022787832, 31.723803704458803
34.81712977092784, 31.641421112734022
34.662335859209996, 31.56038218622499
34.5064950714236, 31.481024841062723
34.34904374827288, 31.404865063373272
34.19064339128353, 31.33089299121473
34.03119483902222, 31.25940817864844
33.87086934924137, 31.189915484889507
33.709183320105176, 31.123082831605476
33.54604409813775, 31.059971419465054
33.38202096176718, 30.999917829800275
33.21679215052095, 30.943085021395596
33.0505120850824, 30.88872690435904
32.8833322479177, 30.837187438590124
32.71475052297193, 30.790296423927767
32.54554195230295, 30.745976893637643
32.37562161940428, 30.70463832833648
32.20458856168292, 30.66767825230596
32.032899083622674, 30.633623159830115
31.860651288115296, 30.603035835535636
31.687843701720162, 30.5760528582035
31.514339116735936, 30.552498170577135
31.340397151444908, 30.532418886699677
31.166193881134074, 30.516668744015682
30.991873609460985, 30.50480175443874
30.81734940814212, 30.49652746606849
30.64251257024922, 30.49202314903464
30.467409031628378, 30.490964529362092
30.29231278109568, 30.494487636017816
30.11757886383031, 30.50167761960638
29.943327348410712, 30.513192682501828
29.769373260027724, 30.528546799095036
29.595828243013408, 30.547974850787625
29.422681002671204, 30.570981463072275
29.25015857926932, 30.598835294891476
29.07845901308209, 30.63159137556433
28.907756501698053, 30.669989840475125
28.738308916765284, 30.71413294214497
28.570760180490755, 30.76485279936033
28.406744909082565, 30.825313682549652
28.245142867447054, 30.891542170068284
28.086539137057894, 30.96454702050632
27.93009072316458, 31.042095024700075
27.775752151473284, 31.124189915394094
27.623235856504007, 31.209723549972896
27.472757620259777, 31.298304400204692
27.324424191696753, 31.389958595894527
27.177462414417928, 31.48406099759321
27.031976198296103, 31.580717818011383
26.887804041750588, 31.67959825582035
26.74511812701363, 31.7808488492728
26.603904414190932, 31.88371961636603
26.463744784405705, 31.988096564865355
26.32510706771004, 32.094559217540855
26.187817160722666, 32.20243692012547
26.051584236432685, 32.311879836806646
25.91647449102506, 32.42285238166202
25.78271746663074, 32.535490368567984
25.649871285408963, 32.64924029187211
25.51849911041462, 32.764347431676136
25.387964739151876, 32.88051273157618
25.258505810773002, 32.9979472136269
25.130448474985116, 33.11654090800501
25.00380688057186, 33.236516284118075
24.877979921041575, 33.357597285633965
24.752722716745858, 33.47943162353307
24.628739399221793, 33.60272611254714
24.505446133417706, 33.726731139588495
24.38327180046555, 33.851796090935984
24.262268875160732, 33.97795247856689
24.142268374489486, 34.104720574163274
24.023564189651353, 34.23249378074053
23.90567652892615, 34.361387928105756
23.788069632636567, 34.49078053782604
23.671775731316988, 34.62102408850606
23.55605008280484, 34.75197981699076
23.441531831977475, 34.88419773041112
23.327932959649395, 35.01688752261489
23.215460687788887, 35.150587801285674
23.1037748624684, 35.285123453880225
22.993270841164943, 35.420721967714776
22.883502410853954, 35.556874834987276
22.774605739899226, 35.69369715086106
22.666357235710457, 35.831015963266644
22.55898088537648, 35.96897949789841
22.45298796352258, 36.107958929373545
22.347843596790806, 36.247587300939315
22.243494137902857, 36.388070205830005
22.140134595279804, 36.52924253939773
22.037285028374946, 36.6705399510384
21.935529824734694, 36.81236475798765
21.83484890879802, 36.95491591997378
21.734883527735796, 37.09838856529664
21.63583580897856, 37.24270415996644
21.5378300268738, 37.38766399496241
21.440884713098672, 37.53324219705518
21.344867717048043, 37.67956715731315
21.24929782950448, 37.82628915334156
21.154919852774608, 37.97348456508104
21.06180956050808, 38.12119046088106
20.969922594637623, 38.26947079038188
20.87919331113475, 38.41862705163282
20.789350763028207, 38.5684780885576
20.70051991175529, 38.718753523068514
20.61235537000382, 38.869454293530076
20.52526513505362, 39.02123289734341
20.436200473958383, 39.17201047377005
20.349667574855946, 39.32396734757964
20.263132923214386, 39.475636496732086
20.17657143335063, 39.627162156435766
20.08964883314795, 39.77868490316085
20.003265885457903, 39.93062825707313
19.916639486129473, 40.082559319929175
19.82932759541254, 40.234156489005066
19.74154375989855, 40.38521985362178
19.65332767730954, 40.5361739019321
19.56431451112313, 40.68677655313083
19.4759698663423, 40.83748500122773
19.3868028838569, 40.987421315432805
19.296956983330595, 41.13702239654392
19.206362956433942, 41.28623864186373
19.114630002776185, 41.434770402434886
19.021956087368398, 41.58308166813809
18.928997942921104, 41.73127185585075
18.835296219908432, 41.87901193453194
18.740759191455762, 42.026237909505376
18.64565294784843, 42.172798879630164
18.54991377742463, 42.319063551927435
18.453035939617056, 42.464693408151554
18.355442936060015, 42.60964009648952
18.25689891203916, 42.75386162164803
18.15755693632664, 42.89762948931562
18.057067019538174, 43.0406520416959
17.95587568094093, 43.18324822905134
17.853745309870803, 43.32515580547613
17.7503280757046, 43.465887674240726
17.64611612930221, 43.60623457891411
17.540446890291726, 43.745621001286246
17.433822186993655, 43.8843584154757
17.32621548955302, 44.022527790880105
17.217550046184442, 44.15965924472365
17.10814256373451, 44.295879080568575
16.997079256230304, 44.43045906674885
16.90616501828381, 44.57920594966108
16.84444086758932, 44.74277882087884
16.792724662859904, 44.91026047642987
16.751435928802124, 45.080355663419795
16.72068524794141, 45.252414124439326
16.70054274290868, 45.42578283217843
16.691031638483967, 45.599808158007875
16.600912127037304, 45.74918969865088
16.501731331021126, 45.8929301531584
16.461691476334266, 46.062833191756404
16.39138126898537, 46.2226528902865
16.28656957233425, 46.362556561940764
16.23399797951554, 46.52941211904834
16.124404214595643, 46.665952612927725
16.017609797621645, 46.80490126679918
15.921872644624777, 46.95140277666771
15.796871437528983, 47.073495762092776
15.687845694105114, 47.20975486496437
15.585865883999444, 47.351081465586596
15.450964967487891, 47.461809194951506
15.318361361816214, 47.57569373390882
15.183512029966359, 47.68707965036258
15.033933918806598, 47.77789718058219
14.879279021957501, 47.85927911433751
14.729928800730216, 47.95013811087518
14.573905351888424, 48.02926502513322
14.411963743370764, 48.095556456626326
14.24732521331702, 48.15464975251366
14.0834332061743, 48.21512830000083
13.920411686618335, 48.278010286066504
13.758029089602537, 48.34259542703364
13.596384299316094, 48.4089930956577
13.434437995784233, 48.47487334576318
13.27215064461378, 48.54000707415576
13.109330943061833, 48.60362934738002
12.945912521183768, 48.665809483275154
12.78179074006346, 48.7262527693834
12.617492427354753, 48.78551118614485
12.452258044244733, 48.84237028038795
12.286160303472233, 48.89778124464808
12.119357823631594, 48.9510896570168
11.951963614807445, 49.00165119887663
11.7841393733576, 49.0499384412888
11.61596754890286, 49.096137363570605
11.447246531598914, 49.140376645556465
11.277664395613758, 49.18241432198682
11.129654232310008, 49.27523367267157
10.987797610310889, 49.376781144420946
10.852596501680672, 49.48664127663739
10.724525121068753, 49.60437029123684
10.602084403898763, 49.72759811536801
10.484283485734773, 49.85493357857733
10.370374518540832, 49.98554619014052
10.260128420047938, 50.11905284422325
10.104674460144821, 50.195242252803006
9.94436357648596, 50.26206913152486
9.779980385812564, 50.31911941066814
9.612219447905, 50.366100478257096
9.441689841180056, 50.402800683844994
9.26911465668559, 50.42903236125847
9.09486164887067, 50.44469128148529
8.919908922069814, 50.44964664835368
8.74511012140645, 50.44387991426414
8.571157694192776, 50.42744106405343
8.398500926034295, 50.40206943826387
8.225986761762956, 50.37497666968492
8.053415867545608, 50.34602087264714
7.881133807250056, 50.315248180033436
7.709323623106251, 50.28324889529747
7.537807052451857, 50.25014154783292
7.366696792087836, 50.2154214209595
7.196016532984526, 50.17847628541982
7.025368053198874, 50.14002403800337
6.8551164184889055, 50.09981431453245
6.685454320802836, 50.05821880736443
6.516421379617822, 50.01513360116906
6.34816219406087, 49.96996734896006
6.179800227243999, 49.92399663235238
6.011612001124921, 49.875964443844964
5.843997101160285, 49.82607074311736
5.676559739687571, 49.77511125974407
5.509540660975725, 49.722721358654496
5.343246520945962, 49.66841058806269
5.177150658682859, 49.61325359607649
5.011544040097672, 49.55685836805244
4.846860017924615, 49.49837746571802
4.682521191532837, 49.43890601219362
4.518231189599612, 49.37836606199321
4.354236065161361, 49.31667508511598
4.191120439714409, 49.2533828845547
4.028811285015353, 49.18872282390149
3.866871303466362, 49.12311439320496
3.7053575013883036, 49.05600625829362
3.54422495943611, 48.98772737217259
3.3837080420817953, 48.91794154884643
3.223895852868768, 48.846945299880325
3.064736477616735, 48.774888565690084
2.905948217036847, 48.701638313666024
2.7476630242299964, 48.627141128930454
2.589730475456749, 48.55228218755804
2.4324672141248795, 48.475928596001516
2.2757076195685273, 48.398641968713726
2.1194004860149445, 48.32040035467665
1.9636886637516808, 48.24093651797762
1.8087477151077356, 48.16004437342768
1.6541597854067818, 48.078544181965555
1.5002577860331188, 47.99604722020285
1.3466416364175664, 47.91264998969898
1.19361806470554, 47.82803826895078
1.0413665541609294, 47.74247783208608
0.8895032765039219, 47.656052285572414
0.7380167883553345, 47.568465091674774
0.5871674425251003, 47.479882694264724
0.4366187228611419, 47.39096219874159
0.2865170401873208, 47.301133922607995
0.13713067146534572, 47.210271777946815
-0.011470209880090454, 47.11855814760859
-0.15968991908929905, 47.026000108785695
-0.307354668590893, 46.93236649708616
-0.4549254665607697, 46.83857318145067
-0.6020184309560672, 46.74375240361271
-0.7486339941382399, 46.64810002400592
-0.8945320245121555, 46.55152999516491
-1.039666428600313, 46.45426442405096
-1.1844796697289908, 46.356967642251206
-1.3285678228097404, 46.25903257199791
-1.4724348920652548, 46.1602362576481
-1.616619228107417, 46.061201344448236
-1.7603167233923545, 45.96135089251278
-1.9036810541039182, 45.86077396819508
-2.046516441185992, 45.75957014401023
-2.1887593647562453, 45.65796477902511
-2.3308752824974435, 45.55655702648922
-2.472656729924025, 45.45466830787944
-2.614228073872832, 45.35227239779409
-2.7556530228759475, 45.249297815888546
-2.896879430088272, 45.14592991847785
-3.0381305222681183, 45.04301966904256
-3.1789296066856445, 44.939881378596226
-3.3196839734843366, 44.83648116681906
-3.4601640907003945, 44.732541602853345
-3.6003135031436893, 44.62857474675021
-3.740446893337473, 44.524495841222056
-3.8805707937296434, 44.42031463372597
-4.020674642517137, 44.316034529946926
-4.16079912935993, 44.211710240291175
-4.300667961080867, 44.107384905110514
-4.4408029121870864, 44.00319674816146
-4.5809276439823945, 43.89885100509267
-4.720897269945393, 43.79460951431091
-4.860791304804763, 43.690040727325275
-5.000951077269188, 43.585279680954855
-5.140620439601411, 43.479669488750645
-5.280236744557087, 43.374217719029055
-5.419567781126922, 43.26880315168712
-5.558984817012636, 43.1634341490739
-5.697862761006644, 43.057287947354105
-5.836405848058288, 42.9511155528786
-5.975142574658864, 42.84513367525009
-6.113697089356997, 42.73832601668792
-6.252230685333672, 42.63137633058389
-6.389803463379404, 42.52358964119084
-6.527285073797933, 42.416046614689
-6.664399134021091, 42.30840333611138
-6.800857212020009, 42.19997884154749
-6.937720102322878, 42.091407497895794
-7.073934802247796, 41.981722691056
-7.209557432091651, 41.8715273839902
-7.344610005804115, 41.76051362344637
-7.478955119262419, 41.64869823004193
-7.612882209200542, 41.5367699966446
-7.746245886052695, 41.424063024552666
-7.879387953369283, 41.31052430209558
-8.012245745862487, 41.1964600416698
-8.144196590653307, 41.0815114872569
-8.27521405031522, 40.96573950384516
-8.405746905206179, 40.849197685177785
-8.535087248355797, 40.73114829613845
-8.66322799548555, 40.612085412292366
-8.790653179632168, 40.492316482797214
-8.917464964998448, 40.37186508644793
-9.043682178404024, 40.25077621229773
-9.16903416682312, 40.12863875616843
-9.293510633554282, 40.005455698418366
-9.416855980857253, 39.881290349705154
-9.539101237971575, 39.75629243690023
-9.660375663844743, 39.63060138064241
-9.780793454647007, 39.50398532847091
-9.899681048183844, 39.375828724394644
-10.01748336130426, 39.24665062224547
-10.133981660984873, 39.11620431460979
-10.249601754668335, 38.98479365007455
-10.363907449157006, 38.85212157808822
-10.477032062390716, 38.71873736086976
-10.589366799550627, 38.58484871002913
-10.700237293182616, 38.449588673131146
-10.809825364136891, 38.313263596278084
-10.917936692158769, 38.17573436620921
-11.024477055420949, 38.03695477684399
-11.129607100665252, 37.8973336078035
-11.23310202450277, 37.75669745943924
-11.335118844183143, 37.61487290097214
-11.435274559422284, 37.4716423754709
-11.534377940095647, 37.32755045654654
-11.632002271891167, 37.18232265987782
-11.727592575864417, 37.03598963884521
-11.82094497225741, 36.88845829750724
-11.912914929622334, 36.739817156038164
-12.00296568771438, 36.5897636544477
-12.090754360067132, 36.43866476919115
-12.177291258988651, 36.28673076111442
-12.261459694722003, 36.13335793154579
-12.343802028457068, 35.97923724202917
-12.424556346924753, 35.8241801526912
-12.503449418096654, 35.66811204404686
-12.579833406495975, 35.5110568762803
-12.65365647524732, 35.352824801584916
-12.726246946934728, 35.19374847678787
-12.796507780875489, 35.033297686881234
-12.864923828697739, 34.872056355255815
-12.93061474482897, 34.709955587919815
-12.993778484436879, 34.547050164130674
-13.055082024342854, 34.38338832156013
-13.114071116915719, 34.21877978712171
-13.170776079603217, 34.053239435742825
-13.22532156776008, 33.886965581033806
-13.277269445321938, 33.720123841152585
-13.326547834088881, 33.552734095137396
-13.373418908194097, 33.38456780644894
-13.417876189778937, 33.21540645096557
-13.459869572502729, 33.04556219541366
-13.499115277981383, 32.875062700507684
-13.536348969672158, 32.704037464756425
-13.57110048918667, 32.53259143944464
-13.6032497545911, 32.36064345739265
-13.6324897773606, 32.1881615523583
-13.659468358473946, 32.01524773498114
-13.68377426712863, 31.84185346484315
-13.70577401127525, 31.668340248419206
-13.72436255516081, 31.494450038334115
-13.740246182493143, 31.320312310012564
-13.753933763117578, 31.146237988982897
-13.764782563333299, 30.972175410879192
-13.773009418023628, 30.79774529190876
-13.778609074748092, 30.623026075370323
-13.781629512044546, 30.44819037355212
-13.781951714453484, 30.27310326275571
-13.779206814572065, 30.098065249886336
-13.773624613777216, 29.923295414910278
-13.764862834628355, 29.748866551389916
-13.75378565811299, 29.57438708419835
-13.73946028578706, 29.400001835192334
-13.722534499074554, 29.22584569391951
-13.70302467420216, 29.051837020202353
-13.681146285730781, 28.878242715039168
-13.657225130746822, 28.70508991089348
-13.630582966851733, 28.532507303002625
-13.601391023902519, 28.360415499992556
-13.569748165342798, 28.18862346019256
-13.535697055816046, 28.016959607552614
-13.499471391094886, 27.84562076718299
-13.460702857210707, 27.67509575317447
-13.419768832672343, 27.505273986276713
-13.377083508088885, 27.33593160376248
-13.33194359612834, 27.16733606104407
-13.284768028066267, 26.999550010415923
-13.235164685692212, 26.832381491122977
-13.1836379902418, 26.66542460266677
-13.144757418050276, 26.49487611710496
-13.088435254388502, 26.329359983834674
-13.0303208818589, 26.164515996351522
-12.970201482243693, 26.000232428739924
-12.908154569722887, 25.836721358720627
-12.844180521467587, 25.67422314939806
-12.77842187038711, 25.51259314538185
-12.710678845126331, 25.351564460756776
-12.64109233315969, 25.1912190713901
-12.570012920437227, 25.0314675094569
-12.497503161770975, 24.872297489532315
-12.43489475944007, 24.709146635849525
-12.358501676598218, 24.551995986706245
-12.280500980445552, 24.395492350042208
-12.200899271264198, 24.239484868390733
-12.119578057174369, 24.084320601386324
-12.036633255285711, 23.930301959656894
-11.952612620951532, 23.777152444908122
-11.867183764497566, 23.62507059344387
-11.78017547885795, 23.473815758714853
-11.691894821226226, 23.323228544465803
-11.601941976380216, 23.173485104815768
-11.510239089637743, 23.024294277039758
-11.416882605872912, 22.8760631595768
-11.322025391701956, 22.729085363186222
-11.225987135227099, 22.58317568289142
-11.12866872863307, 22.43817572469787
-11.02988365655587, 22.293866530127918
-10.929828782619708, 22.150178856184034
-10.828367031805117, 22.00759189514184
-10.726258532583879, 21.865775157905404
-10.622677034378585, 21.725341314401255
-10.518243242882102, 21.58578632419105
-10.41238489355057, 21.446956109189575
-10.305304609531271, 21.308778091658276
-10.196467518327744, 21.171998106690914
-10.086681989181297, 21.035756201484848
-9.975784897099919, 20.90038766235517
-9.863999277479431, 20.765965117486058
-9.751052656729417, 20.632839240501692
-9.637708570305755, 20.500368537926697
-9.523155157140426, 20.36917023715747
-9.407461336267806, 20.238520882496235
-9.290704345591962, 20.108460876998276
-9.172975682809176, 19.979456698729834
-9.054533951996426, 19.850914001438515
-8.934982590695665, 19.723172845092193
-8.814356032299244, 19.59630520147116
-8.693036333693879, 19.47015805780872
-8.570665909837892, 19.345324633570264
-8.447565891129488, 19.221348067490368
-8.323873910304593, 19.097921634779343
-8.199122866043933, 18.97565619908272
-8.073743684704834, 18.853946141254916
-7.947664908564937, 18.732903816935853
-7.820812742231392, 18.613036002380785
-7.6931358252741315, 18.494252670187194
-7.564982209356394, 18.37575272985829
-7.435905744941539, 18.258189199747456
-7.306335584052773, 18.14092197376968
-7.175793334154479, 18.024482028091906
-7.044386219847764, 17.908841252688145
-6.9120943715611745, 17.794040503691704
-6.779459050518667, 17.68001983594204
-6.64611611246215, 17.567066048589343
-6.5119009354532515, 17.45490471695098
-6.377081751938177, 17.343371928974836
-6.241558691525069, 17.23287049628458
-6.105029552576012, 17.12354619958309
-5.968008732830606, 17.01472284335562
-5.830212538578943, 16.907014924277966
-5.691757839056877, 16.800390782720097
-5.552841511072307, 16.694451744566265
-5.412919236520343, 16.589471695336695
-5.272029294885979, 16.485576658596575
-5.130720107394474, 16.382488676276697
-4.988428602522857, 16.280628416155007
-4.845236096862997, 16.180052190781897
-4.70147969792959, 16.080424389424657
-4.556832789885191, 15.98228296794571
-4.411381546089451, 15.885588587906012
-4.264853076490677, 15.790245795514117
-4.117302519826615, 15.696405849681057
-3.9687487166146744, 15.604637008530776
-3.8193473918194716, 15.514494036232554
-3.6692815180676375, 15.424982624851951
-3.5183078855599734, 15.33648682193978
-3.367690518148403, 15.247590391607252
-3.2169634244625933, 15.159060459606245
-3.066402336601707, 15.06987545824252
-2.9161918789197543, 14.980040305684799
-2.766254487450924, 14.890235694013127
-2.6171472657671337, 14.79953904194153
