-3.8850000000000002, 14.054999999999996
-3.8833843622442292, 14.053092196386505
-3.878635520992572, 14.047287155019188
-3.8709320748929223, 14.037443024968173
-3.8603544620869883, 14.02350157627992
-3.8472045460261435, 14.005244270740636
-3.831311930427734, 13.982801597887235
-3.813106564919246, 13.955879273160454
-3.792324525426466, 13.924664672710856
-3.768992489365644, 13.889142044818449
-3.7430752484165155, 13.849336429503804
-3.714546924380027, 13.805265302131664
-3.6832926560898294, 13.757002619892038
-3.649346024814476, 13.70452664251056
-3.6127647096252584, 13.647800146116781
-3.5731751392785296, 13.587065105783648
-3.530924764728306, 13.52209692202399
-3.485804365843069, 13.453032980361328
-3.4379085417487385, 13.379813357648638
-3.3871587604631404, 13.30249710271886
-3.3337842439514698, 13.220958066571834
-3.2773885772231157, 13.135457552543627
-3.2181687872826306, 13.045847938078238
-3.1559913562449506, 12.952215525779437
-3.091157399834649, 12.85437201263701
-3.0234250059848673, 12.75250073713818
-2.952919477750825, 12.646517784031163
-2.8797712700175797, 12.536317959976216
-2.80373088925632, 12.422066797436743
-2.724944502795254, 12.30379731447149
-2.6435552901060086, 12.181560501030063
-2.5598487298286763, 12.055464062870724
-2.473591373966443, 11.925796914347059
-2.3853162234743897, 11.792483298628195
-2.295376629288555, 11.655943724345482
-2.2044802641460843, 11.516802327763173
-2.1125727062321173, 11.37586770568401
-2.020003134609813, 11.232859223362917
-1.926787346988632, 11.088071616141354
-1.8337597851422762, 10.942354092299047
-1.7413232799253056, 10.79631272018626
-1.6491819956940663, 10.649778744793162
-1.557035928158298, 10.50273785734484
-1.4646522678497733, 10.355123213383049
-1.3727401049399046, 10.206763947098999
-1.2810573745556713, 10.057956142246061
-1.1897069356177734, 9.908795065673525
-1.0990269556079135, 9.75918965386115
-1.0087945415751265, 9.609296241918072
-0.9189274319488863, 9.459219721919375
-0.8295014534566361, 9.30891606597308
-0.7401225839274254, 9.158570393272901
-0.6514828497721149, 9.007773858313014
-0.5632024828560409, 8.856796594606758
-0.4753892252763441, 8.705576645418601
-0.38802632900266476, 8.554384290899623
-0.30095397550744474, 8.402963706478575
-0.21411556976089297, 8.25102199340457
-0.12764322386364185, 8.098833532148667
-0.041603542651782954, 7.946522564931848
0.04413356449060285, 7.794007004927936
0.12936470056110516, 7.6413382360370425
0.2143191445797265, 7.4884675265060805
0.29887462415485544, 7.3353280640779275
0.38307941993567096, 7.182032337922796
0.4668529090373464, 7.028534953196443
0.550306917816956, 6.874870714045447
0.6334349823547812, 6.721039292390051
0.7162281253634766, 6.567102748255547
0.7987252038536875, 6.4128743977498255
0.8813455809003151, 6.258587970002247
0.9637144529615871, 6.104139853846612
1.045664907314598, 5.94950340375046
1.1273306517854305, 5.794682038643104
1.2086023497496032, 5.639756419981688
1.2895196629256762, 5.484786103717996
1.370124656410915, 5.329543206834068
1.450501265940877, 5.174213169124478
1.5305412341859475, 5.0189211059937975
1.6102677666099445, 4.863487062376051
1.6901196515455883, 4.707826382695843
1.7697978065775826, 4.551978202253296
1.8491126334956682, 4.3960503165697
1.9280469547083547, 4.240034863944333
2.0068114635860113, 4.08393386075116
2.0855011309308256, 3.927598155088151
2.1640105093723516, 3.7712526133107103
2.2423347368746267, 3.6149169783656485
2.320726243213303, 3.4584743077836113
2.399104118421164, 3.3020117903200834
2.4775478118790444, 3.145643920503704
2.556217933618228, 2.989475247338858
2.6348899286647516, 2.833273628522897
2.7140950361971536, 2.677296976694951
2.793475759049598, 2.5215464282341067
2.8728712576284092, 2.3656947110126145
2.952777746173063, 2.2100534141517043
3.0333248874727254, 2.0547967196772916
3.1141330281844013, 1.8994722438692635
3.1952521900785977, 1.74428253758063
3.277426090603766, 1.5899319498790203
3.360427106894968, 1.4361276124057607
3.444314503783753, 1.2827707078526425
3.5290951431215887, 1.129743665293927
3.6146817685250725, 0.9769903137864646
3.7012519296291853, 0.8247871695476436
3.788813374108184, 0.6731475204537309
3.8772432362754374, 0.5220521484099672
3.9677593417038586, 0.37239119480940014
4.059281624006995, 0.22337281014965843
4.15202897808384, 0.07504094837409786
4.246008283596478, -0.07258642715812091
4.3416097673133605, -0.21913823219948897
4.4386744145572425, -0.36449979390814113
4.538024078374945, -0.5082621900751835
4.638832328183875, -0.6511847019036614
4.741496723310439, -0.7927765911430124
4.846260367172246, -0.9325256355206484
4.952987350031703, -1.0707887786728572
5.062264732099411, -1.2073496673691053
5.173546277150043, -1.3423303332608412
5.28667249326489, -1.4758050760679056
5.401652855958516, -1.6076660349930618
5.51966886114333, -1.736757590861693
5.63970329095782, -1.8639146717377935
5.761596548995894, -1.9892278482481343
5.886342091145176, -2.111931199744025
6.013067461736239, -2.2325254829372443
6.142215928019651, -2.3504524775485125
6.273140286375014, -2.466335345702111
6.406084597119611, -2.5795097316566786
6.541685796722292, -2.6895513056750358
6.679236988601038, -2.7972121617749965
6.81878600372636, -2.902170237450863
6.960695009025148, -3.004264135334938
7.104523308075557, -3.1039427735090936
7.250732889076398, -3.2002496910615563
7.398633966406721, -3.2939831167325457
7.548075920304087, -3.3850680208076285
7.6993099608213225, -3.47287878119989
7.8521501420839686, -3.5576675587391606
8.006491412779448, -3.639604441919232
8.162516426501739, -3.718226301687802
8.320060635991661, -3.7937222282144836
8.47911393698631, -3.8659704821276786
8.639563805521004, -3.9350643034527923
8.801409454003837, -4.0008402183667995
8.964590851833456, -4.063261421752484
9.129079475634349, -4.122198239938674
9.294820202568628, -4.177574836540602
9.461808423781314, -4.229137047060787
9.629905944883154, -4.277038082958909
9.799021149807087, -4.321297550003229
9.96917841899498, -4.3614557157569935
10.140319673488568, -4.397286163526746
10.313277350888843, -4.423077399236592
10.486931587212233, -4.443857316740452
10.661248806420078, -4.458334762579261
10.835659408311514, -4.44391634034696
11.009301570861071, -4.420928964744836
11.18169259719502, -4.390305166850372
11.352619833656028, -4.353505193172045
11.522727069829477, -4.3134395634574325
11.692763665197043, -4.272339267812915
11.862540098288845, -4.230145638222792
12.031944189653812, -4.186729758317209
12.201348416607047, -4.14285270822851
12.370518857047653, -4.098358811279879
12.53940089818911, -4.052957213389987
12.708031569513308, -4.006803165599149
12.876594616656869, -3.9603369670023936
13.04497338795738, -3.913143293688679
13.213154131563416, -3.86546957882774
13.381346411070828, -3.817188055426396
13.549461972718213, -3.7684330013325047
13.717287430935531, -3.719296714359993
13.885126000923178, -3.6701309183708317
14.052865530684665, -3.6205785148926473
14.220463519044127, -3.5706528252595624
14.387950943843542, -3.52046635664893
14.555129447686634, -3.470114352901419
14.722124407490172, -3.4195675724376375
14.889206935563152, -3.3687034732151773
15.05628302776091, -3.3176565215108
15.223378351522697, -3.26645349859941
15.39047115515707, -3.2150254026917344
15.557362375743361, -3.1634783602302496
15.724408642721059, -3.1118723853774526
15.891688505840534, -3.060086172192669
16.058818212288106, -3.007974074911695
16.22564526139896, -2.9557316133045854
16.392161023597215, -2.903288885799678
16.558614627734386, -2.850607926177679
16.7252664123143, -2.7976272180957094
16.891841012608673, -2.7443055181455343
17.05832404399757, -2.6907826517180764
17.224721189462137, -2.637077119587442
17.390787213221017, -2.583152007890567
17.556623414953968, -2.5288202828498756
17.72246158557338, -2.474000003947664
17.888072984599006, -2.4184768142836237
18.05348408128125, -2.3623314829868014
18.21855449041307, -2.305099405317949
18.383478273485096, -2.247358282174338
18.548225641784132, -2.1891145672734824
18.712716311402815, -2.1302882359183655
18.876729918791202, -2.0697780887775803
19.041151162528593, -2.0100164327672667
19.205978279036756, -1.9511889004293357
19.371287686598002, -1.893600621992391
19.53709494197051, -1.837444245667689
19.70349485310745, -1.7833123238762372
19.870169921311387, -1.7302711582664771
20.037271310971924, -1.6790181411317693
20.204853068079856, -1.6292171967605138
20.372958031707363, -1.580829655630411
20.54159258169631, -1.5341451605826057
20.710809450167602, -1.489242401885846
20.880656215672012, -1.4466727906595842
21.050842346979923, -1.405886367388599
21.221250903557976, -1.3668502126640658
21.392038213413873, -1.329714103387973
21.563272710632546, -1.2941238720755948
21.73495050671485, -1.260309070281117
21.90704847068654, -1.2283387676305262
22.079439854015607, -1.1984276920849677
22.25199730581297, -1.1706023934123806
22.424900385520086, -1.1447993187555974
22.59807500749533, -1.1211222784495287
22.77146898133505, -1.0996234420906146
22.945285094415404, -1.0801177229793568
23.119377269651352, -1.0630331426448698
23.29368227835361, -1.0481270468011294
23.46814588153586, -1.0352502171626
23.642570148348867, -1.0245825653489222
23.817199073104895, -1.0160306554967633
23.99203767610387, -1.0094357360266313
24.16703742970608, -1.005154698227418
24.34223509597966, -1.0030542670409954
24.51736276632824, -1.0033065943538417
24.692335751288027, -1.0058942392014278
24.867141505611762, -1.010620645805185
25.041827321124046, -1.0174825223616177
25.216503364908515, -1.02625861293314
25.391183763553517, -1.0371063867957373
25.565705068321, -1.0500323843609436
25.740049037528333, -1.0646525111032294
25.914290258157052, -1.081433076971853
26.08830345376335, -1.1003322370798283
26.262035057005995, -1.1214635394032308
26.435382782742916, -1.144605396083863
26.608462122083385, -1.1696806805939906
26.781200230696275, -1.1970011850906233
26.95352832053206, -1.226234055710088
27.125612006514075, -1.2573277948697483
27.29751028240531, -1.2903830266912562
27.469025161475333, -1.3253795143572888
27.64003532305011, -1.3620230733828693
27.810675244546154, -1.4003034467982614
27.981042795861928, -1.4402198435515836
28.150921436288566, -1.4819789376733723
28.32029498698572, -1.5252721899272346
28.48908155661123, -1.5703476310907454
28.657367625106026, -1.6172893177717207
28.825302014789212, -1.6658618692946592
28.99274018544992, -1.7164049355828874
29.159651218647777, -1.7686866236143386
29.326097267747365, -1.8224964187839454
29.491989945477147, -1.87797952421422
29.65735544823161, -1.9349417769919086
29.82231053634867, -1.9935804875406753
29.986683404010734, -2.053812968979548
30.15042738728617, -2.1154832360848537
30.31341686488753, -2.1787317331712353
30.47577605936851, -2.2435874351524667
30.637533617068822, -2.309933213804504
30.79877388853642, -2.3775325205232094
30.959490660134357, -2.446564854190176
31.119722638469757, -2.5168909781821722
31.279179232699178, -2.588948394293099
31.437807165894558, -2.6622208133849936
31.595596849628645, -2.736835838692568
31.752868355523127, -2.8128031591972027
31.909585368854497, -2.8900364422377813
32.06570547662715, -2.9683990337111514
32.22144845538977, -3.0480193070694757
32.37661832977632, -3.1287805680330028
32.5310866702974, -3.2106020265552777
32.6847546387191, -3.294022523069837
32.837651062575375, -3.379014297727617
32.990022495766084, -3.465215166859263
33.141743959252324, -3.5525185104306605
33.29282170538828, -3.6407031560301157
33.44328658015826, -3.7299345310279843
33.59313717147261, -3.8201762737815796
33.74223197214883, -3.9116535408133926
33.89073656359477, -4.004189035102299
34.038587082630826, -4.097821637604556
34.1856119336081, -4.1927681448998015
34.33197111044632, -4.28881578553974
34.477650808067025, -4.385869040691425
34.622633203091226, -4.483940103125669
34.76695853480993, -4.582998788220249
34.91063336008036, -4.683026236932656
35.05364542226473, -4.784003349592811
35.19601360370612, -4.885846455604103
35.33775384374396, -4.988493339175418
35.478832738918705, -5.09188780329593
35.619220171614714, -5.196107518503982
35.75905322331974, -5.301085742555054
35.898335690968366, -5.406944776306296
36.036757836934214, -5.513946325251934
36.174685905281684, -5.621566852480837
36.31188940881193, -5.730063796805589
36.44848863439682, -5.839159765503593
36.58455072245927, -5.9490281172582895
36.720006680415146, -6.059557201992611
36.85490696018941, -6.170913587467828
36.9894833668757, -6.283049859487726
37.123354112741445, -6.395877535759009
37.25652747692571, -6.509147088954391
37.38889914525488, -6.622974451062113
37.52056807790429, -6.737232909387638
37.65173077241171, -6.8522542985555726
37.782682195945746, -6.968144789540891
37.91325446525547, -7.084892612877694
38.04331058726773, -7.202201138722827
38.172608433323155, -7.319973980192634
38.301327702338334, -7.438040644248615
38.42942225055239, -7.556734320546576
38.55696654120899, -7.675951845116982
38.68389236312295, -7.795681119218916
38.81046468073911, -7.91602159338758
38.9367791867131, -8.036921686632004
39.062648254604284, -8.1583668971164
39.18815540528425, -8.280234953773807
39.31314019779907, -8.40278435652594
39.437668920822496, -8.525723820354765
39.56166869870134, -8.648862416735927
39.685278101460106, -8.772328955231613
39.8082960806583, -8.896320242530146
39.93101959456872, -9.020681561604244
40.05332791645822, -9.145518295933693
40.17530110735242, -9.270657912800871
40.296941533848106, -9.39643730315169
40.41825542845039, -9.52270950924141
40.53929943733701, -9.649123546151563
40.65985084652448, -9.775714509108814
40.78002332594117, -9.902594831904015
40.900167681032926, -10.02978107652764
41.01992886723749, -10.157333723720742
41.139226272488976, -10.285143828958207
41.258480121870036, -10.41299391707644
41.37721268318479, -10.541466190013079
41.495542981669864, -10.67027225280868
41.61349608239968, -10.799311292831602
41.73124043088692, -10.928756340577163
41.84872286699965, -11.058523819090942
41.9658830321326, -11.188568950215112
42.08278207551129, -11.318741134043117
42.199237480702784, -11.449143704187447
42.31529117928953, -11.57986601223661
42.43094794778609, -11.711146471567986
42.546631313178885, -11.842482370453222
42.66171624147451, -11.974029404407228
42.776281098527534, -12.10608891200738
42.89056841496826, -12.238429759768762
43.0044973117857, -12.37096462630797
43.1178688714914, -12.503864696475029
43.23070451958543, -12.637190279354103
43.34347417818563, -12.770821504830918
43.456255132223646, -12.90465563515689
43.5695370046632, -13.038159314377857
43.682799561874575, -13.171536017084172
43.796415562405464, -13.304348745546516
43.91046912773497, -13.43676863780045
44.02518782618263, -13.56879476461643
44.140399996389675, -13.700330900374555
44.25672312050614, -13.830911590580751
44.373844747617895, -13.961044624709901
44.49201172592002, -14.090376529783166
44.61112494394503, -14.218722707160383
44.7310586119361, -14.346014395909707
44.85183158054213, -14.47227256169892
44.97342606769993, -14.597588088890559
45.09596872833681, -14.72191335181057
45.219609583276686, -14.845122482812535
45.344251682972406, -14.967328822143848
45.470011647435996, -15.088422091019112
45.5969813457242, -15.208304569924286
45.725224670476486, -15.326896055334384
45.854710959349575, -15.444210179643788
45.98553044638961, -15.560120900774777
46.11768972760525, -15.674587492579963
46.25110647325834, -15.787669976275339
46.38601276325098, -15.899051750287727
46.52236760612743, -16.00873071634712
46.66036227584362, -16.116407326705698
46.7998695029147, -16.22217313180256
46.94080670410116, -16.32606558512615
47.08313622112022, -16.42806622482543
47.22698465244304, -16.527923693557433
47.372359955698045, -16.625544520972053
47.519195634632396, -16.72094234230445
47.66763992271823, -16.81379085460686
47.817476022212475, -16.904338309042043
47.968606851225246, -16.992660448192286
48.12108532902562, -17.078580203401703
48.27505513157701, -17.16174053195559
48.43037108701559, -17.242304580115537
48.58703209375872, -17.32017272577234
48.74499999726616, -17.395317831423753
48.90413306175975, -17.46794010766902
49.064417937209186, -17.537975817596507
49.22586542050635, -17.605299437481612
49.38855179719462, -17.66959801558672
49.55241073516705, -17.730884656769195
49.71735759005737, -17.789228098812742
49.88334391800551, -17.844600884521984
50.05021236973559, -17.897313290455042
50.21804023618238, -17.946942546706374
50.386750323031556, -17.99354068000746
50.55632660591362, -18.036931220317477
50.72671577730241, -18.077052472030918
50.89780594780703, -18.11410499012725
51.06955520641155, -18.147995472223965
51.24194588356037, -18.178469051865388
51.4148961548673, -18.20558994178149
51.588373671017855, -18.229091135979075
51.762290934904584, -18.24904998519987
51.93658748160815, -18.265315782224295
52.11120053564533, -18.277644958894125
52.28604541999873, -18.285922558113192
52.46103201291694, -18.289957238538562
52.63605711532721, -18.289682211312
52.81101514824975, -18.28511649632397
52.98581116832683, -18.276460456301937
53.16035343021656, -18.26376391717673
53.33455823996753, -18.247124429006018
53.50836548197955, -18.22678544044758
53.68171591293946, -18.202886294240177
53.85456029876084, -18.175578129958808
54.02687734051859, -18.14512240112175
54.198641041057705, -18.111685191528743
54.36984604226792, -18.07549160519535
54.54050092811024, -18.036782045766795
54.71059206591705, -17.995661911896505
54.880156948652974, -17.952420601875183
55.04919482134266, -17.907163307077326
55.2177369258631, -17.860095999843306
55.38579953365314, -17.811348609609304
55.55341559066636, -17.76109212248109
55.72059939821996, -17.70942016616931
55.887377518325, -17.656455868678584
56.05379891718907, -17.60238111944989
56.21981423566803, -17.547070068327788
56.38543910513781, -17.49059634580543
56.55067451393979, -17.432986660317898
56.71556393975868, -17.374385719718326
56.880101554397505, -17.314794449456443
57.044328359093875, -17.25434149313782
57.20826281560334, -17.19308819685028
57.37190130969104, -17.1310367890694
57.53522334250652, -17.06814731212369
57.69823136929509, -17.004439049636183
57.860955161916145, -16.9400018747506
58.02335697560232, -16.874754949988024
58.185453956272916, -16.808754182991755
58.34723735673665, -16.741990819721718
58.5087093023915, -16.674482838416605
58.66985505298416, -16.606208124748353
58.83065745840346, -16.537140116728654
58.991121505265156, -16.46730411266783
59.151261684110914, -16.396741852833415
59.31105390592075, -16.325405421764277
59.47050326930072, -16.253316194071378
59.62960173541546, -16.180467043869676
59.78832224289578, -16.10681034169507
59.94667414884609, -16.0323770665371
60.104673933222905, -15.957207623014499
60.26230124633328, -15.881262867604098
60.41955702100364, -15.804551503333794
60.57643564704654, -15.727069813944908
60.73292869034623, -15.648809257488383
60.88902770571466, -15.56976177576094
61.04473761385851, -15.489945417814495
61.200066431544386, -15.40938332554716
61.35500619284993, -15.328067541756122
61.509552255269426, -15.245997110398998
61.66368435274746, -15.163142630391755
61.81740538139534, -15.079518883605386
61.970703149487875, -14.995113177291001
62.123578781938186, -14.90993744267582
62.2760482174939, -14.824029694911815
62.428113782440356, -14.737402966394617
62.57973976027418, -14.650003957457765
62.73093579789383, -14.561859059465315
62.88166440338478, -14.472913937046133
63.03195591486976, -14.383229858971417
63.18181140705197, -14.292817708630947
63.33122550818274, -14.201677597475097
63.48020536714887, -14.109830045988238
63.62874356288446, -14.01727159263691
63.77682077916496, -13.923979959832938
63.92439093638092, -13.829891246337308
64.07147471753066, -13.735047167008908
64.21807878055031, -13.63946677288456
64.36420007187309, -13.543153732678137
64.50984945514016, -13.446132383157597
64.65499540007396, -13.348363228664835
64.79964517663977, -13.249864930328718
64.94381139259808, -13.150663246140676
65.08739893406278, -13.050628095989534
65.23047545006642, -12.94986486873343
65.37301319186702, -12.84834188743749
65.51502703241584, -12.746087818833841
65.65651853430737, -12.643112205534685
65.79745658174514, -12.539379975820397
65.93785362262224, -12.434915883998979
66.07767864929073, -12.329686362093792
66.21681113873674, -12.223541660160269
66.35530442866278, -12.116562821973305
66.49315455298809, -12.008754955261507
66.63033270861283, -11.900092056217582
66.7668513689405, -11.790600830207376
66.90267656356764, -11.680250041745241
67.03779787333627, -11.569038506675208
67.17223913114013, -11.45700635343014
67.30597582994669, -11.344135153349331
67.43896577364583, -11.230386601621776
67.57116939095708, -11.11572700331746
67.70257425515658, -11.000155000809723
67.8331916941794, -10.88369611354159
67.96294221610324, -10.76627447583794
68.09179565160372, -10.647871278422953
68.2198037665443, -10.528556705658456
68.3468670515972, -10.408238197715535
68.47302199733298, -10.286968967015815
68.59821683860727, -10.164709687434494
68.72242287364861, -10.041446318703214
68.84561010795827, -9.917164543237078
68.96768351083936, -9.791787750137368
69.08864988172634, -9.665341120873714
69.2085606362104, -9.537890942434027
69.32737704650772, -9.409417305275001
69.44504026770527, -9.279883704788917
69.5615238868475, -9.149284831150105
69.6767900683452, -9.017606148884454
69.7907663849656, -8.88480509360056
69.90343783522255, -8.750890611033816
70.01477130312776, -8.615857042556685
70.12465402494004, -8.479635741081527
70.23315954550877, -8.342310477405519
70.34020638755882, -8.20384152095492
70.44562437714723, -8.064125830448281
70.54949268912587, -7.923252061001047
70.65174406625903, -7.781199202862635
70.75237658117142, -7.6379949531228
70.8513287318832, -7.493625375373082
70.94859081249469, -7.3481136397613405
71.04410972302726, -7.201454378148126
71.1378742718225, -7.05367076826797
71.22980857341986, -6.904745558307384
71.31991382150927, -6.75471072409925
71.40810798780214, -6.603548740783827
71.49428819491202, -6.451233708821089
71.57844597450485, -6.297796067124595
71.6605391949666, -6.143247833893411
71.74063406326002, -5.987658202098237
71.81860435130356, -5.8309963507929865
71.89447078066402, -5.673307767290671
71.96814261780092, -5.514584582662166
72.03964513709978, -5.3548745609263895
72.10892652644345, -5.194190389633564
72.1759121911631, -5.032537068062626
72.24063144821442, -4.869963975336449
72.30298685221635, -4.706470231099915
72.36306195123643, -4.5421251672308784
72.42074867446807, -4.376926689068268
72.47587105200466, -4.2108548878481615
72.52854970115648, -4.043991504848804
72.57873603359984, -3.876361275784721
72.62643510086768, -3.708006002401426
72.67158095001562, -3.538947807164132
72.71418123274742, -3.3692299696156107
72.75411374683173, -3.198864459771439
72.7914551249988, -3.0279120510453437
72.82614637918073, -2.8564019970214876
72.85821615856611, -2.684382291611936
72.88761284804336, -2.5118855055398708
72.91431624998202, -2.3389511572611728
72.93825136140975, -2.165611795117766
72.95937976822006, -1.9919076760275398
72.97772871649856, -1.817887461863961
72.99323617176864, -1.6435903186089638
73.0058487044689, -1.469058920687825
73.01562085805975, -1.294344387782543
73.02248387575891, -1.119490216879224
73.02661404799103, -0.9445488553510573
73.02787408890902, -0.7695620004970756
73.02625835895628, -0.5945767490817091
73.02170494616396, -0.4196419868439318
73.01424468586853, -0.24480576348017516
73.00378132548711, -0.07012233452443392
72.9903275909208, 0.10435736575249985
72.97393405764251, 0.2785864711990429
72.95453096210483, 0.4525069668693749
72.93213847559099, 0.6260685067731425
72.90689774701534, 0.7992391838179976
72.8787941683255, 0.9719685049417754
72.84780063321365, 1.1442026673080923
72.81401539299988, 1.3159108616424282
72.77741846470288, 1.487041543618228
72.73804177618561, 1.6575537186704925
72.69592737022553, 1.8274100573254337
72.65110952163405, 1.9965727881921906
72.60373225323045, 2.165036267550336
72.55375238288917, 2.332745637149462
72.50132723996353, 2.499706493467194
72.44648227019931, 2.665887968935874
72.38929387933754, 2.831277585959865
72.32982784157115, 2.9958621797187566
72.26810838783129, 3.1596155189532715
72.20423137639568, 3.3225401329872257
72.13826244666699, 3.484630095061939
72.07028013574723, 3.645887325505332
72.00034190591889, 3.8063074838961106
71.92851693986248, 3.965893530959786
71.85494247347002, 4.124682439477568
71.77962673528366, 4.282654733720732
71.70264583186876, 4.439824169594226
71.62402678109959, 4.596182430469221
71.54387958765675, 4.7517646706479475
71.46227414184757, 4.9065885926349315
71.37921948079011, 5.060641294661989
71.29481232497628, 5.213958249837546
71.20911012095641, 5.36655588139599
71.12217645423917, 5.51845576924242
71.03406831903804, 5.669677479865296
70.94482473778947, 5.820231473831841
70.85449555348646, 5.97013583613831
70.76312230661495, 6.119404889707964
70.67076772315896, 6.268067083388155
70.57747056297629, 6.416137470042626
70.48326790929762, 6.563631102130771
70.38822433574386, 6.710581733097762
70.29236685460188, 6.857000080731543
70.19574345958266, 7.002911425220529
70.09838205046943, 7.148328732200795
70.00031866876809, 7.293271188244238
69.90159641934748, 7.437763595325719
69.80225121918245, 7.581826744695686
69.70231746934782, 7.725481026773923
69.60182132856843, 7.868741572949018
69.50079421967693, 8.011627715458674
69.39927770938641, 8.154166611321939
69.2972862945363, 8.296366679571225
69.19484863915666, 8.438246662208861
69.09199426411134, 8.579826214037725
68.98873474902022, 8.721112201514325
68.88509940316749, 8.862124579372807
68.78110830502301, 9.002876727099721
68.67677291868289, 9.143375750692615
68.57212043728484, 9.28364052912855
68.46718116379857, 9.42369247959615
68.36194628475941, 9.563523832838948
68.2564246147935, 9.703140009349706
68.15062610393734, 9.842547318614526
68.04456539975159, 9.981755726898832
67.9382422991601, 10.120763979878959
67.83166319488042, 10.25957588782244
67.72484744469658, 10.398205322860608
67.61779063745679, 10.536647981874212
67.51048232633919, 10.67489487781542
67.40295455877624, 10.812970085997234
67.29518539846916, 10.950855803568608
67.18720204053493, 11.088572630928454
67.0789496037595, 11.226076856153044
66.97042287253836, 11.363363562431173
66.86163079927061, 11.500439051949359
66.7525455296928, 11.637280414561408
66.64302224127294, 11.773770690697022
66.53318372156518, 11.910006836272302
66.42284630682272, 12.045838807002218
66.31198066023836, 12.1812396825695
66.20070821533494, 12.316306268634516
66.0890634891558, 12.451065156687669
65.97703181983654, 12.585502409663857
65.86429098649278, 12.719345349506813
65.75080393590795, 12.852555871748889
65.63670608620369, 12.985243122103592
65.52188787474226, 13.117306685192737
65.40654810467363, 13.248913764665433
65.29098813984707, 13.380326452651342
65.17524993300174, 13.511581422897006
65.05949155710974, 13.642818029090849
64.94395188667252, 13.774247154439616
64.82854113375524, 13.9057896951791
64.71345730854803, 14.037618670965491
64.59880693400369, 14.169825201583361
64.48467683320226, 14.302481330046414
64.37114001003482, 14.435645537975823
64.25827714606258, 14.569381211117896
64.14614393941459, 14.70372899141548
64.03475240280608, 14.838692007819343
63.92415701368346, 14.974307842458302
63.81438865551808, 15.110593734930495
63.70566350992522, 15.24771333108772
63.59797052871182, 15.385645121976765
63.49116344224408, 15.52426353956441
63.385275586542704, 15.663584524838303
63.28035316428875, 15.803633937747612
63.17635315206528, 15.944370518137763
63.07327256067539, 16.08578165271668
62.97108456146237, 16.227839769093045
62.869693014435086, 16.370468174168852
62.76908903328254, 16.51365296867312
62.66935403243161, 16.657444649606962
62.57045884666833, 16.80181522201788
62.472406902128206, 16.94676009293861
62.37520098208817, 17.09227406740858
62.278773804014186, 17.23830582847992
62.183100705618344, 17.38483342198408
62.08817494622385, 17.5318471220161
61.99402060237726, 17.679357144873794
61.90061169570154, 17.827341612199525
61.80809599485808, 17.975887933961832
61.7161669077032, 18.12480004771978
61.624969340226315, 18.27416288959618
61.53445830415925, 18.423944598171886
61.4448215083942, 18.57425394830444
61.355801189273514, 18.724931972596952
61.267439704586394, 18.875998896450955
61.1797318098813, 19.027447039411424
61.092677736114354, 19.179272758470542
61.006328379810064, 19.331500748284896
60.92067338254254, 19.484119067087164
60.835680312200964, 19.637105522380807
60.751326553196506, 19.790445322677936
60.66759006108134, 19.94412293026743
60.58452868993869, 20.09816553042616
60.50218816036396, 20.252593689183765
60.42039204643302, 20.407310137396273
60.33929732201054, 20.5623943552715
60.258684924675386, 20.717728558545176
60.17866079932944, 20.873364955173027
60.09926066956491, 21.02931887471446
60.02038699130256, 21.185537757070755
59.942107123987135, 21.342052885636452
59.86440478897661, 21.498853602606875
59.787300502008065, 21.655947467402942
59.710746764271235, 21.813308830993435
59.63474300157078, 21.97093539792313
59.559283410139244, 22.128822464830467
59.48434516806311, 22.28695734452136
59.40984934400625, 22.445301118800106
59.33584143595937, 22.60387377266285
59.26232537607963, 22.76267563688977
59.18936329624382, 22.92173375313114
59.11684811354544, 23.08099730692583
59.044794155355234, 23.24047133487676
58.97322613475481, 23.400165405336576
58.902058489663574, 23.560039618324584
58.831313863633646, 23.720102641122857
58.760967583280845, 23.880342163640307
58.69101934572283, 24.04075668874816
58.621505357122054, 24.201360597742305
58.552399000967554, 24.362140940520682
58.48372291234091, 24.523106027302706
58.41538769709652, 24.68421651896504
58.34767563576005, 24.84559053495
58.28029264001038, 25.00710233510195
58.213259743276375, 25.16875933071407
58.14660614534907, 25.330572685333475
58.080304479919846, 25.492529955080467
58.0143318409463, 25.654621045994862
57.948667493288944, 25.816836843080743
57.88329774071944, 25.97917122797394
57.818190697373176, 26.14161087712084
57.75345295449064, 26.304197856888333
57.689031768848814, 26.466910416907737
57.62491602270583, 26.629743527895606
57.561073305685774, 26.792683859346663
57.49749544324677, 26.955727690889503
57.434158647898926, 27.118865259707654
57.37106893332527, 27.282098429416752
57.30818046860064, 27.44540906962066
57.245470288337536, 27.60878801633147
57.182939410296825, 27.772235372894784
57.12049737116217, 27.93571633928336
57.05823384483207, 28.0992649824883
56.99606044656026, 28.26284746076791
56.93397169238164, 28.426461600327936
56.87194596197784, 28.590099146324413
56.80988242771844, 28.753721863799754
56.74771022682994, 28.917302862051955
56.68539893193317, 29.080830514276517
56.62290771428117, 29.2442891499888
56.56009995861589, 29.4076261587111
56.49696665706434, 29.570837434512647
56.43350285182615, 29.73392037797677
56.369605600021586, 29.896833915731666
56.30525609408698, 30.05956927856423
56.24042953623978, 30.222115117431773
56.17505846410311, 30.38444260840708
56.10907981267067, 30.54652391705771
56.04248933834175, 30.708354630759057
55.975020151142424, 30.86982072589689
55.90682373647057, 31.030980725861387
55.837678063004006, 31.19173537321209
55.76750930630967, 31.352045661809928
55.69635162342551, 31.51191899700194
55.624075205701295, 31.6712892644078
55.550430841205085, 31.830031556024295
55.47550865458623, 31.988174183783624
55.399354428195196, 32.14572654870737
55.32174040181162, 32.302564122604046
55.242628777054904, 32.45865079258579
55.161777795006024, 32.613842831649904
55.0792362157154, 32.76814163474161
54.99490133871767, 32.921466996227316
54.90853651379409, 33.07365756955636
54.8202443087431, 33.22473761443495
54.729916683648014, 33.374609197791266
54.637182173392596, 33.523003072717344
54.54236712324836, 33.6700758458527
54.44534426851343, 33.815701080998586
54.346090491015744, 33.959814610512026
54.24420368211353, 34.10207840590349
54.139978153973914, 34.242637619546976
54.03324914394916, 34.38130512284855
53.92408666428524, 34.51806492848509
53.81215568018853, 34.652567944119106
53.69751775003406, 34.78477029460813
53.58029684676973, 34.9146869556282
53.460135293463765, 35.04188914212807
53.33741317150237, 35.166623887568825
53.21211793356658, 35.28877421605309
53.08407294966313, 35.408038704925424
52.95363161029835, 35.52467667615844
52.82062869045714, 35.638383516433414
52.68511807718478, 35.749088577508445
52.54745940372292, 35.85710963648214
52.40749724676218, 35.962126968487745
52.2653630613924, 36.06418340574129
52.12088464093398, 36.162891157848215
51.97450332171829, 36.25875250222063
51.826189609327834, 36.3515931354355
51.675893715081486, 36.44118602031702
51.52382382147787, 36.52773031891766
51.36997237387781, 36.61106237530792
51.21452299693355, 36.69136944965698
51.057417567452035, 36.76838058455595
50.898637607223954, 36.841871297628614
50.73844523344644, 36.912224263639615
50.576799714051006, 36.9791645603136
50.41368517586384, 37.042434746924364
50.24912143036285, 37.10182782012154
50.08317721506381, 37.15724257623593
49.91585865692569, 37.208357505758315
49.74729665678033, 37.25521826125812
49.57759505047176, 37.297786681812184
49.40673115723993, 37.33545557392023
49.23178997431771, 37.34047728501106
49.05693001535756, 37.33477367517056
48.88287022142468, 37.31838506817067
48.71025330441757, 37.29139397267801
48.53958724134073, 37.25388827093755
48.3713220821054, 37.2059435566809
48.206287445535686, 37.1477725434719
48.04437660372517, 37.081420241227754
47.883404994253404, 37.01278911897632
47.72310153176628, 36.94302255023018
47.563226820008495, 36.872308469486164
47.4041095406986, 36.799939374740234
47.24537820763289, 36.726793844501756
47.08726608126157, 36.6523861199985
46.92948597768828, 36.577154787760826
46.77210800617217, 36.500884901614285
46.6152482555895, 36.423631197171666
46.45867526050878, 36.34537503503445
46.30253696510932, 36.26623716906958
46.14687073560998, 36.186444926029104
45.991628378059374, 36.10573137810968
45.83679897948477, 36.024400111844706
45.68247214090838, 35.94231903942295
45.52829465956745, 35.859600481609334
45.374346152429816, 35.776258023350266
45.22082126572902, 35.692284753898726
45.0676791453682, 35.60792780116543
44.91477718777069, 35.523028392691174
44.76205247359086, 35.43770391458667
44.609498126202254, 35.35204055477061
44.45721498407929, 35.265862756964914
44.305192866101734, 35.17932192555389
44.153436622984295, 35.092411871281996
44.00199076061408, 35.005320754412175
43.85065503701578, 34.91790262596421
43.69946891147041, 34.830232082893644
43.548422894317014, 34.742392265778264
43.39733511060892, 34.65419715786336
43.246413020430296, 34.56571661363572
43.09556482898745, 34.47713969158406
42.94460921091884, 34.38844265542558
42.7938283775393, 34.29960940310541
42.64331959789155, 34.210806951069465
42.49296110958427, 34.1221394199616
42.342733160716584, 34.03332731209345
42.19253353790228, 33.944263134814925
42.04209163059146, 33.85528102634211
41.891414973317275, 33.76620891437597
41.74083315327482, 33.676925229077426
41.59038269017351, 33.58785407811981
41.44022532373982, 33.49837807164946
41.290245498648325, 33.408748760729054
41.14014566401668, 33.31929811400777
40.990147277702796, 33.22965505578449
40.84042744856039, 33.13941135613423
40.69069142288111, 33.04905844465238
40.541302314836074, 32.95828058548495
40.39212241051745, 32.86676361958101
40.24329371067322, 32.77461346491627
40.09444849206744, 32.68280689257476
39.94560462364553, 32.59093425255652
39.79646685377449, 32.49963492135941
39.646671273326554, 32.409678671808265
39.49599591485526, 32.32112644199413
39.34403224609647, 32.234503407164105
39.19056461593671, 32.15021037623439
39.03605717987138, 32.0678014873362
38.88064748582428, 31.98735091169571
38.72435499250017, 31.908960047379995
38.56700785897789, 31.8327543219813
38.40771445901221, 31.760588992134714
38.24754848374099, 31.690223528590174
38.08624197069862, 31.622147005257975
37.92386739741952, 31.556426072141434
37.76070806082035, 31.49293208084787
37.59680474075123, 31.432099074117435
37.43180091254957, 31.37459991497334
37.26576110483983, 31.319910136176958
37.0987514881121, 31.26774969648955
36.93108383463427, 31.217820017835983
36.76243608534422, 31.171229488334983
36.5930419307214, 31.127345016938797
36.423006482108065, 31.08655076962397
36.25202826242277, 31.049418750939324
36.080589568667975, 31.014530009532788
35.908754731595444, 30.982321684925953
35.736155966423894, 30.954176143768162
35.56303449121516, 30.92855607664036
35.38946270478414, 30.90597446573604
35.215243657750946, 30.889918991329584
35.04118477635903, 30.873842265948575
34.866931479810894, 30.8610486277348
34.69230599818335, 30.852003647601556
34.51740545060508, 30.845918497425888
34.34246640118473, 30.843699123732748
34.16772113532131, 30.84627151135609
33.993132799522094, 30.852594426678227
33.81857797975632, 30.861649966967647
33.644251301445706, 30.875699257011934
33.47046789353669, 30.895899752206798
33.297175097074266, 30.920509886961035
33.124838951189204, 30.95167759326869
32.95382019687311, 30.98905487777976
32.78420225449416, 31.03153529179387
32.6160097044876, 31.07892680110775
32.4490159458232, 31.130294711802147
32.28328450863475, 31.185813525798483
32.11857878045678, 31.244957265021416
31.95496446331488, 31.307172693179666
31.79273670070514, 31.37226598842478
31.631791157303727, 31.44012333021896
31.47180847435605, 31.51032887578578
31.31272999856392, 31.582818993781558
31.154565639903467, 31.657513759003837
30.99741432568471, 31.73430123684831
30.84104251463494, 31.812695790475832
30.685397124107812, 31.892705914039492
30.530501763513804, 31.974325309455878
30.376350157520818, 32.057249217557725
30.22319232525332, 32.141512033643075
30.071094835760032, 32.22722270482575
29.91976779791588, 32.314476123164134
29.76902681039635, 32.402895217351436
29.61911168224448, 32.49261007090441
29.469902879153754, 32.583504192716156
29.321412940445963, 32.67572296687693
29.173525838716234, 32.76893221161673
29.026338740641293, 32.86334195390431
28.879802269960972, 32.95885633581893
28.733851535924956, 33.055276844414855
28.588634628152885, 33.15293027850355
28.444002043128833, 33.251451640647616
28.300095708164818, 33.35107282840016
28.156855691602267, 33.451620848147066
28.014220732641476, 33.55292797103565
27.87231390579204, 33.65512552390115
27.731036152840677, 33.75821091920125
27.59026510011604, 33.862075442604336
27.450056556370203, 33.96683549441793
27.310408822336125, 34.072415597518344
27.171384771243368, 34.17876746168448
27.032917310357966, 34.2857536876025
26.89504809418314, 34.39342914704276
26.7578155243067, 34.501829336507434
26.621166974494393, 34.61103085412332
26.485064867467862, 34.720834374679065
26.34939210957151, 34.831138911799414
26.21408344985819, 34.941940449019555
26.079247358396003, 35.05340279885784
25.944886080281744, 35.1654254224917
25.811110297523655, 35.27817801477183
25.67776541826826, 35.39147119808075
25.545203602549062, 35.50529623502715
25.41294313112995, 35.61949607997211
25.28105240166589, 35.7345153298937
25.149565740073914, 35.84998359237096
25.018428002436934, 35.96586868465003
24.887820967863263, 36.08237213688192
24.75780251396723, 36.19915831037878
24.628228000319524, 36.316473513931875
24.498921170084703, 36.434120298403144
24.370103308988284, 36.55224479386476
24.241610975081436, 36.670877274704694
24.11343129120028, 36.78989397601796
23.98545949441536, 36.909269797114774
23.857906660315127, 37.029026148799666
23.73084722978314, 37.14898950363892
23.60431933209478, 37.269203715069104
23.478027241295234, 37.389805141163336
23.35204343328682, 37.51090244750808
23.22628766097171, 37.63237450817196
23.101024390600585, 37.7544918688405
22.976155168037092, 37.876863292520156
22.85154459417149, 37.99960301649367
22.727307301215063, 38.12270172150202
22.603357986014224, 38.246073679374355
22.47984560203402, 38.36982302550463
22.356805954604702, 38.493690288829036
22.23402229202307, 38.61791618161969
22.11146142497355, 38.742626171368
21.98899015896382, 38.8676330759187
21.866846607176036, 38.99300954986705
21.745206734786894, 39.118578645197765
21.624117071525696, 39.2443832082683
21.503463410044887, 39.370705299217825
21.383182297371096, 39.49748118589026
21.263238514427915, 39.62456370588142
21.14349717120604, 39.75212545104307
21.024301386119262, 39.88028234429225
20.905672794826508, 40.00875178896451
20.787396931620364, 40.13756924462542
20.669510052262307, 40.26676502169278
20.55189009984088, 40.39619282014015
20.43446395754561, 40.52578546299467
20.317062925713824, 40.655364927545214
20.199699316053582, 40.78494235430202
20.08218960822277, 40.914336059948795
19.964240454711703, 41.04355210225822
19.846012253409327, 41.172719922363186
19.72713936079308, 41.30122689988465
19.608009498253896, 41.42915427924609
19.48829723969945, 41.556538709631454
19.368159080646798, 41.68352344907698
19.2476765009262, 41.8098802920313
19.12685143609387, 41.9360408736204
19.004778593320513, 42.061083888629454
18.882008382946953, 42.1854964367228
18.758396773238026, 42.309133066702536
18.634420159296358, 42.432056203184565
18.509812931930167, 42.55433420221756
18.38432202478596, 42.67569930971301
18.258155027079496, 42.79626552990406
18.131058964135633, 42.91609964929301
18.002958365972223, 43.03529998609297
17.874280647698008, 43.15397114176172
17.74448223546761, 43.271156019642646
17.613920500063124, 43.38749264507904
17.48252922588562, 43.503020777839836
17.350195650839083, 43.61732994826499
17.21696590133744, 43.73028586669283
17.082677075947622, 43.84203049490869
16.947342949783124, 43.95290115883854
16.81099515236803, 44.06281486392094
16.6736834559081, 44.17138400685782
16.535713706781674, 44.278708987723114
16.39651736580012, 44.38424823290448
16.29544076854567, 44.52707625137193
16.20313909215104, 44.67611377768004
16.120123578954242, 44.83060680613828
16.04676942594896, 44.989863625987475
15.983406790570344, 45.15310689063353
15.930240393644436, 45.31968741255436
15.887425989913861, 45.48896628505564
15.854672533953465, 45.66289229012872
15.83246804045146, 45.8416513355113
15.728692740068347, 45.98953058703983
15.615934119973511, 46.130359766614895
15.49467944154384, 46.26360604295329
15.365446566174722, 46.38877057006753
15.228781581834353, 46.50539016299992
15.085256344699609, 46.6130388087645
14.935465947174723, 46.71132900879029
14.780026123700301, 46.79991294992026
14.619570605816584, 46.87848350177784
14.454748437952372, 46.94677503906449
14.286221265370468, 47.00456408809455
14.115598342788816, 47.054974324507086
13.944414493532395, 47.10254770091336
13.772234115431079, 47.14536663845133
13.600502610694722, 47.188971652174416
13.428914190586827, 47.2321347882827
13.256661693825999, 47.27145953281111
13.084448215974211, 47.309827816563036
12.928020417394876, 47.390872106799925
12.78348752712457, 47.49114647471903
12.645596313634313, 47.59997141244975
12.514840302880387, 47.71689870970518
12.386183842567277, 47.83959834916966
12.233426731460936, 47.93963780977707
12.11031905615068, 48.079928989862374
11.995007949901202, 48.23024535993855
11.88944844701257, 48.38864091287462
11.794796080985103, 48.55349791525565
11.711427297585686, 48.72406055505314
11.639665641539542, 48.89955250447198
11.579782303405294, 49.07918118021381
11.492527969995837, 49.24698221766166
11.395106749656184, 49.40880161077284
11.324713579777207, 49.58379714703381
11.230312324776571, 49.74681882650075
11.185735554552977, 49.92956278914701
11.125835400087048, 50.10763457055758
11.07327973996051, 50.28774864377022
11.015416007292336, 50.46597084966739
10.96409401634896, 50.64592439965862
10.951624230154007, 50.83235669128471
10.93706544782457, 51.0184026335284
10.927487186820846, 51.20452452291523
10.933644890847889, 51.39053363050444
10.946556120175087, 51.575948620351966
10.981474285354142, 51.7582338470763
11.028092600510915, 51.93762511353209
11.086167491267494, 52.11337845556605
