4.468647674116255e-15, 13.500000000000002
0.001962789918271596, 13.498451628046165
0.006818165839072101, 13.492735397745465
0.014871673022978812, 13.483177705011117
0.026074329749300323, 13.469740059628478
0.040356151568054485, 13.45236292786812
0.0576255805225098, 13.430971625838854
0.07783270807200639, 13.40553290970435
0.10122908056201531, 13.376247501998122
0.12783275348148448, 13.34312926027214
0.15766393893929678, 13.306194202836771
0.19071712450818695, 13.265435894885565
0.22703083853524075, 13.220891769591418
0.26659035978408663, 13.1725514890801
0.3094903580699247, 13.120493178938203
0.35575720093777424, 13.064745540215522
0.40531653313385774, 13.005247394551706
0.45819099479385417, 12.94201736042466
0.5144527389074143, 12.875122453965838
0.5740557245378237, 12.80452969552045
0.6369847784273213, 12.730222469865884
0.7032257707163316, 12.652188517175048
0.7728489980197348, 12.570489085570662
0.8456151616607068, 12.48491745828042
0.9217347067332681, 12.39566611256929
1.0011957906764413, 12.302723129477743
1.0839473140034739, 12.20604299422013
1.1696066869513926, 12.10530624003643
1.2585499690514512, 12.000825937532754
1.3511251579817771, 11.892887099807814
1.4465799435356623, 11.780873667475635
1.544952708566555, 11.664831727474278
1.6460649132640222, 11.544613852605075
1.7480825363626828, 11.420947107046109
1.8514798658929696, 11.294939681656114
1.957119715525593, 11.165682639999966
2.0635252896730614, 11.033760503735468
2.1704895876397656, 10.900257219325201
2.277273947936848, 10.764181618717123
2.3845491750720886, 10.626821155349159
2.4910901530246536, 10.48847634404056
2.5969376678321106, 10.349436036436337
2.7019695780674176, 10.20961519606813
2.806148837239591, 10.06919324047922
2.9095825623310483, 9.928256412544618
3.012156732971268, 9.786751452320514
3.1139879632812697, 9.644574685702539
3.2147650552444684, 9.501759869392272
3.3145126099497437, 9.358354050259234
3.413661578452413, 9.214378380460698
3.511880225334276, 9.069753366893536
3.6091413413894364, 8.92456441916012
3.705802377213769, 8.778771419380735
3.8021662199798563, 8.632766167631457
3.8980357200297404, 8.486599074828963
3.9929403597964988, 8.339903162738334
4.086830858494717, 8.192603552121254
4.179903425613904, 8.044506164728835
4.27255750104312, 7.896052587991709
4.364140915258073, 7.747229612934101
4.454984634924121, 7.597981079708921
4.545278298528197, 7.448425779655864
4.634732520287876, 7.298348469659376
4.723388316091817, 7.147452761750868
4.811388748763155, 6.996136638695056
4.898217101771993, 6.844432940979222
4.9844717766092845, 6.692621312715453
5.0698116482539985, 6.5402156946965055
5.155022681359483, 6.387408145791578
5.2390506868353794, 6.233913254940198
5.3225672943390565, 6.08042401568774
5.405168753725373, 5.926605952280314
5.487536942783865, 5.772492203665427
5.569936953285518, 5.618342429803876
5.651429139085428, 5.463701258796549
5.732319440537732, 5.308735268659189
5.812235422338841, 5.153171956343208
5.891726093073257, 4.997291920845369
5.970746734029149, 4.841350700092365
6.048841111491153, 4.684763824322565
6.126516709726549, 4.527885019547079
6.203760577157766, 4.3710717981559855
6.280040554966217, 4.21388738629628
6.355992652582092, 4.056310395690748
6.431546645612149, 3.8984861044905403
6.506657018027694, 3.7407202706347946
6.58072523671574, 3.582427705940775
6.654530648542972, 3.4239843406141586
6.72810306459458, 3.265333157131444
6.800692570549644, 3.1061307137127434
6.87294873005119, 2.946893464100664
6.944997689369737, 2.7874904416003057
7.016731959909446, 2.6280312113840556
7.087487515752107, 2.4684087499580434
7.158095853336811, 2.3085727175239654
7.228547355177061, 2.1485179469452116
7.298245898861893, 1.9884052494782667
7.367829008735164, 1.8281080818270488
7.4371223755246545, 1.667551317984849
7.506078036650063, 1.5071020793112164
7.574849987840299, 1.3464941491583955
7.643451971444274, 1.185685951794812
7.711415210509948, 1.024774647902261
7.780073100486994, 0.8639858230461872
7.848680666701811, 0.7030395925970797
7.916884719049028, 0.5421934665123227
7.9856812097727365, 0.3818718442394629
8.054317762765264, 0.2216265695383138
8.123423712993826, 0.06140638120819816
8.192313499771963, -0.0992580319464349
8.26138305956564, -0.2598909106843603
8.331217704438277, -0.4201227161803748
8.400951708059162, -0.5805394829953521
8.471817856556973, -0.7404136815460594
8.542147942189468, -0.9005413462678657
8.614697439944463, -1.0596926416689443
8.687013787980801, -1.2186754613210915
8.76006891455337, -1.3773217664920883
8.833364713021062, -1.5358586717782945
8.908628088586266, -1.693343507696308
8.985027907878473, -1.8504203024080055
9.06154815012417, -2.0076514430423327
9.140136520148548, -2.1640430357224583
9.22055694417114, -2.319459803214978
9.302629053157814, -2.4738080077239983
9.385188019679967, -2.627829392685751
9.503169746509611, -2.7565306338477242
9.588028592599024, -2.9091871327152186
9.67415079721214, -3.0614281294980388
9.762404148737163, -3.2126798060143993
9.851970601705775, -3.3632696996334013
9.94252526952731, -3.513157510939084
10.0341962638951, -3.6621738212256316
10.126982028337162, -3.810311459132345
10.22104201884174, -3.9574601863833956
10.316565339706152, -4.103500067098482
10.41416878658603, -4.24793418180055
10.513498419038612, -4.390892616884932
10.61447752088149, -4.532408075072484
10.717349980412463, -4.672278635602802
10.8221374371578, -4.8104547507550555
10.92878753061258, -4.946939426413138
11.028890228974076, -5.088024352860645
11.090900879549581, -5.251938934174172
11.141598729215092, -5.424501364853324
11.181890535803248, -5.6028184528608485
11.300060586207676, -5.743135735284109
11.340132640499535, -5.922461142791109
11.460490415358885, -6.062971346528324
11.520902831129861, -6.24065717570074
11.554615227927194, -6.42696804838871
11.622716424270175, -6.603485201998936
11.679342397242095, -6.7838275082869
11.695960516148796, -6.971836471784202
11.700121866827368, -7.160282640072168
11.691857743648102, -7.348343393894123
11.757514717699834, -7.524516715138284
11.779086581886137, -7.7114457790869855
11.762537503771958, -7.89900449246801
11.819504652266966, -8.078224776920473
11.833251731951067, -8.265848368582606
11.910276698342232, -8.437515564377193
11.935440262603722, -8.62376022338277
12.020312048961822, -8.791126431563088
12.017422668190651, -8.97851082765724
12.102202773410331, -9.145363147508737
12.197598782855264, -9.306091175307023
12.303159623035683, -9.460030988050603
12.418393639292633, -9.606552189746589
12.54277108844284, -9.745060312423934
12.67572676664249, -9.874999033092658
12.816662759051413, -9.995852199634065
12.964951297569618, -10.10714565956778
13.119937712675876, -10.208448886610686
13.28094346522252, -10.299376400915815
13.447269243931398, -10.379588979851748
13.618198114291806, -10.448794657150357
13.7929987045812, -10.50674950920898
13.970928414811901, -10.5532582282779
14.151236634550264, -10.5881744831916
14.333167955756794, -10.61140106920888
14.51596536705438, -10.6228898494089
14.698873416144693, -10.62264149094431
14.881141327457394, -10.610705000275592
15.062026062530217, -10.58717706229964
15.232581955432357, -10.651149269803879
15.39848618395169, -10.72575873522496
15.559127583808857, -10.8106834411731
15.713873226348012, -10.905545504964788
15.8621242482778, -11.009933919679092
16.041827169378344, -11.032572910131414
16.191813933465557, -11.138285551203706
16.33848723592996, -11.256679406276069
16.480585796405133, -11.388007329357773
16.61676721056542, -11.5324109080975
16.745615016276304, -11.68990579711707
16.865647874159475, -11.860366963084648
16.975331014843377, -12.043514090729687
17.073090084239116, -12.2388974367691
17.157327490528573, -12.44588445657645
17.226441321608373, -12.663647565440254
17.278846859022213, -12.89115343131404
17.31300066358133, -13.12715422778353
17.327427148726102, -13.370181303125866
17.320747490229216, -13.618541742220566
17.29171064533449, -13.87031831096545
17.23922617140249, -14.123373275918777
17.162398444461797, -14.3753565832244
17.0607134764449, -14.623393343092769
16.935191760250667, -14.862537686118195
16.787778696921205, -15.088547150180379
16.619850468812867, -15.299441187034011
16.432959805542087, -15.493383148690517
16.22882100684472, -15.668695725969211
16.00929364949627, -15.823874838877076
15.77636513692852, -15.957601870578445
15.53213225862199, -16.06875415280016
15.278781933191157, -16.156413627218594
15.018571314238452, -16.21987362443441
14.753807441638708, -16.2586437197334
14.4868266226697, -16.272452642148238
14.219973727653384, -16.261249231008577
13.955581583287117, -16.225201451405496
13.695950643781163, -16.1646934970574
13.438510168948433, -16.232963201409664
13.179365650136539, -16.172568609212902
12.92720310922056, -16.08839852191813
12.684187085359314, -15.981248862652496
12.452392828051094, -15.852110677866458
12.233788930502445, -15.702160285788121
11.970638922451833, -15.672285255259862
11.752446901075611, -15.522617387852536
11.549233299101843, -15.353560090751891
11.362696156235875, -15.166616073652186
11.194382823984613, -14.963434009193891
11.04567772346543, -14.745793469289271
10.91779160080552, -14.515588868926878
10.811752356693944, -14.274812565192251
10.72839751221124, -14.025537264696442
10.668368358297204, -13.769897896658556
10.632105821253704, -13.51007311153724
10.619848061648142, -13.24826656634854
10.631629809014743, -12.986688157655276
10.667283419972097, -12.727535361689581
10.726441632910257, -12.472974838210334
10.808541978367137, -12.2251244505464
10.91283279072529, -11.986035848891028
11.038380754021949, -11.757677757357676
11.184079902576492, -11.541920097657425
11.34866198589055, -11.34051907359521
11.530708096948665, -11.155103330995846
11.728661453714237, -10.987161297256977
11.939728305126748, -10.836451132160496
12.160511853612263, -10.70082805583853
12.388084694455573, -10.57742661159067
12.620511235435078, -10.46396613741819
12.856271378780255, -10.358184295638006
13.094785986603673, -10.25939832523911
13.335218299266721, -10.166045670453673
13.576887449848765, -10.076645913306225
13.819214889173534, -9.989772217449334
14.061795216393474, -9.904348508648265
14.304091359722525, -9.818864416646527
14.54548996068358, -9.731606589007706
14.785352907802523, -9.64091526819202
15.022774284104225, -9.54467718064514
15.25744394228752, -9.44253918075015
15.48882361435643, -9.333742482762554
15.716263276565662, -9.217485574445258
15.939453680093031, -9.093784426543412
16.157885801117338, -8.962350260365294
16.3711637080504, -8.82316722177144
16.579011806660297, -8.676433681652604
16.781380552595877, -8.522644618268973
16.97834646591732, -8.362389657877912
17.169776122694376, -8.19594115811646
17.355638469139052, -8.023665221764798
17.53592821440717, -7.845921060779589
17.711035774377194, -7.663414469905945
17.881145138574873, -7.476577150982433
18.046583870422182, -7.285921315558641
18.20772755051833, -7.091945217600128
18.36496104450924, -6.895104813076145
18.518651522744495, -6.695800166847562
18.66923882519575, -6.494451569357546
18.81714024879365, -6.291430074003685
18.962809282133318, -6.0871069509074625
19.106617950972325, -5.881774589554651
19.24889648292393, -5.675682137837107
19.389979696975807, -5.469071759336264
19.530256490025053, -5.262214622995728
19.66993653694569, -5.055255344840977
19.809188306408323, -4.848308745249669
19.948024552785636, -4.641384045626674
20.086822573629224, -4.434734704429167
20.16309903026696, -4.19536453688577
20.218908706255274, -3.945292113009696
20.252491348042586, -3.686240565841313
20.262208293804704, -3.4202040450509092
20.24658121895903, -3.149446260122618
20.204332869223844, -2.8764939400212612
20.134429209548028, -2.604124622696982
20.036122294414245, -2.335348230273974
19.908993039670378, -2.0733819498137804
19.752992951353413, -1.8216180272018914
19.568483746716723, -1.583584194689776
19.356273691223496, -1.3628965921630076
19.117649377550332, -1.16320520890747
18.85440159407728, -0.9881320663470072
18.568843876752407, -0.8412025818430727
18.26382231571937, -0.7257707970261216
17.942715202912865, -0.6449394179075204
17.60942116510102, -0.6014758935077252
17.268334534400882, -0.5977260488145308
16.924306870319572, -0.6355270789532987
16.58259376816182, -0.716121995411389
16.248786371207224, -0.8400778814616598
15.928727349773473, -1.007210550685886
15.628411518507908, -1.2165183966714945
15.353871730965528, -1.4661283596381471
15.112611570541718, -1.751146117509772
14.910735724417625, -2.065001342191688
14.751505796754895, -2.4025521746007317
14.471841631236398, -2.653905655806674
14.323558715732329, -3.002151015096813
14.163099320656956, -3.3480526005947
13.880535512930795, -3.607232106112975
13.751917290356143, -3.9709578580729588
13.672937897410247, -4.3529115490382235
13.42290719421357, -4.654367832433445
13.343171236441217, -5.0402369343085764
13.223841611514079, -5.421265715628891
12.990402393038442, -5.750691068323327
12.859304745853988, -6.137769931864259
12.823635880142016, -6.5469851616098635
12.600240098056513, -6.891587390342446
12.380643687393157, -7.239102294169223
12.087917543590002, -7.527561479394923
11.964455980416014, -7.920648611156291
11.898686220974852, -8.329452814057838
11.832523568881918, -8.74199139246676
11.820224175584162, -9.163112423047876
11.62993138853428, -9.541396001386229
11.384994525627135, -9.888318910414167
11.29909767670011, -10.306804020603963
11.29421130050758, -10.736542176747115
11.196644121153872, -11.156042909095813
10.980314407889555, -11.531105307129163
10.706337492976159, -11.872790876961853
10.37938158250528, -12.171628047187427
10.00576184115271, -12.418717003157777
9.593390585577442, -12.60602647242177
9.151736280377673, -12.726680549503694
8.692074307282256, -12.780073773228567
8.225057399734078, -12.755410683716967
7.763650448742409, -12.653383196565178
7.321018668856391, -12.474432355706414
6.910378090079172, -12.22124681788668
6.544774473222711, -11.89892060293971
6.2365435370260975, -11.514948276879085
5.996919143069437, -11.079299460743595
5.835362831850299, -10.603984760245995
5.759350638018747, -10.104311205603773
5.772864071177652, -9.597180060887485
5.545966695000014, -9.141406364574825
5.2405372330340985, -8.731865118421217
4.919256475320578, -8.33158073097723
4.555675957983283, -7.966370788047128
4.3478936821531, -7.492801159031368
3.949838273165458, -7.16162210539552
3.75370740921289, -6.682662210333023
3.647303033120603, -6.176400276620817
3.6339931694836274, -5.659487191993214
3.714085901484313, -5.1488843330280005
3.8848344266560852, -4.661296275743446
4.1405321688009415, -4.212650783869519
4.472706120597006, -3.8175682358939107
4.870394698166835, -3.4888917001545816
5.320517074351728, -3.237262076845712
5.8083205858203115, -3.070772951003686
6.160883282990333, -2.695121734702237
6.592920229465408, -2.4137407993279845
7.088942722179484, -2.2701092046969262
7.604195510801757, -2.2181696488571685
8.063024556302661, -1.9777717256134104
8.53517160093514, -1.7645363612904394
9.007367592391477, -1.5519839882008046
9.46176384182468, -1.304254084448043
9.899015614985021, -1.0278874113178584
10.239353334971952, -0.6393797500691807
10.504164724494615, -0.19581488693988336
10.684769193584273, 0.288452972021078
10.775106791376974, 0.797436114100545
10.77219374249495, 1.314192872260748
10.676239663270986, 1.8217178338311326
10.490517507420273, 2.3034220114101336
10.22122623491931, 2.7436001904663962
9.882013684429857, 3.1321930260300728
9.490238211031517, 3.467512610122343
9.039995376193907, 3.7180833603682495
8.76000706019722, 4.15034986479309
8.562315087685173, 4.625649003920028
8.453223826957698, 5.128475223563354
8.392799948583168, 5.639495947161322
8.445129952785221, 6.150851493976264
8.588219712380523, 6.644300920862108
8.817306463319603, 7.103899105489788
9.124858075233055, 7.5148341056190215
9.500825779397468, 7.8639018845402315
9.932977040981461, 8.139927063616007
10.407297411779888, 8.334116416361688
10.908448046242667, 8.440334069980278
11.420263854780188, 8.455289970859367
11.92627605543987, 8.378636014068729
12.41263910196119, 8.211897011373853
12.86532857903877, 7.957793951915149
13.268052761524217, 7.622378159744734
13.605493536231023, 7.214863993569714
13.8639422297847, 6.747497929292262
14.031925567853227, 6.235296619039534
14.100794405168259, 5.695651739957539
14.065246360064128, 5.147805164944885
13.923753161150142, 4.612204282695403
13.680175353216617, 4.111886767667954
13.344254103395983, 3.6684204120137833
12.92890387079476, 3.29867334021689
12.449980024734916, 3.016566971490486
11.95817519139748, 2.7568239708061406
11.617242764286564, 2.318458617250614
11.148712860771266, 2.0197028364727685
10.736871935118339, 1.6466797296649658
10.328275351877435, 1.2704157288597373
9.90454417326343, 0.9116507375985928
9.388137047343243, 0.7107961803539378
9.026422439554427, 0.2913850011089262
8.752600641288101, -0.18974830900752976
8.528852598823486, -0.696283195208895
8.164618331137051, -1.113287914206092
7.897348231758671, -1.5980826634360832
7.63363544780486, -2.0846492255008906
7.273671453197643, -2.504397266996807
7.036741468480031, -3.003743990553093
6.936815379447991, -3.5464750125378983
6.718195989114992, -4.0537957640885445
6.67849909330369, -4.603905307139347
6.393733721029615, -5.075739508642731
6.164094749612146, -5.577383873134768
5.786553987813615, -5.9781749839006775
5.641162541036904, -6.508983713739989
5.600322159120868, -7.057577193043574
5.6654069880759925, -7.603574438375824
5.833860814221749, -8.126736690981632
5.737304185342793, -8.667549765364738
5.613142566704562, -9.203016174628697
5.35851018509709, -9.689244250868715
5.232831489747472, -10.22406195741499
4.916076897733309, -10.671695556437854
4.846307116143867, -11.215357796693892
4.529840005721572, -11.662585130372232
4.460133575113959, -12.20575372506887
4.495382654431457, -12.751991880644539
4.270417020650805, -13.250726998706046
4.305634049720155, -13.79646848705977
4.444182174048913, -14.325246614516896
4.4807578443948595, -14.871226425836573
4.342869804378736, -15.399662710128009
4.107006545277492, -15.891958138568699
4.129584308507377, -16.437123141942706
4.053399784109352, -16.977992042549797
3.8087437131388464, -17.465142073104104
3.6902918351817933, -17.99777560847158
3.4132426784083743, -18.46702402289869
3.1280353478565877, -18.93153547030722
2.8798379130195455, -19.41669851025939
2.74080136630345, -19.943000715327756
2.3927462513604185, -20.360617351507063
1.9720442140674048, -20.70454363525178
1.4940267691373288, -20.962428130508847
0.9760638073276954, -21.125060172870636
0.4369292413884799, -21.186692745575805
-0.10388144788804332, -21.145238933738515
-0.6268568948265981, -21.002335502221083
-1.1131732004983326, -20.76327197276932
-1.5453696279109292, -20.436788431692992
-1.9079724618816427, -20.034750005425114
-2.188044862647834, -19.571710329565636
-2.6523641530830813, -19.294249359214774
-3.1604415429868116, -19.109411093121782
-3.522307348909991, -18.708048532320994
-3.8019454711708844, -18.245909637598743
-4.265458698510187, -17.96904050062329
-4.772568235598615, -17.784453760634232
-5.305104901862582, -17.698613878898808
-5.844034074554134, -17.714447224416364
-6.370137053338297, -17.83124914345657
-6.864696160880332, -18.044720755310394
-7.310159175003743, -18.3471335081632
-7.690759569029511, -18.727614996550717
-7.993070747978925, -19.172545271649163
-8.206474942163105, -19.666049017311767
-8.323530562538588, -20.190565651998483
-8.340225517418428, -20.727476762741237
-8.256108102478349, -21.257768370899363
-8.074291456688874, -21.762704432302694
-7.801332068849152, -22.224487718907138
-7.446987263247411, -22.626884817729213
-7.023860832175827, -22.95579338819109
-6.546949869721052, -23.199731985140033
-6.033109261289724, -23.35023559943299
-5.500453080873009, -23.402143485661
-4.967714249474233, -23.35376971266104
-4.452534943616718, -23.210560850507918
-3.9645462817441652, -22.992215762636047
-3.505396124692013, -22.718512580961963
-3.0716674624261726, -22.40623935184886
-2.65576067487342, -22.070789509142617
-2.347062143668568, -21.635748849569254
-2.124755371269801, -21.151068374600086
-1.9964691958053125, -20.633553460390765
-1.96665595996736, -20.10109966454778
-2.036417979316862, -19.57227902658631
-2.203300398420546, -19.065750380607373
-2.4613417507893507, -18.599306126251662
-2.801424023954887, -18.189142350175054
-3.211594442321091, -17.84945820244113
-3.677490458175145, -17.591968524667756
-4.1828467119036, -17.425504862510827
-4.710065935755476, -17.355718265764793
-5.240833665582937, -17.38489366591613
-5.756755228089187, -17.511881693272045
-6.239992829993586, -17.732149692408164
-6.673880706402063, -18.037949559100873
-7.043497177906878, -18.41859599744276
-7.3361740826674735, -18.860845020685346
-7.541926329381217, -19.349359121879456
-7.653787175747534, -19.867242634789655
-7.668038171651059, -20.396628488075613
-7.584326398251522, -20.91929590148323
-7.40566555363854, -21.417297633407202
-7.13832144618738, -21.87357519127772
-6.791586419822438, -22.27254096068877
-6.3774510154993305, -22.600607471445315
-5.910184642271411, -22.846645949795654
-5.405840073020351, -23.002358834596766
-5.033619473682497, -23.376255940720174
-4.736679196492154, -23.812043834884832
-4.525038009804476, -24.294775793909896
-4.3776274388090215, -24.800804665786913
-4.020049492798612, -25.187373619280528
-3.5977665942019064, -25.50155920885814
-3.125214779515094, -25.73279117967088
-2.816463945881572, -26.1584489039562
-2.59110794268016, -26.633279930573657
-2.169569017163302, -26.946797307569895
-1.6979520490217743, -27.177674220746056
-1.3898602937815405, -27.602579868142087
-0.9186905013424426, -27.833237869471255
-0.41351544798066386, -27.973740977210745
0.10858593368207459, -28.019480445087588
0.548036162096901, -28.304619998866656
1.0594998737907224, -28.418859639294396
1.4812362823995833, -28.728856617858373
1.9983159306808544, -28.808026014017393
2.5209125481276846, -28.791547551854627
2.9899673281463692, -29.021995178997923
3.40896744128311, -29.33392025789502
3.7639658301546857, -29.716770712511888
4.043187962530353, -30.157648731302462
4.237417851882821, -30.641749340283006
4.340297044255845, -31.15286074408522
4.670724606691086, -31.555821151578385
5.068814774278673, -31.891947040989454
5.521691099764822, -32.15027396354733
6.01499872187387, -32.32217909375108
6.533226968682058, -32.401425814486885
7.060111539006587, -32.384207987835204
7.578909624833113, -32.269100404367414
8.07177606637767, -32.05744140538744
8.520209638223626, -31.754145180740508
8.906507658875512, -31.36779222074942
9.214515072929506, -30.91052954690243
9.430179667937997, -30.398429143288347
9.54284101885789, -29.85157259475308
9.546790824626774, -29.29197822044863
9.44141101355634, -28.74206584151036
9.230838921604233, -28.22352040085816
8.92330206379908, -27.756216822377404
8.530730859582569, -27.358019510695282
8.068317816399485, -27.04406128133978
7.807272849519293, -26.5501255217775
7.345259468512839, -26.23646534110614
6.831263124978104, -26.018821093603094
6.479546810506697, -25.585716945786494
5.966008689031199, -25.368266725711894
5.614606066927222, -24.935548859299878
5.101526171444975, -24.718292668319563
4.750437244400422, -24.285961086627005
4.490063759007025, -23.79392185901995
4.029533021886208, -23.48162162147548
3.517407581046829, -23.26466379497632
2.9731822662432483, -23.15115052517276
2.4175250000054174, -23.145245369480552
1.8714904645215755, -23.24702793071537
1.3557222919111056, -23.452503607612908
0.8896739998821653, -23.75376733223186
0.4908780112352359, -24.139314352650384
0.17429011030965458, -24.59448560875562
-0.04826631445998636, -25.102030244937936
-0.16853579423864717, -25.64276349093893
-0.18213026746314845, -26.19629467815126
-0.08868193796455434, -26.741797667240732
0.10815551797274042, -27.25879453034271
0.4008566939116505, -27.727923003046733
0.7783187847404218, -28.13165900184093
1.2262887650843106, -28.454967353948607
1.727906766285958, -28.685856731054475
2.264344753416541, -28.815818502258637
2.815516163496535, -28.840133678764495
3.360829658076155, -28.758037141189067
3.8799586540659248, -28.572733728378395
4.353597873990559, -28.29126632045748
4.7743935631778704, -27.935792310477822
5.143983215178898, -27.52742336438748
5.469592585637525, -27.083280371435414
5.762859058281907, -26.617262499890323
6.2173617448567144, -26.308044331118467
6.473624486600534, -25.821994483503044
6.927715693810727, -25.513056262227998
7.432324552467491, -25.2968658985643
7.968735482463026, -25.18128676985315
8.517101007391615, -25.170449712539487
9.05717754234156, -25.2646124427561
9.571423229418743, -25.461331051429454
10.055336945622171, -25.734669656173622
10.472442585333162, -26.10756724773513
11.019640985087497, -26.241809254629118
11.58741134636458, -26.26569227816544
12.153344203455864, -26.175409375061605
12.694274878990038, -25.971710653811392
13.186878526949958, -25.660253035806285
13.608100202814946, -25.252709581967498
13.938158659475565, -24.765978790300085
14.229703586932766, -24.252792679214746
14.37998738362038, -23.682289252458446
14.40977404227479, -23.092688199395056
14.714447920477994, -22.583532512492464
14.744571636780107, -21.98858129124001
14.687585736060386, -21.39549693974194
14.494603558853377, -20.832432997630978
14.205870384660402, -20.312001764901463
13.8637345875287, -19.82481796220732
13.415227824791266, -19.434444615202107
13.199237152877302, -18.88071080059578
12.748908447044428, -18.493099328915804
12.293304561302289, -18.110738662580758
11.82992787739489, -17.737997348020375
11.27485360506978, -17.528057235998183
10.688591802944341, -17.43742666302239
10.09650335544637, -17.469878540663693
9.558584730238692, -17.220939629247013
8.966992837534777, -17.253364291117954
8.392869368558186, -17.399032880031594
7.800209266429929, -17.428528207806536
7.224221335167998, -17.571621966025532
6.705126955437207, -17.858073419559588
6.258780480020902, -18.250182362948298
5.901474447212673, -18.72918507872223
5.357324140132041, -18.985989235128454
4.884803323304887, -19.3671023707256
4.415772202182886, -19.759979662906602
3.9778546907246817, -20.19037095673438
3.6936457104418694, -20.73465511812125
3.1845270392590814, -21.083546154798313
2.6105252413121516, -21.315367382356307
2.1617914948038854, -21.74240995607515
1.8132273281499016, -22.254907072509326
1.506070434329046, -22.796320473782885
1.23931420465062, -23.362649337826042
0.8475864951818087, -23.856437869179103
0.5560950601481011, -24.420765933592634
0.20268749518266893, -24.953821839678692
-0.15397812147046075, -25.489113707191244
-0.4268265648148891, -26.07531306690026
-0.8722982593618748, -26.549043508531145
-1.3128837073389361, -27.034816435969347
-1.8901989103516041, -27.35196350318171
-2.253246134228412, -27.906741878505915
-2.700169167149933, -28.405046625453487
-3.004120569668043, -29.00607272270191
-3.541472418281804, -29.416096661597646
-4.16207699907372, -29.688880147531982
-4.712464774625487, -30.091373048184426
-5.149311172980401, -30.61662797740649
-5.635956334026581, -31.10015909826121
-6.11808055517466, -31.590559617453106
-6.495324038221247, -32.166690160572514
-6.826636784181595, -32.77203439979642
-7.246035926131417, -33.32141500629904
-7.58371917121934, -33.92533750142855
-7.888284165548399, -34.54725883951959
-8.185973165169717, -35.17291638826374
-8.590576929029236, -35.73507533079124
-8.925040841832141, -36.34181296497926
-9.22681521489494, -36.96519742783772
-9.53522163395812, -37.585125419136766
-9.83565874020306, -38.20867556574397
-10.14666543194519, -38.826744351895634
-10.462361670830969, -39.44215001628105
-10.78699233130548, -40.05260365919819
-11.11855113851632, -40.65903781656517
-11.457082006416513, -41.26132101362248
-11.915845479650468, -41.77676900866649
-12.417096862388568, -42.251074983256245
-12.946437202922883, -42.69367273383293
-13.494107814808384, -43.11310576249094
-13.963578569860124, -43.617968767406325
-14.507479720795276, -44.041339329182634
-15.057582385374323, -44.456418507391476
-15.618827581217182, -44.85652816528674
-16.09490342346145, -45.35528686564444
-16.52924728884515, -45.89185381366893
-16.97350059295514, -46.42166356108643
-17.369296759404598, -46.989644100215266
-17.760247271772595, -47.562377033010335
-18.05051093195016, -48.19340465359244
-18.1584956605588, -48.88063158840703
-18.57090207562768, -49.44176933446751
-18.671918213353514, -50.13091465456017
-18.988308360217367, -50.753144239257054
-19.47375413805281, -51.25366250960426
-19.66776515712027, -51.923765560156035
-19.98952179037592, -52.545099454345575
-20.308366513626574, -53.1689915938655
-20.377734524026476, -53.86481396843831
-20.59830071514082, -54.53016897294067
-20.54238542649725, -55.22993731950952
-20.823749545422388, -55.878435761122915
-21.075181859493494, -56.54606764752051
-21.05220632550309, -57.261100629065695
-21.369010575010392, -57.905950787674044
-21.345909966998708, -58.62666371442187
-21.664075625918688, -59.27477630204059
-22.134476020365106, -59.82217445608886
-22.293128494791922, -60.526015873544075
-22.76320562376404, -61.0730378482526
-22.921749032019125, -61.776395407493354
-23.391502891918485, -62.32304119867461
-23.982971933092994, -62.73449866394213
-24.646111134276808, -63.01677759192803
-25.10755385425302, -63.56948816412655
-25.77409853558598, -63.84111193663607
-26.235223369001027, -64.39344174808245
-26.90130870881238, -64.66487833428175
-27.61384652394323, -64.7612144693448
-28.197763563572366, -65.1803505921659
-28.65834920972014, -65.73183820938058
-28.96656833027836, -66.38062350121648
-29.103076335231723, -67.08555663181428
-29.059419008637363, -67.80200836484828
-28.83854046620993, -68.48469843536645
-28.454569781271747, -69.09055626688321
-27.93190247646008, -69.58143338435333
-27.30363747590831, -69.92649703528122
-26.60947046152995, -70.10415538565984
-25.893178359709005, -70.10339482850776
-25.19985481313272, -69.92444747680987
-24.57307143676963, -69.5787494055924
-24.045549365298506, -69.09509808535417
-23.353967636543967, -68.91242526899755
-22.638922663739265, -68.90737567053796
-21.945226537568725, -69.08010930024538
-21.31629346234907, -69.41969912951465
-20.791509994743873, -69.90477356541786
-20.40371695154377, -70.50482314699434
-20.177094272493946, -71.18218710403511
-20.12570067889788, -71.89445149638317
-20.252643220318664, -72.5970524328253
-20.54984980746268, -73.24601297379398
-20.99857127747355, -73.80078909940381
-21.57063320252824, -74.2268392727614
-22.23021400769169, -74.49771372338121
-22.936097147840893, -74.59668407410363
-23.644252437300988, -74.51776211064522
-24.310584528917314, -74.2660465816477
-24.893676867260982, -73.85737901077218
-25.35736049595526, -73.31733256204546
-25.67294875356972, -72.67959933971972
-26.250582973730864, -72.26452660281211
-26.56595119550791, -71.62723802370026
-27.132778705659156, -71.19794928315936
-27.482082548646826, -70.5784526370047
-28.07130690635746, -70.1817779984466
-28.40553378760978, -69.55529881434047
-28.953819662251806, -69.1031933712049
-29.60504894885577, -68.8214490131283
-30.047904716305055, -68.26736755397765
-30.593182413305783, -67.81137779450862
-30.958630868490744, -67.20338520086543
-31.558331950138776, -66.82598499551978
-32.232262881670955, -66.60795308604226
-32.93887943481894, -66.56253840006558
-33.634700091774235, -66.69235293799692
-34.27698255998624, -66.98923727088292
-34.82634648156055, -67.43478788989862
-35.249181598454186, -68.0015115031966
-35.51969452190918, -68.65453308544163
-35.62147006943284, -69.35375088156792
-35.548453424676424, -70.05630467959168
-35.305295246246715, -70.71920510349132
-34.90704107361441, -71.30196252225194
-34.37818653458375, -71.76905492881242
-33.751158490972344, -72.09208470764365
-33.06431701830143, -72.25149387884407
-32.35960190436398, -72.23773492610172
-31.679968451332844, -72.05182796158124
-31.066769537225706, -71.705272666981
-30.53971576907874, -71.23788956992352
-30.082892224221627, -70.70114874339448
-29.66828915649009, -70.13086243111772
-29.27710721257062, -69.54429925669183
-28.847536142140523, -68.98543639030049
-28.419330241718512, -68.42581945878072
-28.04414804953527, -67.82977181505723
-27.88885933912709, -67.14478505265795
-27.49758100791257, -66.5606261791617
-27.169650309508686, -65.93807115547801
-26.657642838044705, -65.4577935447577
-26.225019753467635, -64.90352340815943
-25.798611834946488, -64.34474516218688
-25.292282861730275, -63.85796094313642
-24.6818386024048, -63.512885685871396
-24.147836328691582, -63.05715243704299
-23.79516168414458, -62.45232991713089
-23.600344730849645, -61.78010326431035
-23.49667111329323, -61.08727157243332
-23.102308668031554, -60.50966772144438
-22.63658228238215, -59.98697476516985
-22.19516393678302, -59.4428810044628
-21.856346463950207, -58.83029335308055
-21.562508172361934, -58.19501565744798
-21.163518607113122, -57.62025859577638
-20.690585836837858, -57.105229980653256
-20.378177947547098, -56.480192399904695
-19.921554029301678, -55.95129056410395
-19.54851687724447, -55.36039865185972
-19.10675577266059, -54.81928274125768
-18.737860122059494, -54.22640495321286
-18.497259975584516, -53.57180021698011
-18.0351136006774, -53.05035030484118
-17.654298432346707, -52.465841029370104
-17.4973062973878, -51.78811756498318
-17.45014005061115, -51.09359660864995
-17.56858076816147, -50.40828212873196
-17.819469367345132, -49.75969551865195
-17.750488090025215, -49.06845229264753
-17.516706717109795, -48.41455842937693
-17.616891387546023, -47.72764550295272
-17.417775518626645, -47.06242084162625
-17.05378346048209, -46.471906382798565
-17.00929323045839, -45.779899193689666
-17.132886378760595, -45.097818574389564
-17.41710033853053, -44.46584730043032
-17.40093531517113, -43.77297659288562
-17.20892214167785, -43.107688213140676
-17.30217369509428, -42.42119621335593
-17.573349870067354, -41.7846005210704
-17.51429037429002, -41.09542768033208
-17.307368749702928, -40.43543639577126
-16.943143522411702, -39.84798354953349
-16.448605496697677, -39.36543821173771
-16.23823848103237, -38.707547110470735
-16.18321462973781, -38.01916998602244
-15.814513716844944, -37.435689717050344
-15.358855433570946, -36.91667392867719
-14.78148986708107, -36.53937606156722
-14.148630469850557, -36.264268038976155
-13.520209262073688, -35.97735514872443
-12.996748485391937, -35.52807675010692
-12.470888442168881, -35.08085207253605
-11.967440584841892, -34.60888917999905
-11.47918083967089, -34.12153926048796
-10.940055552847998, -33.69164133322138
-10.291506825954658, -33.462830400379524
-9.795638204105119, -32.985918587855316
-9.360966627643792, -32.45227637381421
-9.097332780976881, -31.817891988932697
-8.633290111027822, -31.310256323391055
-8.225523609781153, -30.755944702622898
-8.035796410878039, -30.096454373581317
-7.559087172183351, -29.60316781146325
-6.978692023126129, -29.23794958972498
-6.637515878600488, -28.64338976408984
-6.124295750148963, -28.187596339139404
-5.849411572948032, -27.560172288110245
-5.446947534906595, -27.004268086336346
-5.289454755629437, -26.338131115723463
-5.295025882079541, -25.653900395837603
-5.463164544195382, -24.990882670927622
-5.784047544937544, -24.387096506585102
-6.239111712322372, -23.877095647201617
-6.8021396328516595, -23.489997990623376
-7.440780110917784, -23.247832224591335
-8.118414623834266, -23.164295464825823
-8.79626167480578, -23.2439912935216
-9.435597861265535, -23.482189820032428
-9.99996838220867, -23.86512138258673
-10.457260910185278, -24.3707850069111
-10.78152513802782, -24.970223477221168
-10.954435355156955, -25.629190516942085
-10.966314215697365, -26.31011360380545
-10.816661211133434, -26.974239579919033
-10.514157784376039, -27.583840357925816
-10.334664913602703, -28.241631699945597
-9.921244531030403, -28.781566491402817
-9.392064793288917, -29.20827161101626
-8.77724068063194, -29.497688867040704
-8.111682451941926, -29.633578480050055
-7.43310782180276, -29.60841818177023
-6.776498873823108, -29.435690595503996
-6.163086831348296, -29.144503530329605
-5.600040305276464, -28.764812319304447
-5.084914808776593, -28.322228643883257
-4.6101294283084835, -27.836680578948208
-4.165928365289079, -27.323150280860304
-3.7420248541437444, -26.792950367985984
-3.3286503135798884, -26.254755503589433
-2.9169948563001524, -25.71553181609473
-2.4979718518425833, -25.182326642200927
-2.0691325058735104, -24.65731316027906
-1.6292077041210384, -24.141887729351865
-1.178230090894162, -23.636442660069765
-0.9434634430599861, -23.002981123944718
-0.8641201763435107, -22.332340988267223
-0.9444672813346611, -21.662070402122644
-1.179839189591178, -21.029628094382
-1.556921256975429, -20.470291580580824
-2.0545150208210505, -20.015194006089587
-2.6447406072287065, -19.689598598099256
-3.294607512250751, -19.511505936094206
-3.967864791882908, -19.490670260062466
-4.627026569767606, -19.62807790739093
-5.235459518151441, -19.91591501551233
-5.759416064645406, -20.338024308147418
-6.169900646337424, -20.870823624325915
-6.444266135328019, -21.484633357628784
-6.567453013229744, -22.145337551664127
-6.532804084866305, -22.816285270091573
-6.342411344233291, -23.460326002618004
-6.006977697862709, -24.041865960837352
-5.545203155056717, -24.52883150435299
-4.982731319302536, -24.894431612833028
-4.35071611677921, -25.118622930799546
-3.684089359705297, -25.189197781245316
-3.017978270047789, -25.114767385410115
-2.378124750806859, -24.915195007311855
-1.779255215188939, -24.614160548194363
-1.2263884606689506, -24.235208221176137
-0.718350775696464, -23.798061273990164
-0.25094474862311755, -23.317863445777956
0.04820476852412092, -22.719904777184578
0.20003959571532356, -22.06901366476154
0.19640524655144276, -21.40090587399128
0.03767309672854416, -20.75217354985647
0.20169402303039682, -20.105014314222696
0.043079893392770796, -19.456764334074332
-0.26156445668933603, -18.86326036712341
-0.6954497673078874, -18.35683420509767
-1.2347692135515795, -17.965008531637245
-1.527202925624124, -17.36622278344064
-2.066120621194873, -16.974688989344077
-2.6808622352073375, -16.71877296710177
-3.337916453026416, -16.612239372359547
-4.001535110342588, -16.6607104024089
-4.635680062559317, -16.861381714280867
-5.205979272581731, -17.203196519734792
-5.681586013366018, -17.6674665427421
-6.036840844530271, -18.228904365351376
-6.252647186833151, -18.85700958387886
-6.317487246050334, -19.51773233243483
-6.228024837263882, -20.17532310456864
-5.9892642374201195, -20.7942681798481
-5.614258311547734, -21.341205828496335
-5.123383505202227, -21.78672001207823
-4.898891784976355, -22.410190364052045
-4.579244802084169, -22.992064584989333
-4.335451127401831, -23.609146208683494
-4.2083675234711055, -24.25966874453563
-4.266780738219545, -24.918747132000583
-4.135422166483903, -25.568200200716966
-4.114962489677526, -26.230388794157353
-3.83912607463809, -26.830993017483767
-3.432745918267589, -27.351894305226196
-2.9177208107955606, -27.76529975453403
-2.6103593839590076, -28.350193578162862
-2.46377209557004, -28.993630712828917
-2.260321345744094, -29.622681479004235
-1.8423159205371795, -30.132696560230777
-1.3186576114727706, -30.53306944396442
-1.0440589611941924, -31.132055859268746
-0.9141265224139062, -31.777795358798176
-0.9356106270032536, -32.4358784008775
-1.1071986054161818, -33.07130381859971
-1.4196057447547843, -33.650339944930835
-1.8560891881520047, -34.14231203978318
-2.393355760685623, -34.521221491189195
-2.6900312918404685, -35.10763849050228
-2.8447161113848476, -35.74611129470459
-2.849383739620658, -36.40278998118539
-2.70395666840872, -37.04292554621423
-2.4162894835063775, -37.63270870781687
-2.001733138679301, -38.1410528412229
-1.482305114305835, -38.54122718351542
-0.8855108576818491, -38.81225480098259
-0.24288005717719652, -38.94000262897419
0.4117039923918411, -38.917907466164316
1.043793172184582, -38.74730123670987
1.62018693199588, -38.43732008457851
2.110672979338771, -38.00440380584399
2.4896051838588438, -37.47141360036582
2.737236603435411, -36.86641601008366
2.8407387787153175, -36.22119817469932
2.7948552151269634, -35.569593289140556
2.6022244911829904, -34.94568275705711
2.7246529328639717, -34.30454562978441
2.742880388478568, -33.650909557478165
2.5848772711829797, -33.01756631169899
2.299210271637362, -32.431115640412315
2.3104888439344253, -31.779485057966138
2.0149314783657166, -31.198906216715656
1.6160529781888169, -30.68374628935918
1.1051263897496844, -30.2803445245153
0.5990943605587984, -29.869203430501447
0.2937379464223585, -29.29484298146484
0.1263644383971298, -28.6665154333428
0.10549478317216242, -28.016860977485397
0.2320431246202791, -27.379562657095978
0.04497132390564024, -26.757593950159478
-0.2776955883611362, -26.19420739044756
-0.7191236435583672, -25.718458331913038
-1.2563765720588316, -25.35481998151709
-1.5789674755073688, -24.791969216854362
-2.067713246193435, -24.364747753353587
-2.3303430776283616, -23.772351893548116
-2.5777473610871064, -23.172487454395856
-3.0446864492157903, -22.723899006068343
-3.246603234896057, -22.108942328897065
-3.7131840781673566, -21.66069804643318
-4.268489185226133, -21.329132823785763
-4.883931590063463, -21.13112104220725
-5.527896489800227, -21.07665904130768
-6.167368713461784, -21.16837153184161
-6.769626258166298, -21.401397027278644
-7.303912990492424, -21.763656557264355
-7.743005108490414, -22.236490313306714
-8.064591811502899, -22.795628161008754
-8.25240050360041, -23.412443083508958
-8.297010231881096, -24.05542244597969
-8.196313228599829, -24.691781196011966
-7.955602544439438, -25.289134266110015
-8.023158042974332, -25.92935975675911
-7.782633046935047, -26.526252019063744
-7.414690047168, -27.053917575575085
-7.3372466844495206, -27.69227169524102
-6.969587854888744, -28.2195297244056
-6.493489227274292, -28.651021150323217
-5.933180224924712, -28.96501065200173
-5.317103870188478, -29.145749313262787
-4.857943275215226, -29.5941566745613
-4.272293798019298, -29.85811755868145
-3.797702074638549, -30.290549982526937
-3.1845403421818688, -30.477564045850936
-2.545358538367485, -30.523058597163693
-1.912372761623495, -30.424906555325386
-1.307528219903479, -30.635024863514275
-0.7649229009024417, -30.974506849697754
-0.3117440238557073, -31.426147754043498
0.029363006519176338, -31.967145689992208
0.24141826809739464, -32.57026063141575
0.31394307667732785, -33.205191835720186
0.24346718949826784, -33.84010377353881
0.03368346877633066, -34.443223553724124
-0.3047562275306679, -34.98442964371531
-0.34980279921096463, -35.62093864207468
-0.25235816257437843, -36.251501424752945
-0.01722078053270354, -36.844820905251964
0.34407001376655605, -37.37132992201841
0.8137430505669521, -37.80465147506693
1.3686456521624883, -38.12290800105374
1.981406818611058, -38.309789754528815
2.621690618233308, -38.35527623491294
3.257643340946367, -38.256095757889575
3.857073259276833, -38.01596801853515
4.389110036789181, -37.64558761180936
4.825384459908982, -37.16260426398193
5.141674130794278, -36.591544826839865
5.3201341281415395, -35.96254993160273
5.350800230921032, -35.30936357585954
5.232104427011831, -34.66657326089594
4.970435387598536, -34.06784730012252
4.579655510101995, -33.54448313361928
4.08040111949891, -33.123721014446296
3.5352733488807058, -32.763458123011844
3.1998583885293845, -32.20386630602125
2.641375055923764, -31.867089595782886
2.0212780976015234, -31.66589800185922
1.4117815819951236, -31.431463558898486
0.9364411282376499, -30.9860397908969
0.30795243450744003, -30.815659871300717
-0.34254702113097624, -30.792113954809523
-0.9812665876565531, -30.916293671721743
-1.6078019887605925, -31.094297509888634
-2.2029419070517386, -31.358295038024686
-2.7105970380611017, -31.76439628157948
-3.3413537748838413, -31.92155653887056
-3.8321122663925764, -32.346906033795335
-4.213915010139589, -32.87194908330699
-4.692184215369386, -33.31256121593071
-5.286926265304236, -33.57156063028278
-5.924535652028894, -33.68958980900816
-6.432109441835615, -34.09273172102515
-6.83552434490964, -34.599771194179006
-7.429400765947438, -34.85826991315542
-7.83250637369341, -35.36492064273738
-8.111000550217922, -35.94913679264936
-8.308020336119586, -36.566004989276
-8.339167617009345, -37.211957445137216
-8.224200994349367, -37.84810695019801
-8.152071852783976, -38.49162609352026
-8.323628790312023, -39.1143858202602
-8.630658307629467, -39.68242938349919
-8.635393602121509, -40.32787300397406
-8.942186896506248, -40.8954795248482
-9.368421869862004, -41.37952761658109
-9.517777877427713, -42.00670481007809
-9.94368452954706, -42.49038004817896
-10.361729783456259, -42.98215948410872
-10.910614999809194, -43.31894298053225
-11.520776021175081, -43.52408137502392
-12.16113656288754, -43.58730209968776
-12.799146637450708, -43.50555859527513
-13.400734793457726, -43.73251903343294
-13.936081054019363, -44.08819352963877
-14.575463805487926, -44.151204647073406
-15.110396245500068, -44.50660420827688
-15.552196790204492, -44.97238830386754
-15.878643831819167, -45.524888057166514
-16.073384377821586, -46.136100780635445
-16.126743481770916, -46.775114885858606
-16.036194083417016, -47.40967654245079
-15.806465021823241, -48.00781853109714
-15.449283319009128, -48.53946900285051
-14.982765255688248, -48.977959280977224
-14.43048834778175, -49.3013553241578
-13.820292204140756, -49.493546708550504
-13.182869616517955, -49.54503949250642
-12.550219447785375, -49.45341445257116
-11.954039452249082, -49.22342914725456
-11.424139777570234, -48.86676021366891
-10.969400494864107, -48.41815972901447
-10.574195707663154, -47.91607340351289
-10.218928992413488, -47.38488047687515
-9.88948528052409, -46.83739112800902
-9.567299524784447, -46.2857767229349
-9.229335196971554, -45.74394637296107
-9.1038567645835, -45.119412203577276
-9.119954993623544, -44.4828494388182
-8.835719725411414, -43.913318683381675
-8.474632093118691, -43.388775152336365
-8.068414789306605, -42.89815286891955
-7.632300625921491, -42.43398158488481
-7.182809168075183, -41.982934004929845
-6.730530886228248, -41.53496262155514
-6.28332657753362, -41.08225864503844
-5.845985211804503, -40.62036960062818
-5.420382770895197, -40.14798718249781
-5.007560378519625, -39.66473081381184
-4.607246864609273, -39.171385847125734
-4.21831631206683, -38.66933210117372
-3.8390531073573815, -38.16024354736862
-3.4674370060702673, -37.64585022761575
-3.1014204305440423, -37.12775990827717
-2.7391151644671843, -36.60736939329647
-2.378431200327586, -36.0861560310135
-2.018482267374809, -35.56473791011872
-1.5004288164246296, -35.20265730456176
-1.0674119375869429, -34.74088851607204
-0.5999082337933292, -34.31439430660668
-0.3209870129146079, -33.74805253829304
-0.17338742691780562, -33.13450486035148
-0.16416301541708708, -32.50376896635432
-0.2936011450863818, -31.88664238522751
-0.5552275943902224, -31.31319861437823
-0.8714896915008927, -30.767414157077354
-1.3204529193147923, -30.325721996455325
-1.847945850772025, -29.981794414935653
-2.439416238495152, -29.766859540244937
-3.063357303913191, -29.68674033307053
-3.576631845577733, -29.32347978211258
-4.200079997627028, -29.243423869087536
-4.825690803780082, -29.301693528451334
-5.42317456946352, -29.495304458339163
-5.963661951497569, -29.814731073881216
-6.421095560885193, -30.24438502564355
-6.773480795831209, -30.763384877131813
-7.003936137665003, -31.3465785254585
-7.1014931221538085, -31.965767954606626
-7.0616085194883516, -32.5910764170589
-6.886365308765426, -33.19239158748525
-6.584354129038483, -33.74081491735831
-6.170242295861352, -34.210047479515474
-5.664052447179845, -34.57764600126696
-5.090186709213164, -34.826089357443
-4.476244295866884, -34.94360519414909
-3.8516901099111, -34.92471811030964
-3.2464387540300343, -34.77049435827202
-2.689422076412182, -34.488472676990476
-2.2010702176479886, -34.09970883335807
-1.5884690646783086, -33.98179667105652
-0.9651298592111349, -33.99973238913387
-0.36079060392536977, -34.15249902820739
0.1957751186338229, -34.4326568880405
0.6781255142153257, -34.826715635339596
1.0634021065192982, -35.315792971123585
1.3334064288396235, -35.876527287380306
1.475451490249078, -36.48219984297945
1.4829485821268196, -37.10401227153202
1.3557027496827083, -37.71245814543069
1.0999042004577326, -38.2787231789993
0.7278173887762269, -38.77604763580011
0.2571838134641915, -39.18098663778055
-0.2896319795218685, -39.474509234694686
-0.8867117170843579, -39.642885017461765
-1.5058166190712252, -39.67831735423796
-2.1177256304052126, -39.57929449334423
-2.6936151331550757, -39.35064322440487
-3.2064149824836354, -39.003283877638545
-3.632077162911493, -38.55369950228286
-3.9506978009490163, -38.023145438455536
-4.147440468059419, -37.43663755799044
-4.533017031083151, -36.95220809724933
-5.033465555494925, -36.58939174963806
-5.600040549479131, -36.34287599889353
-6.206137447183126, -36.224062180945154
-6.823356167536227, -36.238354823581865
-7.422833723790439, -36.3849258495765
-7.976593644088267, -36.65677076233616
-8.458849140953346, -37.04105290290139
-8.8471994538746, -37.51971845027994
-9.123664084168212, -38.07035230871792
-9.275507479242938, -38.66723396314687
-9.29581672209224, -39.28254329261489
-9.183806461520076, -39.88765962039998
-8.944838125030744, -40.45449324434064
-8.590153787130653, -40.956787500800004
-8.136338298916117, -41.37133110638698
-7.604535807449649, -41.67902499502444
-7.019458030347392, -41.865754897938025
-6.408231090915007, -41.92303015777728
-5.799134937809034, -41.84836028273967
-5.220294052202017, -41.64535301114496
-4.69838008614491, -41.32353059656441
-4.25455869455462, -40.900760262111085
-3.87561917706801, -40.418783681249025
-3.5397607338719004, -39.90570430390824
-3.022679664711184, -39.57802646072706
-2.6717276951188094, -39.076103170434884
-2.137560521940777, -38.7781054554913
-1.805695501820077, -38.2645893392493
-1.4297221252470704, -37.78128885541728
-0.9055065408166703, -37.46756357259002
-0.5898008263549722, -36.94482866221667
-0.30612251118158396, -36.40342691569426
0.17574225027914575, -36.02909910747766
0.42564691189229614, -35.47271854032645
0.7121989773264585, -34.933312890808665
1.0514952691851749, -34.425731442138336
1.3814951497701586, -33.91229438665596
1.51214907613037, -33.317542905213195
1.9063330426086207, -32.853736799654826
2.3896699253389726, -32.48416946781157
2.940109438902739, -32.2255027497434
3.5326024065967565, -32.089334072423995
4.140244685565817, -32.08168523272446
4.735500911962459, -32.20274558765483
5.317764152145087, -32.03054463944244
5.850233948093242, -31.73924110557296
6.308917675335675, -31.34213988674931
6.673202247167422, -30.857294220872163
6.926774175165821, -30.306677840917686
7.058342463544935, -29.71518347934774
7.062132665834502, -29.109493604442633
6.938192603908531, -28.516861189435616
7.1065963491955415, -27.935558577039217
6.982733360989199, -27.34341866852732
7.150998759318853, -26.762593607501863
7.0272375692625015, -26.170940355575652
7.195364619346051, -25.59059285036979
7.071705228387567, -24.999426259560863
6.9109246906686375, -24.416735062878146
6.600457580034845, -23.89926098093923
6.304274146381557, -23.37260235345473
5.943272999242192, -22.88858185822678
5.494668628378877, -22.485349151445465
4.962156243794121, -22.203567999715286
4.382614140019853, -22.039856320422114
3.7818742626343305, -22.00134927299142
3.186657384240961, -22.08960351867511
2.623384043347161, -22.300544176425923
2.117003211294837, -22.62466184990376
1.6898905420745702, -23.047449857100524
1.360864699280625, -23.550061204118855
1.1443647674347321, -24.110155225925567
1.0498243990932612, -24.70289558824213
1.081269462850025, -25.302054860208024
1.237155943827738, -25.881176401302593
1.5104541573965642, -26.41474204122861
1.888974444905796, -26.87929405250206
2.355918908536909, -27.25446220540422
2.8906338762411456, -27.523851136998243
3.4695290959203553, -27.675749649574094
3.968986047764215, -28.006452021460134
4.35956445735842, -28.45927250122442
4.647146981675576, -28.983292424275092
4.819261366787067, -29.555463776108063
4.868516342269098, -30.150678289077696
4.792910201859051, -30.74287180010044
4.59590263908631, -31.306166269583752
4.286247780444658, -31.815999405135663
4.251904167930359, -32.411263980418376
4.341942188356488, -33.000623408718795
4.552629644502331, -33.558836022157244
4.876547284957956, -34.06331794204806
5.302556488287085, -34.492185441895025
5.813774423710615, -34.824002868846286
6.3886161204348, -35.04100027958462
7.001572996389932, -35.1301509051331
7.624247915450271, -35.084087378419305
8.226614651736767, -34.901793765911215
8.778453845016909, -34.589016401035195
9.250902678960061, -34.15834649191406
9.61804263338067, -33.62894138338612
9.858439802730212, -33.025868843868885
9.95654643995807, -32.37907919102139
9.903871460405062, -31.722032554303325
9.70045558668481, -31.091396298716642
9.356385824400364, -30.523686226861013
8.890433346745901, -30.05073422392329
8.581445047680347, -29.462044681557636
8.06075352144888, -29.0509285634229
7.4594673574707295, -28.77117569156721
7.0597813691554325, -28.24228199251025
6.458945477483501, -27.962738613184737
6.0595589070844245, -27.434241125816005
5.459173292319446, -27.154907241161244
4.968513046847252, -26.70890088588293
4.339618360233049, -26.503172178277612
3.6807580449145805, -26.44432687515458
3.1260262612329472, -26.084537373926548
2.6690926800873545, -25.60698190444049
2.33432637947682, -25.03737602610245
2.1395108615433394, -24.406314874598625
1.6826906407743971, -23.929424670240365
1.1258425439137887, -23.57522742918343
0.5027859397338843, -23.358413564718237
-0.15315185098752782, -23.290400216813968
-0.8069524053292852, -23.37464732094148
-1.4237769028320328, -23.60649412162028
-1.9708209444537468, -23.973428718241358
-2.419054837563349, -24.45577450953855
-2.744757271575659, -25.02775530914157
-2.9307617385680578, -25.658880966913387
-2.9673507016804064, -26.315578594519973
-2.852751523791609, -26.96298182676857
-2.5932095102186254, -27.566782598506148
-2.2026359460929856, -28.095047071587143
-1.7018515211141199, -28.519899725643345
-1.1174668403963413, -28.818987070820782
-0.48046070124267837, -28.976644524260415
0.175467516127486, -28.984706046756887
0.8156834466227532, -28.842915288687145
1.4124147613737668, -28.571291685942484
1.9511916719979412, -28.197645580787952
2.389542666189756, -27.71076265287853
3.0030054968949926, -27.481977604961944
3.4373358186340583, -26.992374433783898
4.050333254072508, -26.76376295052774
4.69164868683449, -26.632969620363976
5.207175594213212, -26.23096043625569
5.617598247091857, -25.722425324355875
6.218364639229431, -25.465890890937047
6.861468951979217, -25.35265398208733
7.513234587082251, -25.388473172296077
8.105438796731011, -25.11451796394248
8.756708453653216, -25.15030989658154
9.38262521970829, -25.332895488952886
9.95058768549591, -25.652589286001252
10.431075366365398, -26.09258177063899
10.8004033443659, -26.632154351940212
11.384342005912522, -26.937240220668798
12.02760088160511, -27.101003441336772
12.693630930474715, -27.1115519812014
13.344654757762362, -26.971511398670607
13.946709818068575, -26.687517181153204
14.465531258415098, -26.27053876990056
14.873819024571967, -25.744542278705513
15.149950369792487, -25.135777556044438
15.277312058751615, -24.474502261520026
15.245607935340551, -23.798064093559855
15.535513802113092, -23.184809578750432
15.56499572265605, -22.506681395220287
15.89002533098935, -21.911862950439836
15.89807091497615, -21.23406982511872
15.746089941246863, -20.5734753506807
15.442787140926068, -19.967542831966934
15.00540605283182, -19.450330843454218
14.45870294015745, -19.05084375138726
14.163340847853963, -18.44182867858
13.617054990053933, -18.042611455577333
13.32192597488401, -17.434035131656685
12.776035355246494, -17.035119140696068
12.15188291548888, -16.775834261237584
11.484518611806456, -16.670552236363623
10.817916769237446, -16.55343944930356
10.150553586381523, -16.65549418418987
9.504139087982065, -16.8518512572198
8.848960387464066, -17.01904908192871
8.180180287466081, -16.932348861959085
7.5506185606785055, -16.69130734408221
6.995318137387205, -16.309527599376338
6.545121963422311, -15.808425601332882
6.224967321401077, -15.216018302143604
6.052417746323026, -14.565372883226113
5.595051146859509, -14.071821718596102
5.035091394951723, -13.699144922044152
4.715456230054583, -13.10758565927096
4.543081969493795, -12.457922425424888
4.086304044213042, -11.965179637822164
3.527236174497471, -11.592955120903857
3.2081765400452062, -11.00221364501428
3.0359433418377884, -10.35354041727554
2.579754373845611, -9.861605800422463
2.4076485995730934, -9.213412483103616
2.3914882832374214, -8.543202909713289
2.5319917763421484, -7.887941151326505
2.348815996032162, -7.243563052585475
2.489215383687789, -6.588786807454285
2.534180432085856, -5.919345182158527
2.3438370177184717, -5.2778247181261655
2.0095368132773563, -4.698436870660152
1.9860441179829496, -4.030183249168743
2.1185623696999683, -3.3750330764652174
2.358313101227118, -2.7508069038615517
2.6872290126715783, -2.1685766227000847
3.1607025041105468, -1.6978213809860214
3.730343118811358, -1.3500201050125324
4.249138505087197, -0.928101745821975
4.776356111064724, -0.5171676415537427
5.302634595509357, -0.10543122229595048
5.6477014450773995, 0.46470936902634885
5.853584653820889, 1.0983141471570332
6.33174898162931, 1.5618102779526057
6.536588733406769, 2.1951978589007317
6.589182268857526, 2.8585548948915385
6.486843148430988, 3.5158257285440317
6.704656262524267, 4.1440870896177895
7.061783030575192, 4.70477307020196
7.538757106076473, 5.1675552885192175
8.109602026331583, 5.507423447334807
8.743336268984185, 5.7061064564557595
9.405620552970637, 5.752989833278726
10.060607214683285, 5.645684890149455
10.672907379643897, 5.390149518772551
11.209503899165433, 5.000342049606384
11.641531495729081, 4.497440979135673
11.945818495626801, 3.9086811230435408
12.17971603634688, 3.2879921196544193
12.236678809174407, 2.628185137903845
12.596327949792503, 2.0723677660184587
13.074348983058012, 1.6143216286442719
13.645654565358647, 1.2784229639899198
14.280524332164468, 1.083028034087371
14.946850496882293, 1.0398220116248482
15.609781084552914, 1.1539979220061058
16.252647903839048, 0.9420889050042246
16.828806895700666, 0.5837799115684119
17.303987142013078, 0.09982591444029376
17.65149270039603, -0.48233468653941225
17.85187366804711, -1.1297773545345404
17.894003352008898, -1.8059601802892757
18.22348555609584, -2.3985431299653452
18.65543360472938, -2.9221118927234215
19.170393838196276, -3.36514081078862
19.78469716983488, -3.6541750217848548
20.442242997841856, -3.8249895205494155
21.11741212797178, -3.9024376524573374
21.796081384289252, -3.871719702464402
22.47457730876161, -3.930563355754221
23.092031719874896, -4.216459179631737
23.630535784021617, -4.632226007807573
24.052385492353398, -5.1655200617271415
24.336189502378417, -5.7835700289391685
