4.468647674116255e-15, 13.500000000000002
0.0019418683225365268, 13.498431357295006
0.006789622031372103, 13.492718374177246
0.01483639616453347, 13.483167859625015
0.026030381207559898, 13.469739579482031
0.040303212803388826, 13.452372203452509
0.05756455155355248, 13.430992111652381
0.07769691932611622, 13.405510899302092
0.10056522922805065, 13.375825728366653
0.12601379736663385, 13.341824855338281
0.15443093752207634, 13.303808672694341
0.18593801693902445, 13.261871007337461
0.2206089279390051, 13.216070793607722
0.25842272515476356, 13.166394735989208
0.2993513192675934, 13.11281861158124
0.34351820306734404, 13.055438417748373
0.390849977007684, 12.994210129062608
0.441347277802065, 12.929135930906632
0.49512088422650835, 12.860297836533885
0.5521432068342201, 12.787680634800177
0.6124530723436123, 12.711325335854152
0.6758440693609676, 12.631064961045844
0.7425868936789032, 12.547103768235724
0.8124663968955278, 12.459298663174097
0.8856077657286111, 12.367761639812937
0.9620156385969172, 12.272480524760896
1.0414327272083477, 12.173261847708202
1.1237716371213269, 12.070016170508227
1.209322774558283, 11.962989565116361
1.2979630219281622, 11.852114704704379
1.3898106356637276, 11.737476304930599
1.4841773369289535, 11.618495028400549
1.5818623332700823, 11.495820121410679
1.6822254331432998, 11.36909279554405
1.784152085291032, 11.238617858735871
1.8860986203367458, 11.105809148424612
1.9895652799251273, 10.971831013169531
2.0925778453647115, 10.835739517474654
2.1947550209305557, 10.699073347856002
2.2971509863737087, 10.561860184569909
2.3994627613127664, 10.423437871771666
2.5020299664476497, 10.283797207630352
2.604710007522433, 10.142688416387557
2.7072077746496834, 10.00062417972952
2.8090633152171183, 9.858112481480333
2.91015657896957, 9.71536527662795
3.01030509472474, 9.572258191125119
3.109729368258307, 9.42895061476273
3.2081906245831697, 9.285282683292992
3.3061291525773666, 9.14156029041115
3.4030721899527547, 8.997447199845311
3.4991636758290583, 8.853006807455229
3.594801437441742, 8.70799612999706
3.6901824262632985, 8.562438869035493
3.785350970454164, 8.416809891821398
3.8803253756982397, 8.270701010776337
3.974660867970878, 8.1238898387522
4.068249735788776, 7.976520241543194
4.161105326813328, 7.8285072037506005
4.253833059781083, 7.68028461314235
4.346019734488702, 7.531714488028491
4.437286441367068, 7.382870659262715
4.528317108500415, 7.233805637477554
4.618559905657429, 7.084185929646175
4.708265660086112, 6.93415187554807
4.79754755201648, 6.783773620680496
4.8861208479741105, 6.633058316032588
4.974469647765839, 6.482056772178174
5.062036656984088, 6.330654242357939
5.149337244753307, 6.179217218614385
5.236013688075913, 6.027240877651332
5.3225057081080545, 5.875147061148545
5.408293456301159, 5.722737829378992
5.494163649596438, 5.570457626711836
5.579887846741987, 5.418005497297723
5.6648445341308085, 5.265035258059698
5.749486506210924, 5.112053112237506
5.833808723674028, 4.958905805825129
5.917589374829538, 4.805374421594282
6.000860899944856, 4.651629723345963
6.083794305098977, 4.497939860242809
6.166033457730639, 4.3438415216919815
6.2479642279546095, 4.189446054065209
6.329806380412145, 4.034888330448365
6.410785618208554, 3.879904842564168
6.491435046333237, 3.724700928318564
6.571854948196414, 3.569328809987353
6.651844553181265, 3.414015236242622
6.730696106792311, 3.258065419391235
6.809481058715114, 3.1020256955865686
6.887530464228643, 2.945865196971927
6.96473610117976, 2.78911177445246
7.0416119545813265, 2.6320525810702042
7.117941112242366, 2.4750048812842103
7.193621366902976, 2.317649309939313
7.268637206678653, 2.1599485014586164
7.343940701522771, 2.0022649969707635
7.419477265962213, 1.8446064196234206
7.527952387409316, 1.7078308391977135
7.60236336463091, 1.5499432983014225
7.722954001577146, 1.4234464524284018
7.85109896093012, 1.3045242598608109
7.9861302955278015, 1.1938665580890198
8.12341827364626, 1.0864042604656676
8.261957061800475, 0.9809597391025155
8.401356811937903, 0.8770635704904988
8.540534775494471, 0.773279609378798
8.679015751785812, 0.6689766802220387
8.81566111958431, 0.5626831349460357
8.94849001073259, 0.4520453503225643
9.075356761121023, 0.33498718471897904
9.174615272193805, 0.19402727559053468
9.262942874026377, 0.043162920974146285
9.34398651277225, -0.11735522071986462
9.416581986664944, -0.287314832468501
9.478744017062416, -0.4638801005210045
9.529765249343258, -0.6464466301584721
9.568965687629479, -0.834336444866407
9.595699878129784, -1.0267977238115047
9.711044651907105, -1.1861078237247629
9.744432440141825, -1.3797010185123053
9.759663782244807, -1.5759697934403036
9.761252407707634, -1.775851966890526
9.748361210242672, -1.980331357706505
9.719984097140285, -2.188286189745978
9.6758262310638, -2.3958974843878336
9.616444030677837, -2.599416842296079
9.542218356169263, -2.7977374328355684
9.453609601745391, -2.989787565108168
9.351154503211427, -3.1745363117511
9.235462556764507, -3.350998848064374
9.216073523129836, -3.5608615408450413
9.21223041471258, -3.7721430092950885
9.224323617193704, -3.986301378035805
9.208069321494184, -4.2041899657965205
9.12005102746567, -4.40556050658151
9.136743443240912, -4.6244416124840395
9.048492905281647, -4.8262478837751495
9.065302992978205, -5.046650594591152
9.01221505818969, -5.261057043448947
8.917602396516418, -5.460321349294365
8.927672353386416, -5.682595827622425
8.837019032459013, -5.889219429510438
8.84926146407898, -6.117679248000204
8.7509110975217, -6.3290735795992425
8.634495285286683, -6.533567264878074
8.501783272751087, -6.727578445335713
8.475569778795885, -6.961322603765783
8.34416055617708, -7.157049979172401
8.318425499251187, -7.391723590517142
8.18518423544164, -7.587494583402896
8.159293142477237, -7.8235726544171476
8.030205543711325, -8.022815943581621
7.88217739804081, -8.208088106204341
7.719462004451084, -8.38026068986074
7.656573875866995, -8.60839770449732
7.6128206563568845, -8.840795372193455
7.505149248672159, -9.051225044076684
7.475038061111795, -9.28536176371403
7.365423690211402, -9.494206170999874
7.344307071730277, -9.728916557946206
7.253842267243911, -9.946412607474354
7.160587583937017, -10.162486116257035
7.146094510320745, -10.397143642653369
7.075946392472266, -10.621398717427056
7.008948304420283, -10.846383947928866
7.010217116180866, -11.080852001670511
6.971964789403374, -11.31200556132682
6.865377523241461, -11.520301117834938
6.868933306763646, -11.75400693676898
6.891564089546188, -11.986412796866409
6.889091010746203, -12.22132821069657
6.805030503904242, -12.442077075676414
6.8343060009912415, -12.676281660600369
6.883134065258836, -12.908471979062105
6.816971611540002, -13.137554801165699
6.799353337481579, -13.375167688932038
6.759567791605764, -13.609827002756031
6.669246740057488, -13.829694510883787
6.673515888602453, -14.067135663674907
6.710928112819638, -14.301363539200624
6.729894372956769, -14.537605542472965
6.774617551309478, -14.770074961560724
6.84888479580478, -14.994563811213894
6.918173242698371, -15.22041552912545
7.019069616948564, -15.433713073389917
7.070830345923971, -15.66372529516338
7.189856670431461, -15.866872251122777
7.325066334264744, -16.059321560451103
7.4754911404782245, -16.23980239134419
7.640064922024863, -16.407131738554284
7.817631493865538, -16.560221792178936
8.0069531405614, -16.69808659032799
8.206719575408552, -16.819847918698137
8.415557304827677, -16.924740425728373
8.632039329865593, -17.01211592777986
8.85469511530517, -17.08144688463832
9.08202075601529, -17.132329031534134
9.312489269800622, -17.164483159773674
9.544560946125786, -17.177756043935005
9.776693680680545, -17.17212051936192
10.007353226809544, -17.147674719355045
10.235023296336214, -17.104640486970528
10.458215444247735, -17.043360981660918
10.675478674055421, -16.96429750609689
10.885408703379557, -16.868025583361298
11.08665683240394, -16.755230319280994
11.277938361276192, -16.626701088930588
11.458040506265949, -16.483325590282966
11.625829768503932, -16.326083311573168
11.780258713378926, -16.156038462167473
11.922885118177572, -15.976290798915564
12.057764744648196, -15.790951881869024
12.187605628822272, -15.602336040329781
12.31459433350677, -15.412075573107854
12.440207197187888, -15.221193904830901
12.565501088008924, -15.030395768167088
12.69245606305677, -14.84099554488086
12.820693003634682, -14.652761726079202
12.949086191740845, -14.464936757682768
13.077400738621309, -14.277360699516407
13.205638453651167, -14.090034908904643
13.334017792084364, -13.90310929661969
13.462388026343405, -13.716480767037107
13.59068425794638, -13.530104778874477
13.71885035216109, -13.343942712920072
13.846917639718145, -13.158016147731177
13.974845739536535, -12.972297276732043
14.102575301183006, -12.786745230949247
14.23012366323477, -12.601371964687614
14.357540399291858, -12.41621159399245
14.48473651889057, -12.231202906483249
14.611782944387334, -12.046394686856056
14.738605593429543, -11.86173603490832
14.865214782418972, -11.677234083344313
14.991700608763491, -11.492950680098003
15.11806704252963, -11.30888855364143
15.244278433748043, -11.125023231686088
15.370483612465224, -10.9414569504334
15.496824913270048, -10.758287953817836
15.623532186590568, -10.575676143942882
15.750978886439103, -10.393884887589568
15.880021314824658, -10.213530306730544
16.01026509365153, -10.034350433738398
16.141818054122858, -9.856440470920251
16.274561913560493, -9.679729938118326
16.40844985968525, -9.50419901735173
16.543840370999117, -9.330141175946629
16.680485224176362, -9.157384986609172
16.817649097794764, -8.985360053276624
16.955397541966402, -8.814123494312803
17.093086039976335, -8.643159425230529
17.230195349500285, -8.472050595871659
17.366517925770303, -8.30063355245085
17.502152598925537, -8.12899019957743
17.636596226034566, -7.956729399468931
17.770054859210717, -7.784020234053125
17.902422788726533, -7.610788292187523
18.033447613460115, -7.436851246253988
18.163154533705228, -7.262240616364725
18.29174541695118, -7.087116542343002
18.419287664342242, -6.911536185057048
18.54561227729367, -6.735385330859401
18.670897122634997, -6.558799876533917
18.794976306754382, -6.381670351843796
18.918004329000706, -6.2041131703906975
19.039464241710544, -6.025782129298946
19.160843847850707, -5.8476986871830485
19.281933550596285, -5.669720209537153
19.403383170520627, -5.492289920477297
19.47230698743653, -5.286170621546985
19.52638103817768, -5.070512598482696
19.56414625347475, -4.846341345411939
19.58418761583364, -4.614881362310046
19.585158827883504, -4.3775615591767
19.565809096794418, -4.136017982177664
19.525011826493063, -3.892093416414662
19.461794934272483, -3.6478334169437416
19.375372427174195, -3.405478327112907
19.26517678729548, -3.1674508629787947
19.130891625380503, -2.936338876215669
18.97248397052161, -2.7148729571933776
18.790235472768963, -2.505898606269085
18.584771707589283, -2.3123427860739287
18.35896534002567, -2.1384748194908063
18.11457222088629, -1.98667020684915
17.853730091297788, -1.8592036538305694
17.57878692193622, -1.7581098213118165
17.292141378772467, -1.6851644453478594
16.99665362058298, -1.6420047200595045
16.693274388475224, -1.6300120110965122
16.385373789383756, -1.650910056835923
16.10117359301336, -1.5236707080000313
15.830205491808805, -1.3647011397055477
15.57451026672214, -1.1737125207026222
15.338284072468038, -0.9517547799190604
15.12573462392559, -0.7004545290894275
14.941002671663755, -0.4220413678916496
14.788075759645748, -0.11936415022922386
14.670695355927133, 0.20410452314346245
14.41139288834686, 0.43783944206999936
14.121235673178989, 0.640787314578747
13.805120489607178, 0.8076368710934543
13.467597268659516, 0.9346055730029644
13.146003837583011, 1.1030406866041158
12.791330968135034, 1.1781930009890011
12.513528895572055, 1.4107567064999507
12.159344180428178, 1.4858055849383254
11.798306645589124, 1.5154270845965871
11.436223258671994, 1.4990678198036247
11.074710370532884, 1.4746045909197842
10.71625828096852, 1.4233376839709722
10.368505248051699, 1.5228254113058837
10.012270887139834, 1.5853610657333932
9.656773266644711, 1.5214025501964439
9.29743203761162, 1.4851136612095819
8.94697713723679, 1.3991524512387967
8.601725185266101, 1.2949913597723954
8.285697769279844, 1.1221447502322666
7.956628119020156, 0.975732358307425
7.638711061521657, 0.8070302195843124
7.315418074225326, 0.6493588754499385
7.049427521350926, 0.407945710630676
6.782172104768819, 0.1680697666114629
6.518400470659053, -0.07532740321974674
6.319743358347526, -0.3737054409751103
6.160141048116398, -0.6943959294376616
6.0420225738267535, -1.032308080749234
5.967156740306644, -1.3820982122746983
5.93662756885166, -1.7382548576139447
5.9508206373873325, -2.095185977499492
5.921745793587219, -2.4511881447258563
5.850817757020123, -2.801053656367656
5.692579241437979, -3.122097366859915
5.494409827260654, -3.422146483359981
5.2597392660205236, -3.6952678226696056
5.180555534533057, -4.046819576075512
4.9602940770040105, -4.332211204501683
4.88863828427924, -4.6851924167507315
4.862001017488029, -5.044159698157356
4.880721399682857, -5.403407366351548
4.9436900220469715, -5.757345917696664
5.039139946730888, -6.103759349399089
5.091252766253314, -6.459659844629594
5.080518709028289, -6.819303463635595
4.992688508967996, -7.167822088698223
4.861855106299597, -7.502346079364201
4.9031764515053915, -7.858908899039613
4.839424571743252, -8.212105077374169
4.718496650212655, -8.549647701242963
4.754043736675724, -8.906080165738379
4.683433472342204, -9.25732484893725
4.5444053553940815, -9.587221224887179
4.358401436941758, -9.892746914698474
4.279861485461328, -10.241732151920953
4.11631330513282, -10.559678039318321
4.054884695932342, -10.91162936342786
4.059963136593516, -11.268485232446878
4.049548538245921, -11.625238792719625
3.94347572444279, -11.965792409056208
3.9784698314088898, -12.320397860189393
3.863509577135507, -12.657599815416352
3.8608436440136487, -13.013832524712221
3.7766618201735005, -13.35975787157425
3.7074287313617846, -13.708768153049549
3.5519335870651925, -14.028318725626944
3.5583302433905772, -14.383407106971738
3.586879172427612, -14.737297687651658
3.5096285152014164, -15.083666513210035
3.572589973325015, -15.432491437322573
3.6530188517344535, -15.777549960800366
3.617625434491344, -16.12987793299202
3.7286772149388825, -16.46570726438237
3.806840518127853, -16.81063492382471
3.870598289566576, -17.15827743327627
4.017928104516051, -17.479100029507993
4.020556297127581, -17.83185342642663
4.181761374847578, -18.14529517513382
4.262324271016363, -18.488395252113254
4.266314033845141, -18.84040624103739
4.294993352581452, -19.191160301310596
4.233709342755062, -19.537244799892633
4.214033915392955, -19.888124902700618
4.26105396171466, -20.236097470481052
4.301628296442769, -20.58467233558033
4.431080557265875, -20.910358856852447
4.599464277662673, -21.21772791568196
4.737889241876116, -21.54063096282567
4.953181423630957, -21.81850923697017
5.200823715330831, -22.067637453488242
5.3026178874814525, -22.403575362044165
5.549908351551716, -22.652349639872412
5.750943118571797, -22.939761722900318
5.8539742537865775, -23.27453916891108
6.10181213092892, -23.521709140892273
6.20470656300227, -23.85605134161146
6.452273645995174, -24.10294872681206
6.730150260781964, -24.319087865384635
6.999033839765145, -24.554124017651798
7.278003873348514, -24.784351808616744
7.572874669807789, -25.000657151069767
7.876977449110018, -25.209868129889795
8.19850425427893, -25.39694123974928
8.556807184430717, -25.505447595166714
8.928887763044132, -25.566270153341748
9.307151341265167, -25.577479277011665
9.683814877055696, -25.538516811964183
10.052612811665062, -25.449856272329637
10.407271335223284, -25.31268124874073
10.741516495473908, -25.12897025414964
11.048686658411336, -24.902006350845763
11.322987043466114, -24.63587733403117
11.559658300544239, -24.334942216921807
11.754138091860842, -24.004639239074482
11.902617418241308, -23.651257078883923
12.002368845980412, -23.28141447135133
12.051692993289317, -22.901796249674533
12.049802099684431, -22.51924118410998
11.996830022309164, -22.140618516411294
11.893825642850778, -21.772704669189356
11.742729921651405, -21.422062338929543
11.546351852198091, -21.09491518543224
11.312829488491168, -20.793440406464764
11.244338819101598, -20.41858108586546
11.008363061104204, -20.11969234487699
10.734896443469923, -19.855031947597386
10.428867765420357, -19.62923166428062
10.264601686673792, -19.286498091537464
9.958974452525691, -19.06099400969179
9.626343148291227, -18.8781632486326
9.4184571482891, -18.560886112347927
9.254562451123437, -18.219081020514064
9.137459439679322, -17.858817195618403
8.8652424327503, -17.59573524999804
8.560819544350053, -17.371119782927632
8.2295955942565, -17.188835894794735
7.877427347998876, -17.051994054775985
7.510518885644767, -16.96289911174335
7.135311513153467, -16.923013701810447
6.7583701805741665, -16.932936588263306
6.386268415646349, -16.99239620409385
6.025473790114507, -17.100259399720585
5.682235909542592, -17.25455513343749
5.362478856461742, -17.452512584273254
5.071699922753513, -17.69061292068049
4.814876342262502, -17.96465372796312
4.596381581263061, -18.269824886419155
4.260500780922644, -18.436756876779405
3.9058754159446654, -18.558148724875007
3.649782045597882, -18.831506308790456
3.431814872880465, -19.13582796643491
3.255641917740068, -19.46582455758555
3.124201888752917, -19.815783988950248
3.0396572013487515, -20.179671099341597
3.00336057374749, -20.55123248119944
2.7971702029369516, -20.8621579271925
2.552370172556764, -21.14336242103539
2.468114874847348, -21.506292319534364
2.270354660455226, -21.82199866601195
2.0820780449067424, -22.143225574630858
1.9820680234291765, -22.50148521390518
1.9477766041351232, -22.871483296456685
1.8534667449945286, -23.23091224453688
1.759033697616118, -23.590050802114536
1.5791569596097719, -23.914450160631375
1.3673334411569724, -24.2186496715021
1.116529711358312, -24.491201649644093
0.8283067407212312, -24.72334781947759
0.5126956618881042, -24.916141438267687
0.1725811071492953, -25.067338150835607
-0.18919127312802386, -25.17409977967881
-0.5668618638479253, -25.23267224268855
-0.9539660981746686, -25.24003297424369
-1.343420512643004, -25.194025061158772
-1.7276339743889717, -25.093483459556897
-2.0986440152734613, -24.93834870339117
-2.448277408916039, -24.729763271611183
-2.7683332355425327, -24.470145665908433
-3.0507857139184935, -24.163237290187634
-3.2880030634980657, -23.814117440385818
-3.6638603370673883, -23.615925082055895
-4.067707494194553, -23.474984044154656
-4.493049308817017, -23.39541463603179
-4.930526345640809, -23.381263113348844
-5.369926260062984, -23.435142835812197
-5.800400266380294, -23.558048182500578
-6.210720170343071, -23.74919953973154
-6.589572077446673, -24.005928073047556
-6.9258810604465735, -24.32360869180873
-7.209159201030544, -24.69564894059615
-7.429355592860247, -25.112340573721706
-7.578606387281134, -25.562103198736658
-7.65159797216588, -26.0331462158147
-7.64499262042502, -26.511859332359556
-7.558328784615762, -26.9832973848542
-7.394114071629062, -27.43336318497436
-7.157090386308792, -27.84942427527137
-6.854034362211775, -28.21983700402939
-6.537108292109452, -28.578595088669342
-6.146769393924836, -28.85465201735949
-5.931617794933633, -29.281317609609264
-5.541685690942153, -29.557086843806225
-5.32675843128503, -29.98330755031327
-4.937233124474648, -30.258789087903857
-4.70643634408978, -30.67619749226296
-4.312114873973966, -30.94388282875466
-3.878990715132903, -31.14215264130034
-3.5896069701494504, -31.520209808023363
-3.3671749328299168, -31.94087238401569
-2.973631171636637, -32.20792909382156
-2.627762529704249, -32.53482025444855
-2.405717874077218, -32.95484221489179
-2.2560933677190023, -33.40550915962701
-2.1261038925075537, -33.86231183217286
-1.818991652276355, -34.22382907928233
-1.4564607534473384, -34.52935763643676
-1.0485894116449936, -34.770565321723566
-0.8016259988577659, -35.17468560331188
-0.6249466990651034, -35.613835495596526
-0.523294702698777, -36.07589530926629
-0.21696095268282412, -36.436112401537585
0.14447594384536622, -36.74071246171465
0.55116937326752, -36.98147589422943
0.9920572337576432, -37.15185584835446
1.4551763996568248, -37.24717368534582
1.9280277664043253, -37.264727511470404
2.3978365232340426, -37.20381686365247
2.8516677889330184, -37.065827053718486
3.27703628015238, -36.85420119786987
3.6619228463735913, -36.57452425833006
3.9952607418376305, -36.23451637864401
4.267529641321007, -35.84369679419141
4.470969246218792, -35.4132111641283
4.599983774310343, -34.95514607640981
4.6511074159336685, -34.48226375268635
4.623044126161788, -34.00770412562786
4.5166956128728994, -33.544619280378484
4.335128332978679, -33.10580927749386
4.083480760290087, -32.70336942636994
4.0500014128121355, -32.23016013860034
4.095302646613266, -31.75818621945177
4.218011992672681, -31.300455067782583
4.111755519190688, -30.838882879908326
3.9307597618625234, -30.401454127032196
3.9760482701011712, -29.9304801282221
3.991607384081885, -29.457345903089998
4.1235839398649725, -29.00340341570818
4.033987481704197, -28.539578765122073
3.8692357479822324, -28.097105749323863
3.9312545670833527, -27.62917140224643
4.069685308282392, -27.177466979225976
4.2730818720476655, -26.750667733456808
4.543631802247504, -26.36327883714034
4.730600201125383, -25.929062131142995
4.7789570662796255, -25.45956444267218
4.755947842804768, -24.988348962828198
4.6565414128289495, -24.527435499129275
4.491675716059088, -24.085900053079218
4.251552926079465, -23.680715581874242
3.9482489867107144, -23.320698657349713
3.5901079252354413, -23.0155660084182
3.186936754079734, -22.77351233630696
2.7497378963109136, -22.60100066960352
2.290406886445846, -22.50259336793196
1.8214063077665035, -22.48083534835638
1.3554271370958946, -22.53619300907732
0.905045179428299, -22.66704933296385
0.4823822460080726, -22.86975522955913
0.09878118329460828, -23.13873540412807
-0.2354965755150279, -23.466645585020704
-0.5115429305235575, -23.84457658019782
-0.7220373766805218, -24.26229940594305
-0.8614375372331937, -24.708544667379908
-1.193676710974811, -25.037104342292537
-1.3476058301350287, -25.47812591422295
-1.4198644074079887, -25.93926317947017
-1.6998175163664775, -26.31244222039958
-1.7719989486428949, -26.77308716434912
-1.7682544338073867, -27.239103125140264
-1.8033835162264653, -27.704063733220128
-1.977633845789474, -28.135951369510273
-1.9422741648105846, -28.599908518187306
-1.8320944638245233, -29.051721709953814
-1.946635746240895, -29.502191829545055
-2.1326401873551375, -29.927883986520673
-2.097275162708511, -30.390841148259277
-1.9874105590455768, -30.84170527938031
-2.1017849541753835, -31.291189421763434
-1.9920383335516902, -31.741569372220557
-2.106289836175906, -32.19057055485826
-2.126915133342508, -32.6536720674698
-2.0079430927535284, -33.10092991948115
-1.818385776161152, -33.52286756152491
-1.8488545498813191, -33.98417499117962
-1.6595014602291018, -34.40565804233011
-1.4047876928046084, -34.79087647277872
-1.091479091607065, -35.129815956696966
-0.7278539536691954, -35.41369805659085
-0.3234812749586734, -35.63520467477465
0.11103358705144284, -35.78866333649159
0.5643290141277421, -35.87018870864418
1.024585548178533, -35.87777692977222
1.4798347647173498, -35.811350578250604
1.9182705147837422, -35.67275340340056
2.3285544463614967, -35.46569525418099
2.700107921322117, -35.19564892824516
3.0233828515188534, -34.86970189722079
3.2901045754546567, -34.496367010673524
3.493480667741329, -34.085357312478415
3.6283704958555716, -33.647330993662514
3.691461274107255, -33.193619836141764
3.681172823199766, -32.73590827935808
3.8866525231942473, -32.32706148741696
3.937285485870862, -31.872223702804718
4.168821697855654, -31.47812634297178
4.188458705260826, -31.021718203721974
4.419742451170994, -30.628050565914105
4.492477591222639, -30.17726250997001
4.4652739941952415, -29.721991742416446
4.3659898225845755, -29.277101970107033
4.486901877944364, -28.837855566283512
4.675675222149991, -28.423492172462858
4.92793662083753, -28.04472122624979
4.973052264591718, -27.59212751877091
4.945750614649939, -27.138360539933156
4.850272889826156, -26.694144741105692
4.6921517798643535, -26.268416506949947
4.492631201465978, -25.860583237435204
4.227610851722416, -25.492378203816088
3.903574706603632, -25.175330718150583
3.5336511206097967, -24.91370277933197
3.1272264659819147, -24.713988313864753
2.694579173763079, -24.581106632164815
2.246618096404437, -24.518284895586124
1.7946063384167674, -24.526983637278075
1.3498775693049365, -24.60686694513926
0.9235519714515854, -24.75581778429471
0.5262589337517183, -24.969997803021354
0.16787338236802846, -25.24394985828087
-0.14272774988100145, -25.570740442451203
-0.3978829629454286, -25.94213821732349
-0.5913322781018343, -26.348823988553026
-0.7183675341491815, -26.78062670431856
-0.7759433716974633, -27.2267794534592
-0.7627463878254813, -27.676188984637996
-0.6792209994434799, -28.11771197895022
-0.5275516372816269, -28.54043118948798
-0.3116019764209791, -28.933924614045388
-0.036812966847037, -29.288521088489748
0.2899375672701941, -29.5955360712802
0.6605100623244247, -29.847481923210527
1.0657085571398928, -30.038247656107412
1.4955110037826818, -30.163243912146037
1.9393187326794608, -30.21950982114065
2.3862188286569723, -30.205779343926594
2.825252902624479, -30.122505721463142
3.245685633786131, -29.971843686253408
3.637266510658515, -29.75759012943935
3.990478412936669, -29.48508492810266
4.303469554002117, -29.167465959155226
4.580527505450607, -28.81825719487713
4.831338272274146, -28.449910561325133
5.212150012910836, -28.219450939417467
5.623918375187566, -28.05106383990812
5.9084486743594935, -27.70940873295656
6.32225562579851, -27.54040992584931
6.609835808179887, -27.195088466265776
7.025588148762647, -27.02507217278711
7.462614565547282, -26.92240946641224
7.910081475920366, -26.8895251339121
8.356927586744698, -26.927114851335485
8.769532481617937, -26.750538087653183
9.219429358781458, -26.788569402371074
9.662031889017904, -26.898502578645076
10.08578023469761, -27.07977314840826
10.548735233859636, -27.040484049810996
11.002402493899481, -26.925518797266943
11.43529060848711, -26.73576129893797
11.834878460648687, -26.4741040119315
12.18861683655939, -26.14579256079549
12.484685893940497, -25.758370430778125
12.712431389260713, -25.32160092626663
12.862529416815235, -24.848513657227407
12.92852138593711, -24.354382592038714
12.907103446515825, -23.85289665605016
12.800507085309745, -23.357532488385548
12.93863882600899, -22.86513649087348
13.164712010167253, -22.40146922585036
13.47349356546656, -21.982719064533352
13.785095641066784, -21.56202896851035
14.195977040266994, -21.238325153434765
14.406961527028676, -20.759871648189414
14.527113604938496, -20.251133373034623
14.552382632379967, -19.7265665722357
14.521238493215353, -19.197272124365593
14.414630573085667, -18.673468767975972
14.549051686905292, -18.151716695329128
14.781665916155797, -17.66021562810618
14.756170206176147, -17.114321870679
14.644928473671236, -16.578689582436777
14.425988191195005, -16.077166371417693
14.115060448571048, -15.626255597086715
13.724049804468196, -15.242379870700706
13.26695768013266, -14.940656072385735
12.763817276553143, -14.724736719126895
12.237281746364253, -14.574653966401378
11.691148392372973, -14.544794033320875
11.223029836534756, -14.262400482604068
10.67739344413528, -14.232567720971065
10.209701054928596, -13.950431256227215
9.66456162830102, -13.920625666270292
9.12396020191994, -13.995082366195277
8.607630758809478, -14.170940450958799
8.134376876850084, -14.441646016399185
7.7213892332790275, -14.797202831944078
7.1901224556652, -14.917468701681273
6.777512001458073, -15.272700780500417
6.439981276916312, -15.699595729855954
6.189685292880695, -16.182552665775557
6.035586097648192, -16.703972109333925
5.655103448683134, -17.092027764076906
5.501145320175115, -17.61296988561627
5.448650665076706, -18.1533936038584
5.14895332034287, -18.605858843493237
5.096506786997122, -19.145787156204303
4.797084301461865, -19.597837429776348
4.744685890270605, -20.13727033281992
4.5867257497293, -20.65628645712668
4.339045025871275, -21.13838471630022
4.3131963102706035, -21.678992298459654
4.389782428744848, -22.214520026176046
4.206330615453702, -22.723176690698544
4.282805359473015, -23.258217890520644
4.140907700783754, -23.77982725587162
4.241099763216409, -24.310431464066454
4.080795099498172, -24.82580799674501
3.826492366124475, -25.301593745511124
3.825052172964039, -25.840825987525946
3.9249667556247703, -26.370469461933574
4.122537147727393, -26.871670864141596
4.4105973074276585, -27.32663255943059
4.778780124770005, -27.719242072757094
5.2138960671810874, -28.035639091602373
5.70041044862506, -28.264700166948096
6.221001892733702, -28.398424336084457
6.75718178656409, -28.43220650339932
7.289952482780977, -28.364989469075073
7.80048077043227, -28.199289843779273
8.270762735580226, -27.941097573893533
8.684256580392164, -27.599653266976595
9.026461240458618, -27.18711179354671
9.285420683802393, -26.718104599124327
9.45213651319836, -26.20921665291994
9.520874824199776, -25.678396867293113
9.489357072865818, -25.14432304747363
9.358838339787946, -24.62574142418006
9.13401908510684, -24.14081657255961
9.162890606063868, -23.607340962853353
9.290572424102622, -23.088822642146933
9.160201756206481, -22.571230513125457
8.935886047283393, -22.087169632526162
8.63778822362627, -21.64486320878146
8.270045770990892, -21.25884117705685
7.832877288202784, -20.954341622139932
7.545250845436164, -20.50574210032988
7.093095761562423, -20.224918583750764
6.66132516753639, -19.91284440510997
6.157262899011859, -19.743440762435583
5.630777255251281, -19.67047114857935
5.100137489048907, -19.69632829310315
4.619548533360652, -19.470367682593565
4.089101601517013, -19.496236764575375
3.572644464751974, -19.619902385983348
3.0882455690918, -19.836961257037547
2.6525950740889517, -20.139783475923604
2.280661425912481, -20.517796624731254
1.9851807533582801, -20.95786003332046
1.7762253412095736, -21.444725971878285
1.6608656335221286, -21.961571443994465
1.6429369132407041, -22.490581922014925
1.379107477233514, -22.949171168593033
1.035365927026434, -23.351027463071212
0.6236113840539974, -23.682451240610778
0.15804510075198208, -23.932188045897696
-0.3453232171682614, -24.091805737659172
-0.8692288558708474, -24.15597356880787
-1.3957460826056383, -24.122634111031637
-1.878449162607735, -24.341335784975016
-2.3162210332879467, -24.64872729783375
-2.71411638089867, -25.013951276567923
-3.066881640169178, -25.429554034933116
-3.3161668250541125, -25.91872569884675
-3.467797476368064, -26.449811182775022
-3.514283553196252, -27.00334589064844
-3.4523606498314483, -27.55698023657104
-3.4497683236306034, -28.114686092257266
-3.3286663888732133, -28.658432637437667
-3.4003373091604416, -29.21152667829259
-3.3616077172141257, -29.76995248364978
-3.423350499578904, -30.326894885511756
-3.262656126128283, -30.862675681897713
-3.0999766054487927, -31.398359561235118
-2.9041066561586844, -31.922614881770237
-2.7935222766706875, -32.47102212776569
-2.8484096426819403, -33.026710148210285
-3.0103404615776346, -33.560846777335755
-2.9028797411083884, -34.1082936222238
-2.691116407410897, -34.62416627441412
-2.3832643123244814, -35.0888360079879
-1.9911799144357438, -35.484668538576514
-1.8306240465274983, -36.01792100864386
-1.7766507239572624, -36.57194826685385
-1.8311683032306048, -37.12567222100521
-1.6196796970169236, -37.6400940648278
-1.312495332381539, -38.103697764375234
-0.9210119628197688, -38.49914935892707
-0.45964706611345457, -38.81147295448471
0.054418893367493226, -39.02849628925513
0.6018916990891015, -39.14148302401248
1.1622153375692479, -39.14549486169413
1.7142381457314309, -39.03947433875174
2.236639554828291, -38.82636466303506
2.708280987860648, -38.513575129104844
3.1094256311009016, -38.11331824351415
3.42364571687085, -37.64164376048072
3.638452770523198, -37.117337131215024
3.745459022390953, -36.56118307788838
3.7405972007158925, -35.99509800355562
3.624205255006248, -35.441340596442636
3.400999575419146, -34.92163673810466
3.0798765208893064, -34.45632876806528
2.673602774641981, -34.063527625035334
2.49906776088235, -33.526306334986145
2.09312967262515, -33.133874851752935
1.6995467436517684, -32.72825510958279
1.2480014628776568, -32.38913366061194
0.9786805791347877, -31.8937426609725
0.8120319035910892, -31.355324881598825
0.4145896215514807, -30.95600539801977
0.24971165530340383, -30.417563088504163
-0.14827312021480532, -30.019526839083678
-0.6163985781223112, -29.7074318397732
-1.1364016736855307, -29.493278549689776
-1.6880476760517351, -29.38524253804535
-2.1243882555351634, -29.031247688219512
-2.6755459596635975, -28.923307306358016
-3.2369214504228, -28.92533404358776
-3.7868075921506565, -29.037103947596602
-4.303988829955218, -29.25415624814717
-4.768558162357893, -29.567978563313847
-5.16268041904655, -29.966347557682315
-5.474480710102175, -30.43171986609401
-5.763879491828073, -30.9117363914348
-6.074240217218244, -31.378502400717505
-6.388306298080036, -31.842493993619076
-6.55985253566451, -32.37495173042207
-6.951197029799859, -32.773966913615375
-7.412564085399814, -33.088968540003705
-7.926204819059363, -33.30801387564445
-8.39909532171661, -33.60617494991671
-8.746368399749382, -34.04281392537386
-9.257641244111491, -34.26546771445249
-9.604604576891782, -34.701717236005074
-9.86009085018174, -35.19684010389159
-10.014497339064626, -35.731911444696586
-10.062086935022938, -36.28652921393612
-10.2162905146687, -36.82204267938411
-10.381461610433709, -37.354019006594214
-10.706802349966786, -37.804783453596144
-11.113135494458415, -38.183797946357615
-11.294154360315177, -38.70888301511171
-11.370064910957472, -39.258831575752424
-11.338139090275979, -39.81282649223341
-11.331727784126164, -40.368253293535645
-11.365541374449998, -40.9225072991306
-11.576063739412525, -41.435130044045955
-11.881501460831954, -41.89722725040602
-11.934500416071248, -42.448354774869976
-11.880167514305075, -42.99910236097583
-11.720687471768128, -43.52878692450284
-11.46218559975446, -44.01756210658313
-11.114485778544946, -44.447159742850104
-10.796349386555866, -44.89978284118077
-10.357150129823843, -45.23445203938684
-9.861971963871529, -45.47822100704597
-9.329386738382404, -45.62210669839003
-8.926683264165629, -45.99881021318356
-8.604041773727907, -46.44569244503395
-8.373373310421462, -46.94601142078286
-8.24313884551268, -47.48107392296881
-7.877325369157182, -47.892363844952996
-7.439568244540555, -48.22568834722795
-6.946171897919168, -48.46877875905164
-6.415481780732982, -48.61270939399718
-5.867185195201825, -48.65223305254253
-5.321581247568094, -48.58595755157009
-4.798839680305802, -48.41637907299673
-4.318284969638063, -48.14978610352188
-3.897735953474882, -47.796076939188964
-3.5528347985207747, -47.36847823311665
-3.296305345079611, -46.882936252654446
-3.137461714186197, -46.35713628905299
-3.0822533549254647, -45.81055306663653
-3.132714096392236, -45.263761014318874
-3.286835129145038, -44.73697707587021
-3.538782810447393, -44.2496333832268
-3.53272550457023, -43.70129786646655
-3.4220129086358715, -43.164475368135214
-3.3946417857370927, -42.616443402928404
-3.1851992050804436, -42.11045512781469
-3.1938124721012686, -41.562802972056836
-2.962163892298385, -41.067137347911576
-2.990042314429842, -40.52097251355175
-2.7586044581477847, -40.02575778100891
-2.7361987143775828, -39.47945029595495
-2.840005158409941, -38.94327731749519
-3.0438975445492917, -38.43690454610962
-2.9864968462615513, -37.8943006211771
-3.1902033311533478, -37.3883895410083
-3.4433137786072345, -36.90514460426485
-3.8002156018534192, -36.49341557107775
-3.9222588622736314, -35.96262935001653
-3.941295307648107, -35.41857497035057
-4.213158832090319, -34.947218538871326
-4.569336648642897, -34.536179301962356
-4.996793954883466, -34.200284236173246
-5.216673845771547, -33.70336618176664
-5.643739792428078, -33.36777864551393
-6.126402189414387, -33.11924082419448
-6.647141488758026, -32.96661558460311
-7.187103281582969, -32.91528225990604
-7.726782813455135, -32.966953720626336
-8.246730127628238, -33.1196263745173
-8.728250331337728, -33.36766422791559
-9.154073807407325, -33.70201330869132
-9.508972423991972, -34.11053808465532
-9.780299878029984, -34.57846717769598
-9.958437161492013, -35.088931826056495
-10.037127655413109, -35.62357731932096
-10.013690403783333, -36.16322513374827
-9.889104548567166, -36.6885618133195
-10.025405441263565, -37.21072428370778
-9.900934446800777, -37.73557663413264
-9.680082571165677, -38.2274292842069
-9.370854935890234, -38.66879595134264
-8.984385602494905, -39.04402858227431
-8.534531295318937, -39.33986824451897
-8.139097586463015, -39.70608387009062
-7.644005839435189, -39.91641312327754
-7.1184961891534435, -40.03010630246896
-6.707889151249299, -40.37683503441201
-6.182866026150581, -40.49042295466294
-5.646108352548823, -40.50366548153219
-5.116606123267507, -40.4162335432138
-4.608185911494397, -40.58728545249636
-4.140945302272092, -40.85028567313078
-3.7312976272669176, -41.19583573270475
-3.393589818632248, -41.61165153139865
-3.139604234972853, -42.08300497595814
-2.978152739186968, -42.5932497090668
-2.914776820527319, -43.12441203420624
-2.951563747045702, -43.65782596082878
-3.0870846044602813, -44.17478987393727
-3.316455770770618, -44.65722170984863
-3.631521044896443, -45.08828971152959
-4.021147443998991, -45.452996829322416
-4.471623753919138, -45.738698585141115
-4.967147395598209, -45.93553666292068
-5.490382176635712, -46.03677353521029
-5.999263247055027, -46.19682085799487
-6.42034096343407, -46.522683911719
-6.773436565858415, -46.920869382460786
-7.27181102359094, -47.10684302795527
-7.624576331060591, -47.504656025472386
-8.122484376089549, -47.69045562419579
-8.64595365372547, -47.78072920526983
-9.176836963338896, -47.77248721774063
-9.696773217627614, -47.6661526146409
-10.187822320000157, -47.46553507852649
-10.63308284210902, -47.17768847453417
-11.01727128934765, -46.812657047018995
-11.327243194650531, -46.38311967620836
-11.802246167279403, -46.14925334092653
-12.312020218447673, -46.007168232008894
-12.695423019173177, -45.64275548345782
-13.004887345841485, -45.21407972046631
-13.229910316565123, -44.73592432197423
-13.652714822431035, -44.41931535440767
-14.126377839322119, -44.18610874241032
-14.634638650043703, -44.04415756233855
-15.160093318009924, -43.998180222191
-15.684792260864052, -44.04960979331149
-16.190853896655902, -44.196555982751164
-16.661073375219274, -44.43388045906154
-17.079505702967264, -44.75338238129521
-17.432003566693176, -45.1440872523929
-17.706691821618268, -45.5926287496149
-17.894362869205313, -46.083710091955126
-17.988779929663256, -46.60062888949175
-17.986878414231917, -47.125847367204045
-17.88885911150962, -47.64158843092722
-17.69817059906419, -48.13043728901216
-17.421382049876204, -48.575928280022225
-17.06795129538954, -48.963097181034215
-16.649896509046318, -49.27898055624172
-16.1813830696411, -49.51304560296757
-15.678239947496671, -49.657536393068355
-15.15742223799597, -49.70772530557642
-14.636438173750683, -49.66206170020132
-14.132760025954688, -49.52221337888405
-13.663238726098992, -49.293000004668386
-13.243541792414705, -48.9822212713282
-12.872692925482964, -48.61465206039763
-12.539840642808933, -48.21239600366283
-12.067698881829134, -47.990965251155
-11.676058093520437, -47.64607617625565
-11.18274614954547, -47.47852414440752
-10.667448683728441, -47.40342732716497
-10.147330638527233, -47.42315053704548
-9.639676173158517, -47.5369030244095
-9.16131457522196, -47.74077525835547
-8.728063722051278, -48.02787898329386
-8.354209442972602, -48.38858536815985
-8.052037831067492, -48.8108528490069
-7.831435695590298, -49.280633350446294
-7.6995719997983025, -49.782343051035284
-7.6606703751028595, -50.299381812338616
-7.715879735341151, -50.81468388465819
-7.863246738282896, -51.311281579660054
-8.097790464872817, -51.772863286988915
-8.41167632211292, -52.18430751380432
-8.794482933442758, -52.53217552808076
-9.233552766471345, -52.80514665400421
-9.493177187766479, -53.251950115843044
-9.931824135603641, -53.52465833268155
-10.41218944783698, -53.71379571362636
-10.921125780759894, -53.81357203349942
-11.363282053641553, -54.09285008082382
-11.805009658760078, -54.375687761847054
-12.318973067504372, -54.475829681174176
-12.842318428403344, -54.479082530256065
-13.35722235070991, -54.38680911362488
-13.846420451340945, -54.20224135184748
-14.293551049119001, -53.931697456132405
-14.815093328868143, -53.90248658574361
-15.2617979326315, -53.63220044489075
-15.782843085427706, -53.603017417893035
-16.229121691753857, -53.3329890339732
-16.749669713605062, -53.30383385059019
-17.2665951436417, -53.36977955290795
-17.753833149952538, -53.18565879878356
-18.199306947707033, -52.916223952580374
-18.718865784322002, -52.887215453933145
-19.234814904162885, -52.952944771766724
-19.72108917006024, -52.769090866370966
-20.236544357859977, -52.834757259741394
-20.731328032779096, -52.99267043036672
-21.18910476845982, -53.23747518154851
-21.594801101156484, -53.56095774060107
-21.935098990270866, -53.95232652374402
-22.198869243124996, -54.39857673582496
-22.37753093185483, -54.88492634496682
-22.46532535501349, -55.39530869849835
-22.459495979911942, -55.91290527409234
-22.360368946128464, -56.420700843142704
-22.17133201052363, -56.902042697538135
-21.8987131598922, -57.34118557188369
-21.551563398944023, -57.72380447657429
-21.14135133161589, -58.03745881891763
-20.681579992339532, -58.27199288699393
-20.187338860194853, -58.41985994424177
-19.6748060248975, -58.47635975698194
-19.160717006428904, -58.4397822649297
-18.66181771392684, -58.31145320946152
-18.19431943664058, -58.0956807530666
-17.773373581769736, -57.79960535032676
-17.412583121417228, -57.43295826092665
-17.121981607114108, -57.00880014219038
-16.79308896380313, -56.61305979675266
-16.475243106748426, -56.20870678147369
-16.03638188046569, -55.94229160044964
-15.55712963278068, -55.75885266368396
-15.052999847853597, -55.66419670732767
-14.540285369485082, -55.66126399559136
-14.035525153915149, -55.75003334312915
-13.554963704990893, -55.927531373890034
-13.11403244451359, -56.187938636458476
-12.72685600722578, -56.52278739456771
-12.405808823630894, -56.92123839720022
-12.161121856328338, -57.37043655919893
-12.000560193783754, -57.85594155042683
-11.92919630897814, -58.362193405429856
-11.949266484304072, -58.87298659860736
-12.060092513325536, -59.37195264013759
-12.258044077381902, -59.84301793041829
-12.536645582746376, -60.27105313139105
-12.886869304964927, -60.64243164733284
-13.297420945455661, -60.94537034879855
-13.755107919880714, -61.170299474190465
-14.245266587857538, -61.31016030814548
-14.75223449112553, -61.360621534763354
-15.2598523217712, -61.320207811529706
-15.72689925073206, -61.52250156045661
-16.15040560091641, -61.80436066136826
-16.656391194111904, -61.85463461700063
-17.14216469402262, -62.00625898628495
-17.649428830260824, -61.97931876121725
-18.143650489341297, -61.86297998814248
-18.63884969041589, -61.97455910806005
-19.10276303753432, -62.17966564485114
-19.522861314944485, -62.4634775019847
-20.02675301144163, -62.51707285651769
-20.531935614144555, -62.480774982221874
-21.022517403687623, -62.35585771968116
-21.48310445450548, -62.14637663861017
-21.899282257848093, -61.859032152415644
-22.390205047986967, -61.736854810621
-22.89543440557269, -61.733597639476564
-23.339898444712578, -61.493873917244485
-23.844629771297065, -61.49061995685446
-24.288655461239756, -61.25113266028734
-24.68341075952518, -60.937397048149805
-25.178957680047866, -60.84550605968402
-25.682692356520814, -60.84217029504181
-26.178929380744066, -60.92736265302454
-26.65225508443868, -61.098304145381746
-27.088005327648478, -61.349559707922545
-27.472717906601023, -61.67321601235604
-27.7945456900145, -62.059135320409844
-28.043617898721536, -62.49527710368894
-28.212338629413765, -62.96807710806713
-28.295613733938193, -63.462871831132865
-28.290999436020105, -63.96435505541308
-28.198768525248475, -64.45705217649558
-28.021892536229444, -64.92579760810284
-27.765940918911582, -65.35620054597875
-27.438900753959445, -65.73508482530669
-27.05092298674316, -66.05088949454654
-26.614003371738168, -66.29401802110775
-26.141608269482145, -66.45712569808376
-25.648257063150645, -66.53533678259966
-25.14907421423984, -66.52638510248534
-24.659324821583777, -66.43067424939153
-24.193947962587313, -66.25125595881772
-23.767102071081606, -65.99372778413593
-23.391736147056328, -65.66605362587096
-23.060944457367455, -65.29354128953656
-22.76139425937989, -64.89553843473789
-22.48080075196749, -64.48408339083232
-22.2087812599089, -64.06711315801782
-22.067098867536522, -63.5907134808331
-21.922001147110937, -63.11508223393349
-21.90437268049564, -62.61887169358253
-21.972931648133564, -62.12735559919477
-21.955386970758607, -61.631015844713644
-21.781450493559756, -61.16675260676019
-21.535753074144143, -60.73637009690513
-21.517386934534613, -60.24143244555319
-21.584784547718247, -59.751012716113756
-21.572827997063385, -59.25575570317411
-21.601401050608995, -58.76146652573817
-21.626371094779415, -58.26720086565167
-21.6352625617704, -57.77263126615239
-21.614608425738673, -57.278688229482746
-21.5888713004092, -56.7852179354274
-21.731118523824804, -56.31286359596596
-21.94393736517927, -55.8680366803993
-22.233877757779474, -55.46956806842362
-22.58796543686134, -55.1271995658
-22.99541342927114, -54.85091145626826
-23.44403383083893, -54.6488135731812
-23.92044721058819, -54.52679280914811
-24.410483663528336, -54.488346360628434
-24.89960546834323, -54.53448655104219
-25.37333871393195, -54.66371965358859
-25.81770107621608, -54.87209892933373
-26.219613124529968, -55.15334990080551
-26.56728110614841, -55.49906376110862
-26.850540078090813, -55.898952835396386
-27.0611474971081, -56.34116022272413
-27.193018902365406, -56.8126142028971
-27.24239908351539, -57.299416738235024
-27.207964065902118, -57.78725446861805
-27.090851306032448, -58.26182001434111
-26.894617612659346, -58.709231179327105
-26.625126429105833, -59.11643579052872
-26.290368168745033, -59.471590410543236
-25.90021922823632, -59.764402001830724
-25.466147056783058, -59.98642277494319
-25.000870184668578, -60.13128988345422
-24.517983368139696, -60.19490329072784
-24.03155895615074, -60.17553697784185
-23.55573620258724, -60.07388063263993
-23.104310520238272, -59.893010998635546
-22.690334595046423, -59.63829410952403
-22.323981937204323, -59.31920337255553
-21.996559837790656, -58.96038582588361
-21.695923119815834, -58.578941290753605
-21.41167441605927, -58.185295981872684
-21.239426527134878, -57.732109245400245
-21.14637394321276, -57.2565597756388
-21.135040410311735, -56.7723733268269
-21.168321557194666, -56.28920843917875
-21.299343652570194, -55.823458295353426
-21.50748961157983, -55.38697612368825
-21.786158002249344, -54.992078037206085
-22.12725860646652, -54.6500104767594
-22.52093553481568, -54.37047925337644
-22.95585535151149, -54.16137761380336
-23.41953607244908, -54.028567340332934
-23.898707414758253, -53.97571883309998
-24.37969184915854, -54.00421440098762
-24.848795483512973, -54.11311715806122
-25.29269759951159, -54.29920603907084
-25.698827777493275, -54.55707556410449
-26.055719971030182, -54.87929715247525
-26.35333361819729, -55.25663706088535
-26.58333287724307, -55.6783244488478
-26.7393163198937, -56.13236169847377
-26.816990868360243, -56.60586797328327
-26.814285379373054, -57.085446121933245
-26.731401013110336, -57.55756244019536
-26.570797326737722, -58.008928512369216
-26.33711485004401, -58.42687436718686
-26.037036683010196, -58.79970250007399
-25.679093352251062, -59.11701292180886
-25.273416728172588, -59.369990273508876
-24.831450194620796, -59.55164517238474
-24.365623440314078, -59.657003288142214
-23.889001175330176, -59.68323715701107
-23.414915742364144, -59.62973737544541
-22.956593975108667, -59.498121531728245
-22.52678874674716, -59.29218098237637
-22.13742545023951, -59.0177673123038
-21.792347015187712, -58.68966068778041
-21.48126287241892, -58.32927298095091
-21.191872276962943, -57.95136764106829
-21.000638800572744, -57.51618031553127
-20.88430817374165, -57.0555409260085
-20.845982412825613, -56.582237712035145
-20.886598685539063, -56.109375604906184
-21.00125458603052, -55.64905999864547
-21.182100936799422, -55.210722508860535
-21.437425142884805, -54.81153719301813
-21.755079961950514, -54.46025563459633
-22.126231397001064, -54.16646318460947
-22.54059881510162, -53.93814053668522
-22.986742466455727, -53.78145055069869
-23.45238143684952, -53.70057594094707
-23.924733144157475, -53.69761198361869
-24.39086496020044, -53.77251686323321
-24.838048271775072, -53.923120683026035
-25.254105294117473, -54.14519255407137
-25.627739214059268, -54.432563596414134
-25.948838759117642, -54.777302175524255
-26.208749046306558, -55.169936299526654
-26.400501537802693, -55.59971685397004
-26.518997091336555, -56.05491428401847
-26.561137408084807, -56.52314047625464
-26.52590161283555, -56.991686965188734
-26.41436621039861, -57.44787020801787
-26.229668207058126, -57.8793745433172
-25.97691272418598, -58.27458357635516
-25.663027921420493, -58.62289110989341
-25.296571449247363, -58.91498335226552
-24.887493928351226, -59.14308496556703
-24.446866072427937, -59.301162541579764
-23.986577003545985, -59.385080282267516
-23.5190120312247, -59.39270398185879
-23.056718660649015, -59.32395082203391
-22.61206985065049, -59.18078396174964
-22.196933553561223, -58.96715238885853
-21.822357338677683, -58.68887796198838
-21.490588591210667, -58.360996450338995
-21.190160238645156, -58.00429326062603
-20.90798306371486, -57.633115536017726
-20.722964739212642, -57.205818141254504
-20.60991054000014, -56.754374222261
-20.57170731804066, -56.29081028803999
-20.609248525146842, -55.827442257515585
-20.692152678144925, -55.37007644290301
-20.861996479598513, -54.93786087416372
-21.09959547835086, -54.53914853450413
-21.398486946890745, -54.18438457905158
-21.750686447747583, -53.882858512101436
-22.146825826050794, -53.64243168921319
-22.57640510376163, -53.46933565091491
-23.028072939878662, -53.36801431262449
-23.48992811457437, -53.34101390146854
-23.94983399535856, -53.388923249153244
-24.39573765866213, -53.51036571029768
-24.81598527620609, -53.702042613363496
-25.199625531836432, -53.95882680241891
-25.53669320506646, -54.273903527658135
-25.818465630730582, -54.63895472442792
-26.03768550309579, -55.04438161557039
-26.188744415996638, -55.47955960798253
-26.267822592487907, -55.9331186552613
-26.272981429223922, -56.393241643454076
-26.2042067307891, -56.84797294058074
-26.063401804320485, -57.28552904174229
-25.85433089094707, -57.69460324380542
-25.582514693850204, -58.064656494867165
-25.255080990092456, -58.38618697657358
-24.880574453523725, -58.6509715793611
-24.468730840381117, -58.85227320451717
-24.03022157226867, -58.98500875106167
-23.576375471554112, -59.04587369462067
-23.11888494478689, -59.033420311521084
-22.66950425826381, -58.94808781389466
-22.239747699150627, -58.79218390885886
-21.84059536360735, -58.56981854449254
-21.482214063346255, -58.28679182526688
-21.163871141163053, -57.95961035850297
-20.87337854113673, -57.607591108466075
-20.460959461277135, -57.41324724580011
-20.18801860259251, -57.04837034382008
-19.96798174723219, -56.64956603816306
-19.819028768118713, -56.219460342689906
-19.740350000942982, -55.77139700716499
-19.733826623955775, -55.31677422749679
-19.79950567777628, -54.867125323639726
-19.93552188151975, -54.43379917121516
-20.10637648842402, -54.013042494919866
-20.34437754210271, -53.62670515772712
-20.646063624686402, -53.288210828297515
-20.99733141807882, -53.00189298652101
-21.38925484595581, -52.77487495856941
-21.811909669909753, -52.612768910904514
-22.25462672614181, -52.51954061574233
-22.70626261667937, -52.49741622414324
-23.15548095820519, -52.54683313240911
-23.59103707602532, -52.66643590708534
-24.002058995128326, -52.853117098502636
-24.378317723914527, -53.10210165102267
-24.710480143739044, -53.407072537906586
-24.990338299360165, -53.76033423661345
-25.211009518152995, -54.153009740981936
-25.36710255235389, -54.57526600221088
-25.454845818309067, -55.016562019797426
-25.472174776767925, -55.46591328205271
-25.418776533737198, -55.91216589506066
-25.296090815981188, -56.344273546426784
-25.107267561906166, -56.75157042908085
-24.85708244027613, -57.12403339966731
-24.55181263959779, -57.452526960392284
-24.199076235007848, -57.72902512328017
-23.80763931392068, -57.94680482856281
-23.38719580582789, -58.10060632793015
-22.948125597695974, -58.18675678922654
-22.50123700993863, -58.20325431006649
-22.05750004815522, -58.14981052009012
-21.627777025816357, -58.027850980246626
-21.222557169934994, -57.84047362701518
-20.851701676608815, -57.59236653428248
-20.523844639643904, -57.29007319340268
-20.229006334949904, -56.955650245706565
-19.956356278480623, -56.603047026472325
-19.696571171011605, -56.24105225940697
-19.53387798166938, -55.826905836294614
-19.438101398978706, -55.39264151660488
-19.410923668201306, -54.94902184758547
-19.446783645110653, -54.50623226612864
-19.553904580078775, -54.07539655800197
-19.72619390955471, -53.66650697775965
-19.957851173430164, -53.28835526955225
-20.24597114502965, -52.951579814245584
-20.58254319822264, -52.66360549954831
-20.95938927305741, -52.43127762804338
-21.367386416323836, -52.2600850182115
-21.796689529776952, -52.15403355225395
-22.236970316689572, -52.1155559365964
-22.67766659912284, -52.14545961466797
-23.108235972370075, -52.2429138435158
-23.518407703265375, -52.40547600136787
-23.89842686549217, -52.62915625514952
-24.239284934219164, -52.908518807552035
-24.532931427499612, -53.236817083981045
-24.77246167289142, -53.60615943059006
-24.95227638179331, -54.00770119375699
-25.06820941559505, -54.4318584546203
-25.1176209093018, -54.86853821284368
-25.09945376049626, -55.30737946188384
-25.01425237379735, -55.737999380818444
-24.864143452079805, -56.15023878910721
-24.652779524136758, -56.53440107104216
-24.385246772991756, -56.88147897333447
-24.067939559284213, -57.18336400633526
-23.708404800913073, -57.433033627834035
-23.3151600559785, -57.62471194649489
-22.897489745653, -57.75400033559438
-22.465224434012963, -57.81797508053973
-22.02850844284274, -57.81524997771094
-21.597561313672664, -57.74600263827843
-21.182438732563345, -57.61196410881595
-20.7927985042483, -57.41637228046864
-20.437677003143857, -57.163890400040884
-20.12376730615469, -56.862040945616876
-19.84021989432661, -56.531665696005774
-19.57539458869741, -56.18625371295405
-19.32184287847262, -55.83269271087166
-19.10536882508285, -55.455632445293666
-18.981427093527184, -55.039464594435906
-18.922052522206833, -54.60956289905609
-18.928505160166182, -54.17587768034214
-18.80315875640559, -53.76056020157009
-18.846420915932388, -53.32949099852757
-18.9543332984691, -52.91016861814399
-19.124304224086927, -52.51221080914968
-19.352324518904698, -52.14471714347581
-19.63306518332715, -51.816062358132
-19.960004806254947, -51.53370737845563
-20.325583619313146, -51.30403223918447
-20.721380498592136, -51.13219458717375
-21.138308724349255, -51.02201683726604
-21.566825912071998, -50.97590437560347
-21.99715323934738, -50.99479647864348
-22.419498917653137, -51.0781508583387
-22.824280799371103, -51.22396197194438
-23.202343068221822, -51.428812466429406
-23.545162133475923, -51.687956379924614
-23.845037129686332, -51.99543201281202
-24.095260806855872, -52.34420172467054
-24.290267071231526, -52.72631532469346
-24.425751992643665, -53.133093215033604
-24.498765717138255, -53.55532502951165
-24.507773398864575, -53.983479192759965
-24.45268397704204, -54.40791861334832
-24.334846355944837, -54.819117622473236
-24.15701328154433, -55.20787527860743
-23.92327393116994, -55.56552027681362
-23.63895692619693, -55.88410292549516
-23.310506127080288, -56.15656997712199
-22.945332160925087, -56.37691851470256
-22.55164315157565, -56.540325592282954
-22.13825856000754, -56.6432508936512
-21.71441038965693, -56.68351029539539
-21.2895362603887, -56.66031888409416
-20.873069001508057, -56.57430266752192
-20.474227456309862, -56.4274789207231
-20.101813128234436, -56.223205803972895
-19.764017134176598, -55.966102565602
-19.466173386419058, -55.66394451089002
-19.195122486045246, -55.337691984928455
-18.890003725834912, -55.04306500954396
-18.50627422344879, -54.863860664780574
-18.123283877968284, -54.68300500760211
-17.843281330569052, -54.36592614820199
-17.55679231829046, -54.05462563244837
-17.17276043253671, -53.87844384451947
-16.900179557347965, -53.555800540624
-16.64579401713666, -53.21878026281218
-16.43423848060638, -52.853692523698946
-16.276026906509735, -52.462860791851455
-15.961654335578382, -52.18243813636449
-15.8156169902932, -51.78755831356467
-15.729278168148417, -51.37574195435551
-15.70440607155876, -50.95595780312416
-15.717837107610604, -50.5357799591113
-15.805172105166292, -50.124937696377856
-15.89772144810462, -49.71523660695371
-16.07592031497995, -49.335432394428885
-16.30564278534815, -48.98467179526007
-16.585383072765833, -48.67269933437201
-16.90757387665898, -48.405181774049325
-17.265212403793072, -48.18779161512621
-17.650555319476855, -48.02510788401016
-18.055287979453226, -47.920522424241
-18.47070500597441, -47.8761721413486
-18.887898265434806, -47.89289848311562
-19.29794817687525, -47.970234844364654
-19.69211424085555, -48.10642198292986
-20.062020726581434, -48.29845093452273
-20.399833589844135, -48.54213233151949
-20.698424911542876, -48.83219047655323
-20.95152144084988, -49.1623800077089
-21.15383419140183, -49.52562252863292
-21.30116646480757, -49.914160173324085
-21.39049815358192, -50.31972273973294
-21.420044694690215, -50.73370476499528
-21.389289593802893, -51.147348732944955
-21.29899000719718, -51.551930504545865
-21.15115544084201, -51.93894304533414
-20.94900019241668, -52.30027459037164
-20.696870709970437, -52.62837753433999
-20.400149559274713, -52.916424558332324
-20.065138170049995, -53.158448800137954
-19.69892095952927, -53.34946523443561
-19.309213801769726, -53.485570845113905
-18.904200115583528, -53.56402163463575
-18.492358077221024, -53.583285014794974
-18.08228262185314, -53.54306664856067
-17.68250597793501, -53.44431135273381
-17.30132047981447, -53.28917821443775
-16.946607327254068, -53.08099060967692
-16.62567480825573, -52.82416232827384
-16.342221033894536, -52.52679940438179
-16.083557854470474, -52.207809661674276
-15.712686298065957, -52.03230114609055
-15.42038594906781, -51.74436077133535
-15.038663475960526, -51.595286965700275
