0
6.105656
4.328662
6.969781
10.545037
6.025152
10.149061
6.131075
16.169629
7.881467
19.463603
6.261289
20.068464
17.901
8.975582
7.900023
7.652788
27.839409
7.333911
23.378375
20.705722
16.359218
24.766297
22.034781
7.429181
18.671965
21.396036
11.643921
9.097246
17.781939
11.977831
10.90677
7.886371
5.342028
6.988199
12.487669
11.177915
8.855587
9.131851
4.893413
8.400784
8.617982
7.686566
6.142329
4.126064
8.384491
8.508319
8.800362
6.794829
9.02907
6.036301
7.838762
8.149637
5.590494
9.291976
9.212477
9.499599
7.281197
8.402799
7.131844
12.009761
8.867874
8.709909
9.958079
7.187291
8.578005
6.987646
8.585536
7.933434
7.678041
8.802335
7.84652
5.151461
10.661317
8.662813
8.634687
7.644952
8.63293
10.887534
8.208342
6.675096
9.102542
4.016657
8.89332
8.292289
8.645725
7.968611
7.09123
8.018077
8.040646
5.117082
8.251977
7.283416
10.564892
7.294394
9.615143
9.339969
9.081247
8.883955
7.490387
7.900938
7.742963
10.215926
9.298336
9.38215
9.33521
7.524007
7.028559
4.993179
8.63982
7.098003
6.350846
10.084725
12.573396
10.476578
9.147303
10.81545
6.89497
8.350716
9.64363
8.793343
9.098725
11.18986
9.110121
7.289332
8.487226
8.688598
8.941109
8.401001
9.179334
8.802278
7.991304
5.078836
9.996877
9.118355
8.633108
8.743029
10.316003
7.311208
8.312818
8.568101
9.298765
8.466556
10.851698
7.401042
5.942908
2.688845
3.273794
2.164461
1.923331
1.910281
2.39266
1.738211
3.132938
2.359742
2.022202
1.501569
1.817672
3.22083
5.945242
7.371243
6.898234
7.736493
5.720398
5.832173
9.156617
7.885219
8.639805
7.824742
7.768361
8.203268
11.426398
7.919882
7.041421
12.768261
9.147741
8.255357
8.888298
8.113578
8.30206
12.076223
11.607216
7.077108
7.648706
7.409035
9.250487
4.962502
9.978126
9.044648
9.309354
7.28433
11.184773
6.289067
10.720378
10.153041
11.097761
7.115883
9.043555
7.691607
8.220891
9.697644
9.301768
7.855287
6.001622
11.051163
7.770923
9.894957
7.883433
8.670359
5.566087
6.69018
10.653005
9.536089
7.66066
8.137253
9.523381
11.433776
6.237464
3.832549
7.423325
8.492917
11.270336
7.902111
9.315254
7.394518
6.926013
4.885401
4.776942
5.792129
7.303095
3.944761
7.358147
8.068692
8.684966
5.036799
5.389842
7.601922
6.184792
5.529167
7.333957
8.042558
7.402109
5.695625
8.419236
6.056275
6.811417
7.761403
5.689694
6.302669
3.922323
7.217219
6.719619
5.646862
4.973984
7.863664
6.998999
6.028765
5.581044
5.892695
6.667654
7.025726
7.574356
7.95805
7.989953
7.545114
6.264365
8.422189
8.112959
5.882278
9.067983
7.673871
7.705004
4.921703
6.828149
6.982385
9.320546
5.737501
11.328688
6.950953
7.934692
8.067755
7.671927
8.964727
7.829578
6.923414
7.007226
8.487571
6.890269
8.416584
10.562517
5.810008
8.316569
7.788683
8.106339
8.580986
5.753471
8.168611
8.183079
6.224113
9.604933
7.55985
7.813951
4.79868
3.719545
4.403285
5.007178
7.505829
10.982125
8.411462
9.682587
7.660535
8.790234
7.136124
6.131003
7.988093
8.457175
7.500016
5.557391
7.062955
9.93035
6.681775
5.879757
4.07419
8.224312
7.216667
8.720701
6.067444
6.58951
7.469354
9.73205
8.077692
7.936137
7.596819
8.342588
8.225319
10.516557
5.944
8.794411
7.766599
9.787668
8.675126
11.553119
7.276979
5.626642
9.760145
4.785008
6.772799
8.347425
12.028701
8.624558
10.006108
8.079796
7.410999
10.926257
8.154201
10.481481
8.862873
7.443664
8.200235
8.563679
9.541783
8.169099
6.7615
9.362364
9.079178
10.523612
10.443448
8.747413
8.701275
6.771969
9.606374
8.225581
8.369466
10.7258
8.65268
8.045815
10.890742
9.005131
9.639998
9.39546
6.528654
9.426904
5.740422
10.330051
12.358047
9.86587
8.271515
13.143322
10.42001
9.453068
9.665917
10.118105
8.817615
7.870115
4.121876
7.866355
8.606794
9.579391
7.716606
8.315886
12.278907
10.284095
8.246959
7.240713
11.207134
8.823273
12.420739
8.914089
8.512711
8.460401
10.905698
7.590504
13.490851
9.282288
11.274016
9.329702
12.069589
10.537679
9.694307
8.72807
10.220473
7.461086
6.536521
5.729712
10.945117
9.01315
7.612616
10.427601
9.061824
8.26532
10.612462
12.588806
8.78875
8.44667
9.347072
10.151229
9.558417
9.984903
7.328382
8.880518
11.839491
9.77453
9.080267
7.884807
8.746492
5.882881
7.055361
7.418812
9.453465
7.798685
10.167998
8.114781
6.412845
7.328904
9.564631
9.26325
8.051622
9.845469
9.589762
10.290284
7.982346
9.846211
7.455402
7.515634
8.126436
10.441158
9.228474
9.65417
11.094387
8.91887
5.834033
5.940417
8.534607
9.217861
11.391573
7.700383
8.31261
6.435949
9.366225
8.009137
6.934381
10.623343
9.982969
6.638376
8.953407
8.368763
8.943628
8.480356
8.456821
6.978101
10.101059
9.353945
9.267726
6.053981
9.373174
7.364806
8.825245
7.448114
9.262946
11.50859
9.374883
8.448547
8.163446
10.280018
9.028095
8.516792
8.813249
10.35311
7.994902
8.851175
7.55817
7.79429
8.40982
8.991382
7.709164
9.781897
7.901
9.500676
9.307664
8.576607
10.995728
10.620215
8.106933
10.922512
6.69474
7.671561
9.190968
9.836503
6.649351
4.787055
7.076279
10.168842
9.049958
9.477286
9.091113
8.822284
8.660381
9.762581
10.591244
8.640706
7.899197
11.068826
9.305356
7.773237
8.443311
10.12921
10.129509
8.132308
7.632321
10.242241
9.319177
10.546264
9.559148
10.484187
7.493011
9.949745
9.786902
8.10354
7.615361
7.798017
6.196525
7.995772
7.263499
5.499509
8.32789
10.007203
13.364034
8.047921
10.233262
9.08322
8.99569
11.150966
10.616611
8.534137
8.922948
8.649117
10.171874
8.797026
10.968685
7.778107
7.501499
9.151562
8.526693
9.347744
10.354879
10.553044
7.382012
8.112806
12.386702
10.16182
7.346327
9.116658
8.602495
8.221983
8.974168
6.249232
7.826685
9.307172
8.461873
9.528511
8.779212
11.318695
10.490501
9.01593
8.024277
8.810691
9.294013
12.053056
12.872146
8.702337
12.29411
11.72263
8.10415
8.196172
11.616865
9.727647
6.074616
7.681132
10.028186
7.175375
7.589487
7.052006
4.851763
7.074912
7.12568
10.379377
8.066462
8.000477
9.468624
5.639236
8.634049
10.086122
9.311586
10.347629
7.901654
8.746679
11.29516
7.930626
8.631422
14.817475
8.832103
9.124521
7.425809
9.856004
14.242922
5.464466
6.096069
9.956377
7.464757
8.879456
7.257126
8.080974
9.432169
10.067605
12.263425
8.941161
6.024361
8.657429
8.645707
7.38857
7.884502
9.178953
9.394825
9.799223
8.818524
10.616519
8.722645
10.661691
8.295377
9.179867
6.772037
6.246684
8.928706
8.070995
8.250313
7.483928
5.772172
11.580836
10.022492
9.537905
8.732198
7.236535
8.592017
7.648333
9.304776
10.240657
11.519375
8.481169
11.490266
8.623115
9.452964
9.996514
9.952163
9.728075
8.349284
9.126057
10.535567
9.013665
8.811762
8.804036
7.573098
8.870332
10.807532
7.574638
11.219623
8.423426
9.559568
11.777472
8.070145
9.476548
7.612479
8.129602
8.748402
8.364475
4.129099
5.369923
5.806203
6.892454
8.340708
8.723492
7.251061
8.230708
7.884407
6.442713
4.10547
5.578774
6.303887
9.923571
8.208706
8.864727
6.674942
7.259914
4.575334
7.987397
6.829429
4.64567
11.471751
6.389541
8.280084
7.245675
8.965153
8.823427
7.393349
8.450098
7.407825
9.330526
4.712619
6.586639
5.894695
6.038949
8.077348
8.39862
9.911299
8.723769
4.569302
8.740708
4.317578
6.181711
9.945181
5.786023
9.197403
8.186075
9.300028
9.870141
5.925291
8.660035
6.60196
7.143501
6.202439
3.90945
7.092103
6.957528
5.578066
10.081592
6.988369
11.147853
5.545191
5.095758
8.035138
7.691334
7.780857
8.258964
10.489168
6.279015
6.755858
8.173173
8.203571
10.639974
8.702329
7.58027
8.284664
8.014063
6.578315
8.070634
9.508288
5.374168
7.164029
8.761939
7.899514
8.161703
6.536753
9.135682
10.148736
8.347625
9.679487
9.226374
8.336058
8.814848
11.548834
7.594427
10.030763
8.383017
9.511043
9.26262
8.661983
8.922653
11.31825
6.665012
9.124288
8.106558
5.793614
8.650886
7.768198
10.212351
11.932571
9.212641
11.392711
8.570392
9.433263
10.773581
10.3743
10.036805
9.861528
10.943413
10.829748
10.425743
7.433782
10.251456
9.199119
8.93053
11.150752
7.737286
9.560466
10.912304
12.970884
10.898827
7.675144
10.713418
7.413146
8.032943
7.386053
6.374014
5.034144
9.576669
4.69623
9.004601
6.649179
8.157532
9.181186
9.316459
9.103037
4.274632
4.768543
6.922064
3.236659
8.261122
4.227088
5.471538
5.008602
3.857729
4.071023
4.935508
3.599331
1.133313
1.080668
1.229662
2.894168
2.678304
3.298003
3.293128
6.875748
8.02642
6.391432
8.967535
7.527412
8.949525
12.14192
7.695684
9.893643
7.858211
8.859132
12.495141
11.807571
8.511309
9.444046
11.831045
7.306521
10.195098
9.530026
9.642962
11.270491
10.349765
11.847676
6.799552
7.861969
7.492794
10.425621
12.618998
7.446866
6.430259
8.302015
11.310922
9.945104
10.696723
8.145854
9.164223
9.733815
8.819891
9.150125
11.067987
9.286393
11.585018
9.959827
8.989111
8.133618
12.067556
4.351659
9.106939
9.249736
6.301046
4.521799
9.385862
7.548929
9.620856
7.626653
9.538688
9.389508
8.56673
8.917128
7.412954
7.803026
10.387388
7.464779
10.468571
9.554539
10.417885
8.610367
8.147012
8.413349
6.595019
10.535604
9.51942
6.631271
6.848286
6.586081
7.39093
7.854945
5.950439
10.896328
8.581451
7.373283
8.394399
8.191338
10.279553
8.775717
10.503314
8.460127
10.404271
9.786132
7.93413
10.277092
8.431829
6.23688
3.96983
4.04915
10.859477
4.952672
6.062151
5.358659
7.450524
6.912765
7.683899
5.40608
9.17043
8.493664
7.71273
3.902971
7.805621
7.443479
9.134088
9.065397
9.38219
10.21138
10.130781
11.513453
9.285703
10.525517
11.710136
11.556565
7.459182
8.660013
9.416488
10.180469
7.864214
9.649294
7.604334
8.597541
8.657584
6.645821
11.608635
4.45082
8.261741
8.814839
6.435703
9.536559
11.101472
6.712187
6.77771
8.72606
10.339808
8.25015
6.677087
10.063384
7.554094
9.123327
10.517027
7.744749
11.137531
7.956278
9.209408
8.212426
9.470574
7.7972
8.211707
9.696209
7.484547
9.700806
10.281783
9.355294
7.723371
7.490205
9.347604
7.580344
10.386876
9.503328
9.687814
7.942765
9.445702
8.898725
6.77043
8.027832
10.703708
7.910339
8.442629
8.607421
10.187608
7.460691
7.809332
8.324699
11.259301
9.093507
8.333751
8.3378
9.678878
9.934154
9.410178
7.39539
8.781321
11.008339
10.052273
8.03474
12.196957
9.101506
7.181417
11.182133
5.890203
10.112707
9.330645
11.481742
7.966293
10.759961
7.062635
8.374556
7.557823
10.871163
7.83363
8.11362
5.540241
7.627263
10.746644
7.566652
8.070583
9.091104
6.940707
10.919851
14.725683
3.938221
3.943672
3.769
3.963109
10.656484
7.156037
13.276033
12.160687
8.458048
9.207014
11.590149
7.450349
10.055008
9.759792
7.538223
9.704874
