0
6.485026
4.171431
6.828909
5.186408
7.869903
7.201641
6.872792
10.611642
5.746354
7.817551
5.548816
10.698057
6.473912
13.496978
7.461054
8.895077
9.293626
8.277318
14.660308
7.775685
6.635868
14.927066
9.742533
8.515887
8.339801
8.201999
12.15795
7.389206
9.330147
9.47843
7.883892
6.774434
8.807538
15.317726
12.360554
6.694719
8.732521
5.23584
7.288599
4.527332
5.762063
5.742224
7.446986
4.669772
5.141375
5.011646
9.505028
6.274722
7.243145
5.9446
6.97438
5.939722
7.546203
7.047871
9.307544
6.231512
4.537095
8.369392
6.654722
5.799498
6.921014
5.476697
6.358836
9.204786
5.660965
6.242407
6.566637
8.829701
6.177724
6.127899
10.007218
9.998214
7.300995
4.175464
3.711761
6.354481
8.220261
6.632022
7.802753
7.911919
9.073256
7.424932
4.83179
7.181973
6.115881
6.607715
8.466064
7.521291
6.865672
5.607656
6.74664
6.399956
8.678778
5.899217
6.325054
6.048945
8.01156
3.836174
4.222994
8.752176
7.423184
4.321424
8.116345
5.030892
6.778711
7.064393
7.142266
6.473887
7.357682
4.202862
4.392382
5.862046
10.094955
6.89394
8.17152
3.643798
5.061799
7.573521
9.589861
6.422443
7.795042
9.256629
6.905443
7.885734
9.70077
9.706546
8.181639
6.807373
6.22017
6.204904
8.145805
7.866459
8.257569
7.739362
10.963497
8.273566
6.201448
8.168334
8.553245
4.967813
4.851942
2.025463
4.721318
1.45873
0.96408
1.027549
1.389825
1.565258
0.835411
0.864641
0.846144
0.812339
0.816427
0.735112
1.136719
1.037141
2.667715
1.820314
1.407477
3.040595
2.101677
1.970216
1.859003
1.208524
4.723264
4.862301
5.566356
8.046559
6.548906
7.096589
7.498145
6.806282
6.741288
7.42725
8.102725
5.979541
3.18536
6.735098
7.687157
4.930161
6.826901
7.037774
7.475887
7.205858
7.212051
8.566137
5.82115
7.463652
7.743521
5.202179
5.364448
8.025647
6.741094
8.05781
7.092963
5.851944
7.217564
5.14919
8.278196
6.708407
5.65239
4.183953
7.535994
6.122972
4.93054
4.700955
4.877145
7.046909
6.584089
7.604725
8.574091
6.797378
6.037486
5.557636
7.631491
6.922367
6.065171
5.900122
8.459417
7.330026
6.706801
7.798598
6.095678
4.450397
7.156427
5.829595
5.319688
5.083627
5.322443
6.457166
5.147005
5.293394
5.837284
10.041247
8.267044
4.790231
4.380064
7.491878
7.452933
9.104105
9.710598
7.325331
7.13112
8.689924
8.019888
7.193648
7.515585
7.467686
7.57584
6.362727
7.69814
6.437632
5.885736
4.720105
4.759913
6.6268
5.341672
6.718229
5.389502
7.921925
5.237469
6.0318
5.885301
4.893248
10.859755
6.658599
7.584307
5.914161
5.41652
6.639311
7.197299
7.123422
9.171002
6.953849
8.048092
6.550497
7.365176
5.303751
7.532066
8.09638
4.349174
8.425353
6.926926
6.868851
7.876326
7.806485
5.320573
6.39111
7.578213
6.314898
7.021581
7.72435
7.044184
7.873452
9.283859
8.347336
7.505067
6.633968
6.554598
5.698233
9.131382
6.504322
5.526653
6.152156
7.533327
6.04954
7.014796
6.594436
8.082933
7.516436
7.196565
8.026663
7.253523
7.020727
6.79049
7.957974
8.553788
6.093585
7.226031
6.494487
8.305522
7.628283
5.502601
5.702557
7.842383
5.616759
10.492824
7.765785
6.913102
8.029761
6.736967
6.230883
6.373172
6.993576
9.560225
6.327006
7.940258
6.525925
7.192928
5.578332
8.831226
4.591247
5.668576
6.681516
7.595401
7.24613
6.177376
6.506999
6.206216
8.150774
8.049389
7.136353
8.257524
7.392221
4.757806
5.583405
6.017722
6.03303
6.892254
6.084106
6.324473
7.304324
9.00745
6.765251
7.177576
5.667952
6.278334
6.916281
6.821386
6.804945
7.733551
7.015535
7.625741
4.994822
6.989348
7.057196
6.961693
5.611778
6.284329
5.769917
6.544866
7.991992
5.473795
5.820869
7.607903
5.183707
7.521431
7.735696
5.860776
6.955593
5.264144
5.74735
4.802797
7.369482
10.602089
6.649366
6.148637
7.955889
8.029027
5.456012
6.881513
6.32181
4.820993
6.310516
4.23157
5.470253
7.934999
7.577296
9.44965
8.747166
7.110333
6.620049
4.841025
6.408341
7.014363
5.719932
5.142621
6.538762
7.0838
3.836801
4.053235
4.390507
5.711445
5.093421
7.465836
6.155313
6.649301
4.50569
6.604276
6.749471
7.066066
3.846995
7.296545
8.013079
7.873934
8.547247
7.134229
6.812233
5.006615
6.69683
4.287575
4.21915
4.65832
5.201706
5.127814
5.840749
7.532187
8.159621
8.654055
7.22212
7.472397
8.120589
5.628702
6.269703
7.897673
7.871857
6.241579
4.134983
6.141642
8.17859
5.926084
6.584414
6.90127
5.882925
7.390685
7.171437
7.740006
5.742459
5.056982
5.209628
5.842436
4.874211
6.988806
7.890281
7.203462
7.485368
4.445439
4.524736
6.425091
6.941047
8.226039
5.81522
7.465232
7.430825
7.236669
6.134501
5.047625
6.10396
9.609261
6.99564
7.660915
7.251499
6.668635
5.701652
7.850067
3.844936
6.620762
3.851006
7.950778
6.467543
6.272791
7.163286
6.923395
8.109923
7.102022
6.486038
7.298171
5.858323
18.112453
8.205579
5.164991
7.143002
8.479363
7.364825
3.810032
5.949663
5.931878
6.832531
6.496443
8.252081
4.871303
8.122365
7.481643
7.966396
6.124208
6.609762
7.268972
7.096289
6.513561
6.804976
7.117787
6.114566
6.997604
6.236484
9.460463
5.47796
6.233694
7.538568
7.457393
7.346805
7.038715
8.35704
4.751363
6.147022
5.850234
5.318209
6.82588
9.651512
7.202401
6.973716
7.757908
5.463558
9.775232
7.069102
6.273397
6.552483
6.662505
8.34537
5.134364
4.895103
4.08076
8.304898
5.890573
5.077176
6.285907
5.507014
7.166379
7.121109
8.18466
5.057263
5.751624
6.995617
8.484996
6.585622
8.611677
6.711598
4.12024
10.087251
8.572187
4.018876
5.344852
5.316368
7.155353
6.994266
7.819397
7.645075
9.617034
6.079203
7.398537
8.581824
5.899705
6.953118
6.853471
6.09116
8.323325
6.256913
5.091373
4.490989
4.657678
7.12901
10.713379
8.894686
7.008681
8.331397
7.153334
9.464527
6.483029
8.926922
4.403214
4.721868
10.947363
6.873353
5.285068
7.978183
7.625595
7.057687
8.131108
15.521961
10.022424
5.401815
7.21449
7.36794
7.895289
11.72005
8.424345
7.169999
19.197279
8.373868
10.926332
13.09358
17.841761
13.350962
13.046803
15.870461
14.140153
31.892188
23.535893
21.021894
8.127007
12.577874
14.288031
17.676046
14.51283
8.420593
5.293868
6.709549
8.722608
8.805928
5.672762
9.791614
15.88151
11.176369
8.128496
12.991775
14.839277
11.313066
7.143539
6.310277
5.911551
5.175438
6.240532
7.172626
6.570621
7.442171
4.646234
7.139346
6.991186
8.846277
7.217166
7.35445
7.66768
7.353391
6.026882
6.579299
9.870386
6.590551
5.958296
4.795341
8.136641
6.622831
7.607669
5.758778
9.884233
9.591319
4.98272
6.087141
8.160675
5.614021
4.895418
6.386124
7.894906
7.609535
5.708294
6.921943
4.988935
5.659134
7.062581
13.739955
9.406409
6.345208
6.478051
5.868705
7.588177
9.084355
8.681224
6.385008
9.871265
6.674633
6.405652
8.21596
6.117088
7.237148
7.580629
7.736418
7.012012
4.260263
5.330299
5.976061
6.200131
5.784477
4.614296
5.021677
6.912522
5.601008
6.092984
6.457001
7.183652
6.989205
6.137911
4.846402
5.907068
6.646436
7.295151
7.706345
3.699707
8.008837
8.766246
8.12839
8.803774
4.948162
5.818969
6.774531
9.210816
5.82969
5.003081
7.08327
6.373943
5.249623
6.463781
7.645317
8.065953
6.868343
7.087453
3.747282
7.927839
6.398832
6.833027
8.169392
7.819854
5.064604
6.942428
6.837059
10.463618
6.899451
7.857178
9.56346
8.745181
7.739914
8.843587
8.256432
7.647019
7.588585
7.122944
4.542749
5.78889
7.456518
5.758394
5.55649
7.01994
9.406515
7.541593
7.287695
6.401704
8.089729
7.153166
7.264983
7.174048
6.432605
6.066337
5.49051
4.98225
5.261583
5.636121
5.654831
3.902668
5.933562
6.979454
5.592058
7.30718
7.673602
4.785307
5.950506
5.959068
5.567565
6.353027
6.124071
5.898685
7.946445
7.101343
7.568084
6.317272
4.926762
7.048303
4.929474
6.127964
9.103632
6.63773
8.313622
5.596743
5.5561
6.193921
6.51013
6.710833
6.363023
4.691855
7.669244
7.606932
7.074697
7.818011
6.759201
6.950669
7.117655
6.933123
6.385774
7.931067
8.266397
8.65656
7.816344
7.545747
11.017203
7.435159
8.128683
8.448903
7.34594
10.166205
7.600147
6.704408
7.405707
4.836744
4.958001
5.898979
7.095963
3.336755
6.247489
4.323878
4.156133
5.556064
8.010428
8.016867
6.363944
6.064887
3.900212
6.133926
6.444495
6.047536
6.299111
4.190981
3.947938
3.178384
3.721884
2.310959
0.992022
1.071047
1.933274
2.135881
1.082002
3.580528
3.78515
6.730407
5.464461
7.226397
5.950876
7.486463
6.004052
6.309294
6.279644
6.042421
5.880863
8.442552
6.941461
6.405832
6.932989
7.291127
6.991014
6.509578
7.644868
8.92821
9.42922
7.890161
5.94276
6.440527
7.569665
8.934648
6.339274
7.471651
8.003688
4.299981
4.438378
3.952586
8.20403
8.114473
7.746213
6.630353
4.54403
5.175375
7.57032
5.649655
7.756334
6.791828
8.350858
7.329401
7.012304
8.421519
5.687995
7.256785
7.347475
5.506388
6.500599
7.082144
6.793735
4.566892
7.68961
8.270294
8.02634
7.493586
10.947247
4.6352
4.036554
8.503667
4.836143
6.127253
7.366648
7.343628
9.095777
5.644443
7.262911
7.983601
7.978042
7.62026
6.291944
7.153322
5.477331
6.18085
6.710678
8.255881
6.753789
5.425454
8.626766
7.944773
6.496529
4.241664
7.89191
7.364421
4.935924
3.771069
3.978228
4.783179
2.862389
3.840931
5.300611
7.114448
6.544336
6.447537
6.461285
6.29614
4.530868
4.803091
6.886692
7.174362
6.871274
6.203083
6.550318
9.001479
4.797602
7.184635
6.487044
10.409591
5.473209
7.265413
8.658561
6.969305
7.51053
5.729016
5.258723
7.171913
7.464921
7.522686
7.508296
8.001833
7.569096
10.43754
7.329262
8.293414
5.946501
8.644821
7.989079
5.912704
6.394933
5.811347
6.897288
7.086212
7.173661
8.449647
9.861744
7.782942
6.969127
5.759658
5.123467
7.411963
7.124487
5.363457
6.169503
6.195463
4.29997
4.608875
6.068407
8.203542
7.541057
7.088193
8.348419
5.812463
6.947943
7.639392
6.310645
7.679672
5.586095
4.509958
6.697851
4.81994
6.18666
5.763994
7.182261
5.176096
7.857214
5.887633
5.217217
6.989251
6.259018
5.568325
6.653054
5.939316
6.134633
6.562035
5.503552
5.968479
7.557084
5.876419
6.749518
6.429128
7.295712
6.737544
5.471668
6.42503
7.439347
6.597612
9.984341
5.99551
6.566752
5.851687
7.753939
6.864385
8.848541
8.012214
5.226808
4.102519
4.934691
5.517566
6.319428
6.215167
6.83145
5.610963
5.818144
7.259324
6.204507
5.004641
5.600942
6.774763
5.269301
7.713811
8.131821
5.810687
4.561352
6.958071
4.9519
7.586576
7.864023
7.192105
7.800712
6.347125
7.957746
7.986611
8.176623
7.641651
7.162931
7.688686
6.803422
9.030882
5.469657
7.574943
7.604166
6.148502
7.008825
6.609793
5.77903
8.014197
7.715611
6.525195
8.223514
8.129811
9.264676
7.305637
5.043419
5.35483
7.502331
7.173814
8.429363
7.437899
7.48604
6.628992
5.600326
7.192123
6.723951
6.847197
6.721335
7.743063
9.250047
9.351685
6.757476
5.547044
5.334687
4.509376
5.746249
6.613301
5.841722
7.422952
6.506616
7.180102
8.611419
9.107545
26.190108
21.526855
6.953499
7.139853
6.437246
7.670831
6.572099
8.022913
6.249385
5.377844
7.531202
5.676623
8.286013
9.491836
6.795555
7.033049
7.448243
8.066325
8.831809
7.953691
7.566348
6.57107
5.00832
4.556029
8.078724
7.582888
8.160619
7.157854
7.564827
6.345224
8.948555
6.234269
8.964619
7.264716
5.185987
6.803771
6.853446
5.200151
5.739468
9.536738
7.936388
7.776001
9.479229
5.730625
6.195543
7.024266
6.763772
7.378786
6.251517
9.468675
7.798444
6.07718
6.527954
6.361843
8.600554
7.513465
7.406361
8.576663
7.485465
5.496737
6.898256
6.958359
9.33766
6.417725
7.450544
9.140411
7.678438
5.73733
6.274054
5.972505
9.079893
6.56252
7.406763
7.240735
8.551978
6.534968
6.054876
6.716041
7.483472
6.230993
6.451147
7.10523
5.617054
5.439857
4.94448
5.437429
6.833714
6.048946
5.749803
7.300495
7.339728
9.942237
6.297046
7.711009
4.565088
6.108251
6.866591
7.288969
5.491471
6.072751
6.300874
4.600314
6.42639
5.782121
7.000238
6.681488
5.316696
5.615236
5.988405
5.410663
4.813765
6.212218
7.280323
7.727211
4.784617
9.916316
7.461137
4.685115
7.078927
7.462291
6.933122
8.30041
7.817064
7.734985
7.068317
8.478213
7.337534
6.856968
7.138655
5.586141
7.607949
8.330264
8.414036
6.78685
7.554041
4.273391
6.464614
7.854767
4.756846
4.018956
6.892752
8.239535
6.865181
6.130922
7.163354
5.232818
4.435409
7.577585
7.455707
7.07034
7.379507
7.54615
6.544652
8.355364
6.649705
8.001143
6.816935
7.544442
6.338755
7.036621
5.871321
6.279164
9.333503
9.83356
5.949068
6.936265
4.971299
5.999606
6.174231
8.733443
6.433565
5.457276
7.064683
8.077638
6.706309
7.046526
7.228804
6.564029
7.539532
6.840926
7.37124
9.794438
7.10544
4.457708
6.075242
5.76038
8.775353
6.811307
3.956533
4.248528
2.031425
1.352198
0.949688
2.217812
1.334476
1.259449
2.069697
1.888745
1.541705
2.381822
2.077781
1.409728
0.900048
1.187086
1.013964
1.292223
0.938488
0.898742
1.036148
2.523271
3.520842
7.600651
5.023117
6.260526
7.907911
9.568544
7.268723
6.769864
8.68326
8.923898
9.793935
7.935588
7.840233
8.93758
9.81922
9.603096
8.113849
7.491894
6.88982
6.345732
7.024738
4.243992
5.081549
4.871568
5.407683
6.81179
7.123129
6.800261
8.126577
7.983186
7.099043
5.030339
8.272786
7.809875
5.854741
7.389823
7.234114
9.21696
7.629849
9.408351
8.279472
7.519726
6.010396
6.665357
7.132174
6.896457
8.09675
6.904321
6.506722
8.301451
6.849782
9.9369
8.521376
5.414455
6.729953
5.757297
4.508996
4.491575
6.851589
7.72898
4.644313
7.117701
7.549678
8.543459
7.376278
7.020278
5.324712
5.621401
4.851391
5.948812
6.771915
5.05066
3.734871
6.23619
6.813193
6.41013
5.00129
6.885568
7.312979
8.279813
6.216932
