0
12.257043
10.913494
14.404177
6.561044
10.627624
10.680398
15.838193
10.0477
8.173077
8.906635
10.084141
11.836284
9.389869
6.690676
11.46498
5.953789
10.705478
12.478372
8.578934
9.823752
15.909398
10.822051
8.228795
6.411401
10.298224
12.790841
15.057589
7.801456
7.849748
7.324967
6.836042
9.05275
7.075503
8.807564
14.536131
6.664587
4.491259
4.95377
8.299669
3.735886
4.237968
3.903701
7.010712
6.920632
8.206123
9.330493
12.976531
6.163012
8.842197
9.113851
6.16181
5.604737
9.199501
7.389003
4.940711
5.353055
5.113544
8.610248
6.880313
5.005725
9.022563
11.585889
10.289638
9.359073
7.336001
9.498032
4.079457
4.229543
5.742462
13.906921
5.354119
5.831467
9.430572
6.85179
6.423405
15.166331
8.594032
5.152113
6.830019
8.551703
6.508186
8.383894
12.734676
14.654752
8.859405
8.91754
6.943388
11.130544
10.249823
6.425739
4.012482
7.487106
5.749418
7.917533
5.05522
11.583757
12.274876
8.441158
10.573828
5.691106
10.050856
10.127403
5.815831
6.836526
4.285341
6.191454
5.289289
8.117656
5.473316
6.902927
11.859132
7.653452
5.159469
4.427568
6.055204
6.279976
4.458721
8.610936
4.753987
5.103227
6.202933
7.261294
10.003964
16.642346
10.663704
10.6848
8.419974
13.87538
9.765014
8.240962
10.485511
7.56105
5.813253
4.514385
4.41057
4.140755
4.553892
4.593153
9.297286
2.917384
2.83327
1.37157
1.673712
1.253856
0.860821
1.009508
1.107631
1.930348
1.034893
3.062898
0.852669
1.099549
1.07318
1.120748
2.114213
0.809346
1.184058
10.120808
4.014872
6.564572
6.90727
11.592768
8.421537
7.357662
8.473952
7.98135
9.578168
12.739395
8.757936
9.412041
9.69746
12.220106
7.553002
4.944268
6.749055
17.784496
8.193284
9.18227
9.416064
4.742594
8.020824
8.029552
8.015011
6.502279
5.027112
4.162272
6.732659
8.707223
18.033855
11.307844
8.930787
5.371915
5.844598
8.722365
9.454654
7.918018
6.581866
5.157382
5.449353
6.091489
5.092308
7.009808
4.466368
5.00544
5.214691
9.936614
8.43316
5.720798
4.322793
4.112398
4.500309
1.962138
5.973248
14.445132
12.447223
5.771152
4.602418
6.74884
5.880817
4.192564
3.936191
2.827343
3.132386
2.85915
8.018576
5.124902
11.49461
5.338469
4.561356
5.97528
9.188731
10.440858
10.092671
9.241041
18.457595
8.920508
3.743541
6.16281
4.4433
6.557201
7.88993
6.678776
7.766655
4.858563
7.27911
5.561211
8.148128
9.026696
5.658665
7.778957
9.254416
9.779632
6.907832
12.984082
5.511138
6.85901
6.533431
9.69188
10.16416
10.910673
7.783859
5.28595
4.997683
5.906637
7.2822
6.414768
4.974301
7.014835
8.267673
4.48632
5.459243
7.123871
6.267445
5.267484
4.959402
10.038904
5.718453
4.569462
5.812039
8.998469
4.863832
6.140194
9.536526
7.131325
6.410433
7.110077
7.659213
4.008358
5.569836
3.849652
4.77345
6.170823
4.742804
5.605331
2.858564
3.225792
5.240729
3.835042
2.377607
2.249316
1.498882
0.918959
1.803575
1.749215
3.248757
3.590725
3.481323
3.885488
4.028384
5.677352
4.870555
5.85024
5.64133
4.545448
3.845956
7.552418
14.581558
6.953229
7.127894
6.775139
6.923446
10.118856
9.001983
5.64059
6.824362
7.020141
11.10811
5.69787
7.791768
6.280129
5.830616
6.626978
9.367541
9.245841
7.015148
7.186481
6.77951
7.059099
7.43508
12.370026
7.453165
8.792072
12.213813
4.249396
4.540541
9.331499
10.348477
7.966368
10.703709
7.382616
7.129997
12.411543
6.972458
10.334438
5.942174
8.372226
6.117902
6.591472
7.280853
5.788294
9.736071
13.592592
10.015688
10.759709
11.301594
11.27636
5.344198
5.508355
7.858528
11.812681
7.285939
6.344678
4.831022
3.865531
5.398888
2.992901
3.764816
5.759116
4.801201
4.773854
7.391306
7.155886
1.951108
1.913382
1.018344
1.75244
1.032772
2.40835
1.404048
1.735195
1.269228
1.782101
1.135313
1.495331
1.265261
1.257364
2.54798
1.758582
0.963441
1.168433
1.54051
0.802392
1.759747
1.361464
1.284713
0.852889
1.689886
1.398573
1.184737
1.703226
0.842793
1.781396
1.598445
1.105683
0.865596
1.180685
0.701168
0.834723
0.996306
0.872758
0.61173
0.84708
0.805457
0.851586
1.389544
1.207054
2.527591
1.925065
0.806487
0.839965
1.121447
1.450024
1.295572
1.063992
1.496452
1.959586
1.519472
1.019618
1.008578
1.713184
1.074129
1.094902
1.091627
1.413412
1.036558
1.034186
0.993585
1.349408
1.074637
1.637648
1.098301
1.468766
1.552977
1.155885
0.817704
1.775624
1.321052
1.054376
2.003416
0.80393
0.799351
1.274443
0.510295
0.570538
1.128964
0.546872
2.677768
1.967988
1.115138
0.591027
0.690906
0.758044
1.222167
0.726125
0.563342
0.531065
1.560365
0.588266
0.993746
0.907565
0.523923
0.521952
0.562126
0.875795
0.740842
1.071293
0.520956
0.85084
1.253656
0.918746
0.577065
1.037702
0.851581
0.515265
0.521107
0.738087
0.534679
0.531271
0.720585
0.580201
0.631196
0.866866
0.975767
1.73678
0.616738
0.601608
1.408994
0.627926
0.549628
0.544964
0.841268
1.027269
0.646298
1.075834
0.710289
0.518053
1.003215
0.528818
0.901962
0.773176
0.575472
0.719218
0.935064
0.989732
0.861913
1.588025
0.752855
0.530063
0.798007
1.123648
1.204961
1.201059
0.898665
1.465276
0.912047
1.481077
0.577374
0.835197
1.170302
1.261566
1.216734
1.036737
1.027933
0.802236
0.892497
0.789147
0.900004
0.895291
0.883544
1.279607
1.417185
0.729915
0.8998
0.862324
0.562948
1.370362
0.617613
2.552023
0.751173
0.979296
0.531885
1.013474
0.551422
0.897905
1.284625
0.865511
1.37332
1.055902
1.297541
0.900816
1.491537
0.563089
0.551864
0.877084
0.913293
0.876008
0.605545
0.84125
1.133674
1.666447
0.714228
0.576862
1.382823
0.789168
1.450479
0.845221
0.59006
1.06947
1.060418
1.052628
1.082189
0.579399
0.77539
0.906405
0.775633
0.675916
0.558474
2.036195
1.948606
0.665173
1.654514
0.560817
0.591712
0.776442
0.5866
0.659515
0.644323
0.868054
0.82381
0.592736
1.435637
0.928287
0.942036
1.337814
2.437784
0.810965
0.879166
1.1323
0.876549
1.725803
1.251418
1.513113
0.897351
1.115931
1.492736
3.001423
0.921331
0.948841
0.836572
1.192647
1.119892
1.01596
0.980872
1.115015
0.859696
1.429029
0.85733
0.849063
1.220473
0.93975
0.803699
1.46482
2.142499
0.826686
1.029756
0.974969
1.359312
1.699478
0.852724
0.864928
0.745205
0.87872
0.944632
1.172055
0.785342
0.846539
1.16598
0.889112
1.446738
0.787966
0.817235
0.797244
0.79315
1.056674
0.793921
1.007597
0.815117
0.845763
0.845306
1.326499
1.231342
1.214361
2.127439
0.881596
0.842533
0.969141
0.836375
1.081069
1.116045
0.786488
1.007701
1.299226
1.247363
1.178612
1.093115
1.506161
1.07449
1.504014
2.500155
1.56237
1.06808
1.21193
1.474794
1.649374
1.457645
1.590603
1.310425
2.576556
1.277873
1.488051
1.248859
1.369643
1.548126
3.472267
1.258999
1.467426
1.457846
2.839543
1.537186
1.229443
1.218788
0.880586
1.339835
1.333251
0.900074
1.007123
1.727825
1.301742
1.762913
1.890042
6.125091
1.234973
2.280027
1.190864
1.177865
1.220646
3.185648
2.706221
1.03506
2.000133
1.37392
1.625041
1.020833
0.979852
1.359304
1.194666
2.879939
2.008024
2.488301
1.290881
1.278689
2.166743
2.15199
2.010827
3.036863
0.947684
1.188515
1.04747
1.212937
2.354156
2.722095
2.666533
1.841859
1.575671
2.148998
1.259286
1.342088
1.418288
1.326515
1.272042
1.259887
1.699255
1.203577
3.244964
1.654646
2.101473
2.201303
2.142541
1.30852
1.193544
1.528605
1.086046
0.874651
1.31566
1.362441
1.050231
0.944379
0.932388
0.983515
0.987987
0.892067
0.823335
1.17591
0.920303
3.405114
1.397629
1.087247
0.950606
1.549585
1.263311
9.81951
1.78919
0.85809
4.634251
1.18823
1.147774
1.787878
1.173275
1.175353
2.213733
1.914344
1.248574
1.690156
1.972192
2.058767
2.575028
1.625011
1.043512
1.301283
1.107528
1.134616
1.726056
1.473284
2.671925
1.237641
1.948391
4.148183
1.322304
1.998721
1.231001
1.054455
1.62606
1.209504
1.367437
1.109354
1.392135
1.750586
1.172464
1.2257
1.460035
1.167736
1.206941
1.867129
2.146911
1.63693
1.350251
1.460647
1.449818
1.06107
1.077943
1.141323
1.015351
1.172477
1.182012
1.168655
1.074739
1.094253
1.078669
1.193905
1.066022
1.061923
1.122866
0.967437
1.177958
1.383873
0.944237
1.29266
1.14154
1.57627
1.757067
1.790792
1.120555
12.329853
6.748089
6.534885
11.169435
6.372306
6.902828
6.892993
15.216095
9.842463
8.901647
9.530906
6.695095
12.359922
7.612473
6.78982
10.754918
11.004978
5.810249
7.817893
10.852665
9.186224
7.453424
4.103223
5.325388
5.039542
4.865602
8.408924
11.822742
8.970952
7.328167
9.171127
9.206188
8.858795
7.749117
5.762403
6.351268
10.373147
8.65844
8.236793
5.807689
7.011283
10.068793
4.948996
10.521845
3.612042
6.02051
7.023238
5.317059
8.112425
5.962608
9.352623
7.341646
12.284119
13.215353
8.43935
8.953948
5.299871
5.836828
6.71143
7.73277
5.214497
6.698332
5.580666
8.697809
5.33476
5.843862
4.741808
3.87972
5.407125
7.938504
11.176748
5.761598
4.212615
6.684769
7.711182
6.091439
8.468218
9.351759
6.225618
8.604332
12.353023
11.288875
6.208911
5.76446
7.822469
5.881911
5.946297
4.973684
5.959693
12.46647
6.070957
8.364931
3.23377
5.891718
4.894626
4.479923
3.855891
4.134274
3.852709
5.176347
3.704943
7.016098
6.242106
6.038731
6.087908
10.275897
10.040091
5.855546
7.05198
4.873103
6.931541
6.472482
5.651472
5.413772
4.738732
5.385751
5.100763
3.752149
5.862981
7.233238
5.420466
6.630069
11.726963
5.125746
10.065884
8.051648
8.449311
11.763573
10.681469
10.608881
6.129944
6.967615
3.919997
4.441745
5.938696
4.606438
4.448927
9.325445
4.117129
4.655993
3.738439
4.330814
2.639369
2.012939
4.493568
5.211492
6.703279
5.350458
5.861337
7.09684
5.151253
9.117919
6.375811
9.190058
10.101072
5.686283
7.852185
6.69843
5.933628
7.709847
4.924745
3.926951
11.807133
9.363787
8.655468
7.049102
4.728618
7.012923
12.678337
6.096287
7.772355
10.553243
4.370111
5.297341
8.146353
7.85552
6.114026
6.457789
10.549279
5.64536
4.285524
5.556297
7.255123
7.402055
5.832207
7.113585
5.594426
4.850206
9.299345
11.469787
7.100364
5.629403
7.182492
11.687612
8.890901
7.793579
6.341352
5.284844
6.225175
5.619855
6.234347
9.085045
9.79318
8.004442
8.76406
8.102525
7.733549
10.350283
7.415461
7.602465
6.629269
7.640914
8.117676
12.212319
11.644662
8.668956
5.839254
3.484418
8.086603
4.899303
4.742058
4.435111
4.512397
4.311734
5.610528
6.211196
11.165862
12.076544
18.174332
12.38196
26.49101
32.050427
6.573411
50.4889
31.374026
31.224798
8.251732
6.27795
7.12994
6.37893
7.122667
10.417511
9.229329
5.490573
8.63592
16.934861
7.491371
9.632626
12.423375
10.616554
11.582644
21.103601
9.129882
21.975045
12.154885
6.384811
4.96876
50.9551
50.084991
50.247889
14.85209
17.002287
4.36175
4.366691
4.433196
50.851029
54.578805
51.979562
50.97222
51.098957
54.40096
51.911311
54.418896
50.66328
51.909048
50.663966
51.838882
50.842324
51.208646
5.15369
12.187554
6.717549
11.398815
