0
11.368449
5.913655
4.971434
5.833697
7.430697
6.952219
7.511006
9.346807
7.20071
8.219573
6.968788
7.12498
5.621957
7.625682
6.513182
7.422919
8.988191
7.304067
4.562659
4.968478
7.819134
11.436129
7.452268
5.666176
4.641582
9.232904
16.715639
8.43429
4.724151
3.309374
4.054161
3.78449
4.237613
3.3382
4.168085
4.711085
4.809476
3.595854
4.126562
4.234559
3.887947
6.796013
5.214052
3.585551
3.571731
2.2353
4.174657
2.920442
3.509928
2.344655
4.177396
6.946281
3.341701
3.846247
2.532655
3.955603
4.194533
5.492283
5.50213
2.203776
2.13717
7.923576
2.799305
2.778977
4.99859
4.215446
6.099649
7.340496
12.652234
2.540652
10.904963
2.969886
3.088211
2.961334
2.832086
3.296899
2.626549
4.207092
4.121502
4.306914
3.124738
3.57709
3.717141
3.577213
3.73047
3.735107
3.583505
4.518646
2.292858
4.272593
3.464565
2.648411
3.632215
3.353129
4.839546
5.259349
3.950972
2.720655
2.21727
2.405319
3.004439
2.610857
3.510205
3.786395
4.20141
5.463212
3.517119
3.037953
3.201959
1.341969
1.214253
0.953498
0.90298
1.04057
0.96999
0.943203
1.05061
0.917186
1.397415
1.090746
1.05797
1.167854
0.920699
1.072192
1.345914
1.094857
1.020385
0.925087
1.02088
1.000732
0.982412
1.073391
1.103407
1.020917
0.925457
0.78389
1.049219
1.030453
1.020422
0.775377
0.948932
0.762636
0.792923
0.819716
0.755953
0.866879
0.813076
0.802533
0.766807
0.566087
0.798204
0.489406
0.574951
1.04458
0.927283
1.126144
1.151642
0.890956
1.001529
1.858871
0.953213
1.542788
1.138185
1.218415
1.090071
1.414868
1.079976
1.052732
1.047285
1.566068
1.547612
1.740371
1.6258
1.280204
0.930911
0.991527
1.034359
0.874162
0.939316
0.912709
0.959476
0.8993
0.867404
1.547479
1.278438
1.17938
0.993083
0.867071
0.963761
0.913275
0.909825
0.926755
0.998812
0.912003
0.931106
0.867958
1.110775
0.947803
0.847006
0.884099
0.887833
1.13692
1.556883
1.206201
1.198997
0.971024
1.074035
1.070837
1.096426
1.009238
0.963494
1.181254
1.281955
1.012653
1.503268
1.197356
1.113472
1.053991
1.580816
1.287145
1.257748
1.942688
1.114094
1.019269
0.954991
0.821656
0.691722
0.69346
0.705152
1.054817
0.692122
0.842759
0.807416
0.757159
1.182274
0.856007
0.520544
0.874351
0.590393
0.784473
0.74401
1.528603
0.508467
0.755313
0.742716
0.472869
0.540993
0.478612
0.847377
0.78185
0.477728
0.770165
0.506412
1.081756
0.730467
0.733607
1.202579
0.742197
1.008411
0.519517
0.778214
0.746006
1.188269
0.773426
0.712524
0.495405
0.861067
1.158683
0.497942
0.871304
1.051647
0.773643
0.456061
0.873035
0.806629
0.500743
0.446801
0.523297
0.587361
0.467452
0.826433
0.467127
0.841926
0.485336
0.462717
0.458615
0.459587
0.489503
0.471309
0.572025
0.583075
0.728146
0.48943
0.550755
0.459025
0.65677
0.509614
0.508307
0.474632
0.476515
0.460496
0.480125
0.917849
0.503106
1.030786
0.499672
0.479338
0.493139
0.570849
1.32853
0.761076
0.490336
0.500486
0.511125
0.503138
0.541536
0.497604
0.530829
0.795889
1.040651
0.476631
0.475053
0.514408
0.521855
0.495261
0.489729
0.549448
0.712711
0.479775
0.551094
0.697851
0.532396
0.691996
0.667078
0.673415
0.499767
0.478502
0.707427
0.465286
1.080889
0.691879
0.956083
0.647642
0.669088
0.999505
1.031391
1.0052
0.677137
0.71778
1.355773
1.468332
1.150368
1.063166
1.202591
1.283926
0.989169
1.559792
1.014074
0.806298
1.25232
1.007425
0.774531
0.9695
0.830046
0.77878
1.25498
0.963919
1.211671
1.017572
1.394113
1.06661
1.219766
0.777616
0.672302
0.967897
0.962167
0.994166
1.042394
1.248866
1.251703
0.752605
0.839541
0.713854
0.763828
1.087466
0.768462
1.140659
0.9694
1.063662
1.17687
0.841765
0.965778
0.796023
1.40155
1.103534
1.151951
1.01437
3.464561
1.11176
0.995802
1.041415
1.122187
1.075337
1.039157
0.985733
0.879904
0.880642
1.060149
0.888704
1.062047
0.98501
0.937702
0.941129
1.226679
0.712895
1.021011
0.911624
0.952704
0.942386
0.71945
0.739975
0.803649
0.734376
0.973428
0.722306
0.728408
0.981588
0.499098
0.736862
0.784569
1.002495
0.829701
0.772234
0.493022
0.707658
0.881366
0.734949
0.801611
0.722252
0.507752
0.501857
0.776505
0.752593
0.542889
0.797453
0.487519
0.685988
1.119249
1.004535
0.678866
0.677654
0.930199
1.002536
1.14246
0.944344
0.745229
1.009036
0.766523
0.80648
0.890724
1.334857
10.476009
1.367763
1.257058
0.997714
0.917948
0.895644
1.012662
1.501747
0.921925
1.084732
0.84654
0.759119
0.768085
0.819084
0.787914
0.993784
0.693252
0.983574
0.740612
0.726007
0.634979
0.71413
0.741353
0.961697
0.693588
1.291731
0.624888
0.744411
0.690291
0.688503
0.721666
0.972321
1.13693
1.544769
0.632054
0.673439
0.794254
0.72447
0.773397
0.886793
0.704276
0.677577
0.658135
0.719381
0.750918
0.677875
0.698058
0.741878
0.667105
0.780431
0.655414
1.391487
0.689203
0.677274
0.914264
0.660821
0.725316
0.685358
0.909945
0.91462
0.907107
0.949036
0.989273
0.959946
0.915371
0.940984
0.811029
1.069737
1.004078
0.722814
0.7034
1.057138
1.043807
0.729682
0.648507
1.234203
0.694277
1.041691
0.78327
1.543709
0.729184
1.277963
0.690285
0.702309
1.493955
0.739695
0.738841
0.702924
0.707226
0.742279
0.817201
0.684342
0.76254
0.707592
0.703551
0.709938
0.701222
0.729533
0.708774
0.822614
0.690423
0.710013
0.693763
0.699777
0.685029
0.698704
0.749042
0.841273
0.702791
0.777959
0.810395
0.729173
0.741773
0.807271
0.701679
0.858605
0.706897
0.783079
0.790311
0.774656
0.765449
0.522353
0.994124
0.758481
0.76316
0.966642
0.679625
0.845033
0.81084
0.777301
0.65773
0.794533
0.871044
0.743
0.80277
0.846365
0.765205
0.773199
0.501337
0.822955
0.715387
0.771025
0.764059
0.745715
0.473976
0.831086
0.633058
1.564561
0.777283
0.517033
0.913718
0.776195
0.760021
0.788585
0.765877
1.205197
0.775603
0.892901
0.78427
0.513626
0.798212
0.762397
0.954856
0.832558
0.490429
0.857773
0.896694
0.81014
0.7758
0.843533
0.553572
0.9099
0.825087
0.509634
1.133805
0.966456
0.553649
0.563445
0.835523
0.780947
0.682625
0.762137
0.867724
0.783827
0.699298
1.734946
0.703416
0.757999
0.674668
0.804055
0.76416
0.997085
0.698037
0.754026
0.740436
1.015442
0.714675
0.75946
0.693043
0.707322
0.953615
0.855155
0.803349
0.863476
1.068202
0.771756
0.652142
0.913794
0.665345
0.77625
0.945332
0.678053
0.821788
0.764344
0.98166
0.703839
0.70651
1.010984
0.741306
0.972112
0.706253
1.00754
0.689388
0.946395
1.057214
0.672035
1.073185
0.662268
0.899583
0.969042
0.977812
1.288194
0.971167
1.008876
0.92456
1.327865
0.967558
1.032806
0.950228
1.11111
1.112207
0.993603
0.961767
1.106612
0.9085
0.938608
0.969494
0.84156
0.662954
1.222547
1.053851
1.147529
1.023342
1.174873
1.17615
1.153866
1.106753
1.240507
1.262107
1.295223
1.402704
1.389179
1.696656
1.497718
1.376988
1.545643
1.166178
1.444023
1.234548
1.142407
1.324174
1.455299
1.31161
0.736204
1.344869
1.85988
1.238406
0.805262
1.190629
1.209185
1.569987
1.784365
1.407277
1.393988
1.132646
1.396262
1.169547
1.339509
1.189308
1.182506
1.043404
1.321397
1.177826
1.07177
1.174597
1.020059
1.162844
1.390594
1.112927
0.784643
1.129229
1.000009
1.235782
1.077044
1.093272
1.019933
1.192445
1.121998
1.593668
1.129623
1.048176
1.008885
0.996629
1.296265
1.11506
1.353705
0.99103
1.19705
1.232767
1.189977
1.314815
1.118295
1.212032
1.439404
1.113496
1.193113
1.239212
1.019009
1.158922
0.993081
1.052315
1.112757
1.058878
1.038861
1.170369
1.011869
0.713839
1.050681
1.084559
0.734124
1.02126
0.731472
0.715039
1.048073
0.746999
0.725648
0.753269
0.731613
0.707855
0.914448
0.731624
0.807287
0.67838
0.727496
0.711904
0.658164
0.738503
0.901736
0.695289
0.736646
0.728321
0.703207
0.678864
1.025201
0.923206
0.792966
0.661442
1.075693
1.039037
0.661319
0.71478
0.982587
0.98988
1.235944
1.642245
0.979018
0.713092
0.679189
1.013753
0.766689
0.771977
0.864564
0.941414
0.910724
1.038724
0.89859
0.974571
0.934389
1.024875
0.963439
1.057731
1.11156
0.902766
1.109618
0.994181
1.010194
0.889546
1.110966
1.256109
1.083946
1.129404
1.353591
1.09357
1.286786
0.970047
1.081719
1.375188
1.036235
0.97775
1.459053
1.539007
1.064297
1.280062
0.945104
1.012012
1.069133
1.018199
1.014903
1.02632
1.038528
0.70843
1.026794
0.713995
0.762936
0.827251
0.890498
0.788796
0.820707
0.780344
0.808487
0.842764
0.736494
0.731846
0.516206
0.748526
1.007271
0.914341
0.910447
1.293453
1.075247
2.447818
1.230419
1.401116
1.358395
1.064179
1.080288
1.175364
1.405523
1.313681
1.763297
1.260103
1.608236
1.303752
2.036843
0.92042
0.994923
0.967231
1.047779
1.064601
0.932485
0.95276
1.019286
1.141294
1.161381
1.106254
1.327284
1.056812
2.011086
1.034909
1.075802
0.961141
1.058154
1.018661
1.046727
1.032012
0.916254
1.12086
0.969255
1.011487
1.173842
0.926107
1.068321
1.022902
0.909433
0.992514
1.256204
1.024833
1.246168
1.154414
1.09076
1.287972
0.913658
1.086335
1.213158
1.227213
1.046598
1.046671
1.041323
1.266044
1.007531
1.061035
1.046128
1.044058
1.536424
1.169754
1.532031
1.172334
1.217908
1.319662
1.29255
1.051798
0.75677
0.994996
0.755362
0.84382
0.814233
0.896108
0.736843
1.050322
0.762213
0.757476
0.747486
1.155731
0.834718
0.80207
1.059903
0.819847
0.755364
0.721144
0.735991
0.859078
0.775306
0.622537
0.766051
0.768369
0.762951
0.578199
0.547609
0.742339
0.547842
0.767534
0.767901
0.787388
0.707128
0.509149
0.75139
1.18504
0.509503
1.011258
0.715754
1.469155
0.762594
1.308649
1.215646
0.980138
1.002147
0.739382
1.335324
0.899755
0.770796
1.806433
0.696733
0.697757
0.741413
0.689074
0.671923
1.067087
0.993985
0.824623
1.091397
0.748948
0.704981
0.674924
0.689775
1.045138
0.809946
0.755872
1.066819
1.890062
0.567713
0.673424
0.485469
0.696632
0.72952
0.868721
0.649761
0.681074
0.763595
0.565821
1.023499
0.659593
0.657879
0.665592
0.660433
0.909131
1.241341
1.089157
1.057793
1.204437
1.111054
1.33686
1.128674
1.10271
1.152807
1.170422
1.118499
1.148157
1.189181
1.065437
1.025197
1.037044
0.930417
1.088906
1.150803
1.132713
1.105854
0.885732
1.037926
1.159302
0.94507
1.052158
0.933079
0.987692
0.676239
1.007725
0.72902
1.16673
0.676248
0.68237
0.990628
0.744678
0.935605
0.747289
1.018082
0.733055
0.773892
0.694777
0.795936
0.781549
0.699732
0.686498
0.671958
0.704238
0.771741
0.75646
0.707989
0.707984
0.710165
0.760766
0.747938
0.46427
0.689248
0.809784
0.770129
0.686978
0.79125
0.945369
0.704025
0.724523
0.718298
0.685709
0.697806
0.748188
0.862651
1.000161
1.0042
0.725358
0.998805
0.993848
0.800978
0.758003
0.866062
0.840125
1.034169
0.759592
0.839072
0.99881
0.956378
0.758379
0.859831
0.677342
0.768129
0.840165
0.823639
0.718674
1.016643
0.736835
0.822214
0.797143
0.732213
0.704516
0.684932
0.707382
0.758928
0.715705
0.733292
0.746243
1.015209
0.769688
0.766503
0.784322
0.821948
0.532753
0.77433
0.766706
1.2061
0.829445
0.841334
0.917624
0.802327
0.504708
1.145873
0.50943
0.875343
0.84592
0.531611
0.886826
0.885084
0.919096
0.547506
0.770333
0.892968
0.860535
0.747552
0.498259
0.835579
1.09893
0.703945
0.986406
0.958782
0.920882
0.695557
0.972225
0.781389
0.735099
0.795053
0.731714
1.413264
0.744588
0.798235
0.707841
0.736545
1.354007
0.783898
0.824602
0.7305
1.106669
0.727297
0.817297
1.047179
0.79146
0.822449
0.726841
0.901227
0.855527
0.991603
0.886837
0.712303
0.83643
1.077776
0.747737
0.80135
0.766092
0.791406
0.752577
0.795967
0.990939
0.793434
0.692858
0.720102
0.709033
0.760275
0.989351
0.687604
0.664092
0.86674
1.18133
0.829442
0.689006
0.700341
0.743882
0.710182
0.815916
0.693314
0.702979
0.743601
1.012469
0.851073
0.726878
0.799824
0.682906
0.776982
1.017263
0.812063
0.792713
1.458167
0.995336
0.691676
0.931877
0.775197
1.028441
0.930556
0.656385
0.925929
0.495011
0.71567
0.465653
0.820368
1.098706
0.669879
0.917245
0.959957
0.68368
0.667843
0.96362
0.708802
0.715777
0.979672
0.688329
0.954179
0.746798
1.003869
0.676557
0.756509
0.683368
1.059396
0.80881
0.733753
0.723495
0.737874
0.732181
1.332821
0.734116
0.784447
1.067846
0.766399
0.747067
0.753733
0.791861
0.856791
1.053304
0.886444
0.747601
0.80167
0.700955
0.736028
0.742868
0.852102
0.741129
0.747006
0.680355
0.734671
0.717484
0.655744
0.722297
0.875968
0.772188
0.776357
0.809893
0.743089
0.686009
0.798749
0.857486
0.785013
0.727421
1.036814
0.801887
0.838693
0.772719
0.754394
0.720944
1.042751
0.785892
0.754459
0.746559
0.728513
0.712616
0.833865
0.768653
0.687046
0.718837
0.804148
0.877469
0.721906
0.7988
0.714096
0.487328
0.775973
0.769008
0.766538
1.057134
0.845718
0.557155
0.902058
0.903033
0.914375
0.821264
0.78436
0.807773
0.595224
0.895264
0.82591
0.993207
1.089862
0.536161
0.985129
0.973338
0.851508
0.874953
0.752044
0.828268
0.819439
0.847554
0.57772
0.823017
1.222131
0.901745
0.804768
1.19536
0.891871
0.844964
0.826113
0.572693
0.918945
0.892472
0.812161
0.738538
0.7823
0.808853
0.836425
0.875452
1.603131
1.0424
0.830341
0.846361
0.734236
1.155113
0.766503
1.21502
0.715508
0.765199
0.991106
0.801072
0.668372
0.752219
0.797492
0.75731
1.043253
0.687838
0.663238
0.731188
0.754901
1.124087
0.658966
1.774663
0.736949
1.818304
0.921246
0.712921
1.426874
1.024755
1.056662
0.734308
0.995281
0.969503
1.055626
0.700182
1.044623
1.176477
0.93145
2.664996
0.993435
1.149061
0.94123
0.9233
1.129236
1.099537
1.065247
1.509196
1.35905
1.061794
1.127846
0.970976
0.920565
0.870963
1.045454
0.999071
1.133819
0.972552
1.007522
0.965923
1.037605
1.048612
0.985602
1.216408
1.693381
1.061772
1.170931
1.353383
1.669893
1.906889
1.486121
1.260537
1.452819
1.782988
1.427362
1.385029
1.312616
1.691578
1.271637
1.585253
1.751688
1.686554
2.878012
3.583206
1.375379
1.583253
1.141685
