0
8.023522
1.734525
1.664782
1.856334
2.289063
1.632936
5.208501
2.832473
2.172132
3.981906
4.806085
4.56255
7.201108
4.938995
6.488177
5.153975
8.931667
4.630457
9.157794
7.789087
5.386097
8.583347
12.765705
11.988148
10.83404
4.563425
9.752671
5.062204
16.892326
3.751409
7.433022
8.511353
5.992716
5.635759
4.825182
6.764574
6.969244
5.513238
6.352816
8.603232
7.439283
6.522332
11.397826
7.007081
7.76018
7.292
8.783632
4.979946
7.297286
5.804554
5.225791
6.262723
6.256934
6.198629
3.512241
5.508345
5.652816
5.822542
8.79914
5.631351
4.741213
5.482327
6.64331
6.072064
6.424174
6.82435
6.946047
5.656861
5.392102
5.231767
4.827806
5.108598
6.058469
5.281871
5.104137
7.292528
3.660053
6.480316
5.881008
5.307087
6.906868
6.821652
6.665744
5.700683
5.570536
6.909761
4.009864
4.683786
5.587177
5.054577
4.325643
5.539838
2.681149
6.050322
5.199584
6.595029
7.190454
5.056088
5.156186
4.878886
6.287056
8.637099
4.715399
5.704859
5.803984
7.425059
5.372506
5.652269
6.81294
4.833054
5.863236
5.010586
5.792538
6.846478
5.036
5.322678
6.06689
6.169329
6.232234
6.383254
6.735967
4.822681
5.074842
5.554644
6.419576
7.945832
6.757724
7.332185
6.884075
4.723359
6.097703
5.924772
7.266868
5.523765
6.010666
6.151746
6.046291
5.914559
6.939752
5.98365
6.961366
7.411806
5.308782
7.433555
6.949913
7.807284
7.431866
7.747524
6.367293
6.741724
