0
2.671637
1.504412
2.080059
1.330044
1.630422
4.417913
0.838848
1.172045
1.498415
1.562746
1.221112
0.621129
0.798463
0.853028
1.064534
0.843017
2.678903
2.815449
3.629546
2.33855
3.290673
2.062901
4.01336
4.388965
2.657178
2.27082
2.329541
1.845199
1.930334
1.117551
1.159303
0.527999
1.211487
0.684028
2.490948
1.322328
1.787412
1.204163
1.621129
0.52898
1.173882
0.529278
1.174621
1.249665
0.898815
1.044081
1.04902
1.660604
1.808036
0.775375
0.424903
0.671128
0.41786
0.69111
0.418903
0.580178
0.447561
0.381453
0.439516
0.381273
0.417764
0.313024
0.333974
0.31142
1.155239
0.574415
0.486414
1.212655
0.729928
0.459795
0.435145
0.23679
0.283605
0.337489
0.522079
0.34429
0.370363
0.333084
0.2269
0.229144
0.409921
0.333171
0.221411
0.235104
0.233953
0.219795
0.884454
0.241337
0.235454
0.319346
0.3184
0.789565
0.357442
0.46001
0.846615
0.344285
0.347864
0.34514
0.508121
0.341196
0.370385
0.333425
0.358026
0.359151
0.33957
0.331114
0.356371
0.323765
0.359126
0.342866
0.384581
0.39073
0.344813
0.320922
0.344149
0.322703
0.325415
0.348172
0.548894
0.331197
0.333783
0.324654
0.358397
0.326839
0.39469
0.363618
0.357445
0.492537
0.561756
0.443329
0.44265
0.423544
0.498051
0.447473
0.450913
0.461486
0.730545
0.477963
0.950605
0.555028
0.691358
0.457224
0.567421
0.680564
0.710113
0.555044
0.63358
0.596297
0.885186
0.567342
1.285401
0.588214
0.444956
0.705157
0.475101
0.467202
0.459094
0.508162
0.504047
0.35174
0.533898
0.364054
0.38815
0.460426
0.620231
0.439196
1.273422
0.455031
0.483464
0.561498
0.953438
0.680521
0.46861
0.455746
0.469679
0.488501
0.474885
0.459546
0.860563
0.606249
0.626768
0.459394
0.508756
0.465967
0.66534
0.527506
0.472777
0.586542
0.479268
0.455395
0.467897
0.46068
0.412586
0.425168
0.432131
0.431379
0.419881
0.451736
0.606779
0.449651
0.329885
0.325492
0.348022
0.454977
0.461346
0.458031
0.622889
0.522127
0.549414
0.568648
0.554223
1.072222
0.597897
0.711407
0.558043
0.599969
0.580751
0.524582
0.574189
0.741003
0.637595
1.071236
0.623112
0.855668
0.528017
0.567426
0.679719
0.662905
0.51096
0.664906
0.38309
0.378821
0.321433
0.642383
0.422271
0.616757
0.68562
0.363689
0.35612
0.805734
0.380456
0.622047
0.334175
0.641937
0.501695
0.341452
1.024934
0.329147
0.362783
0.249927
0.598244
0.243773
0.360562
0.23445
0.238677
0.326993
0.23832
0.338458
0.547575
0.246449
0.415588
0.359801
0.241873
0.247489
0.238217
0.362334
0.284423
0.234877
0.357914
0.329201
0.234988
0.338813
0.345472
0.319362
0.380818
0.379024
0.517956
0.244899
0.715357
0.325428
0.346217
0.241662
0.239313
0.359304
0.296461
0.539087
0.243182
0.330323
0.245123
0.236289
0.242711
0.254227
0.453289
0.281441
0.232744
0.231141
0.446744
0.233617
0.314159
0.233867
0.310522
0.2931
0.303684
0.428466
0.242262
0.235294
0.766239
0.233322
0.239113
0.255443
0.249393
0.226459
0.258053
0.302366
0.635986
0.228594
0.370372
0.251183
0.232105
0.552496
0.230299
0.23119
0.256057
0.222549
0.221496
0.271331
0.258212
0.23796
0.264306
0.385871
0.321438
0.260833
0.30957
0.249776
0.305906
0.261303
0.397681
0.354484
0.33419
0.276837
0.263941
0.224842
0.240214
0.236056
0.278259
0.280169
0.237626
0.261485
0.237644
0.273906
0.237039
0.232707
0.400655
0.232903
0.237498
0.233407
0.241247
0.261374
0.235695
0.240525
0.233808
0.255312
0.253819
0.223925
0.253602
0.241617
0.216373
0.220911
0.245615
0.221152
0.224384
0.221076
0.258975
0.216076
0.337051
0.222032
0.24097
0.249672
0.263185
0.220671
0.222539
0.222523
0.231982
0.277013
0.591724
0.230575
0.600997
0.462832
0.347033
0.33896
0.540598
0.359814
0.763777
0.331624
0.40551
0.324509
0.387003
0.229244
0.380544
0.371528
0.301819
0.377279
0.353639
0.242972
0.402023
0.220703
0.370939
0.345671
0.35872
0.359188
0.349392
0.384432
0.332801
0.3486
0.728114
0.42314
0.388195
0.317392
0.483697
0.390339
1.04273
0.467194
0.507977
0.469852
0.346953
0.502802
0.346439
0.330238
0.531684
0.421176
0.32943
0.353834
0.38727
0.432106
0.407189
0.449507
0.417418
0.434491
0.464833
0.497469
0.426464
0.476266
0.523037
0.452696
0.63839
0.4848
0.440243
0.434327
0.502087
0.474725
0.522126
0.677396
0.6685
0.453146
0.527576
0.552032
0.500617
0.363048
0.444041
0.363439
0.517881
0.36813
0.362618
0.413943
0.336793
0.290997
0.266345
0.372989
0.351445
0.491193
0.444509
0.521642
0.466257
0.470262
0.45257
0.586231
0.459131
0.463684
0.468647
0.486298
0.477831
0.44866
0.445705
0.495615
0.449542
0.489798
0.450978
0.786809
0.365088
0.536559
0.441806
0.477616
0.468839
0.457543
0.43097
0.436745
0.450886
0.350937
0.329919
0.434773
0.337078
0.366141
0.35205
0.352981
0.427951
0.683595
0.354925
0.594883
0.382727
0.464867
0.324557
0.352929
0.433377
0.336317
0.700144
0.337119
0.456545
0.560147
0.320707
0.348899
0.326364
0.4515
0.318895
0.376367
0.337522
0.600083
0.459611
0.379675
0.352816
0.464728
0.470921
0.543668
0.503669
0.794141
0.505984
0.363126
0.529349
0.571582
0.5053
0.637491
0.60191
0.560477
0.603431
0.532767
0.557383
0.560221
0.387802
0.580912
0.583179
0.751545
0.536443
0.612193
0.583491
0.624313
0.524371
0.499507
0.461885
0.507901
0.406234
0.380297
0.547363
0.357015
0.349814
0.320413
0.431969
0.424244
0.463024
0.360136
0.337888
0.322315
0.348499
0.496168
0.318123
0.646524
0.327029
0.72266
0.355909
1.02928
0.337788
0.435174
0.313901
0.442874
0.33137
0.326763
0.448359
0.325147
0.334525
0.34566
0.323201
0.383126
0.336091
0.330192
0.350573
0.388306
0.337058
0.338353
0.346414
0.387938
0.523626
0.361524
0.340754
0.408238
0.58034
0.276344
0.277758
0.441392
0.383235
0.391691
0.242962
0.365058
0.376321
0.366966
0.354058
0.250198
0.35908
0.655874
0.352106
0.426365
0.368079
0.351203
0.352343
0.411843
0.347238
0.372527
0.418234
0.413129
0.372852
0.470792
0.369824
0.545574
0.328608
0.34805
0.348859
0.397075
0.347192
0.495908
0.357416
0.371916
0.389537
0.368645
0.393634
0.380858
0.407141
0.40818
0.38686
0.403548
0.376309
0.770828
0.400241
0.376935
0.388402
0.24907
0.403181
0.438532
0.370246
0.277203
0.484063
0.274369
0.35389
0.435461
0.251527
0.383202
0.362715
0.413968
0.380277
0.551101
0.378564
0.653234
0.363566
0.372768
0.395646
0.543022
0.385864
0.72531
0.421844
0.387976
0.436641
0.398622
0.384979
0.373083
0.526547
0.510425
0.362586
0.239562
0.367467
0.434775
0.371487
0.359892
0.343604
0.389021
0.411497
0.41939
0.410715
0.364658
0.356604
0.704269
0.411277
0.384761
0.496137
0.463029
0.332588
0.352755
0.448221
0.514504
0.347021
1.013582
0.362637
0.441887
0.335018
0.365266
0.361016
0.353396
0.472464
0.377123
0.351731
0.660059
0.390096
0.365221
0.339972
0.458137
0.336452
0.377174
0.324465
0.455795
0.332585
0.375089
0.33455
0.508068
0.45987
0.548763
0.33745
0.509843
0.363025
0.54787
0.504678
0.836736
0.503831
0.497593
0.545951
0.626648
0.763346
0.657841
0.617649
0.657237
0.603518
0.633415
0.579251
0.921798
0.534672
0.648173
0.829319
0.524609
0.640003
0.559562
0.700241
0.761059
0.625972
0.682934
0.584265
0.682802
0.642384
0.688338
0.585859
0.742388
0.695607
0.772492
0.661851
0.847683
0.780184
0.944949
0.572827
1.113733
0.860825
0.625793
0.635742
0.878522
0.611742
1.230026
0.549629
0.603698
0.569843
1.110644
0.53083
0.636896
0.570681
1.050274
0.549068
0.640849
0.588805
0.602366
0.881674
0.614668
0.864266
0.764249
0.615895
0.625261
0.616092
1.023516
0.702112
0.67284
0.634099
0.587043
0.55688
0.67597
0.592846
0.786908
0.748087
0.942091
0.535707
0.529664
0.847706
0.631006
0.650876
0.606675
0.569051
0.672993
0.550498
0.519989
0.694941
0.575833
0.742386
0.695698
0.593466
0.623749
0.632542
0.561955
0.64018
0.679948
0.553065
0.88751
0.725789
1.080287
0.669958
0.72924
0.634581
0.568001
0.544085
0.540647
0.634096
0.596608
0.59556
0.599851
0.52994
0.560403
0.460815
0.436412
0.50599
0.400879
0.382624
0.51107
0.352783
0.690275
0.356158
0.518849
0.514738
0.256983
0.370551
0.348662
0.26875
0.3528
0.347374
0.239601
0.365564
0.372835
0.362864
0.380995
0.224053
0.371806
0.246252
0.402632
0.224052
0.404423
0.223714
0.558656
0.333615
0.242693
0.342201
0.32154
0.369627
0.327749
0.347092
0.653801
0.342336
0.778918
0.443314
0.615728
0.336313
0.346846
0.352546
0.551447
0.460439
0.390853
0.343551
0.46669
0.368536
0.352135
0.4891
0.816164
0.466821
1.06884
0.478466
0.492628
0.505328
0.557667
0.57433
0.518041
0.536062
0.462602
0.461126
0.655423
0.500262
0.564421
0.58756
0.606989
0.601632
1.00223
0.620507
0.665363
0.542498
0.607761
0.55456
0.622274
0.607814
0.456119
0.486452
0.513328
0.466939
0.543141
0.455607
0.338211
0.461411
0.539192
0.472718
0.725796
0.484794
0.532968
0.782365
0.518308
0.614936
0.585138
0.675973
0.705353
0.565336
0.559217
0.679891
0.605445
0.457368
0.576177
0.594316
0.581953
0.586738
0.492091
0.46334
0.460372
0.451701
0.445186
0.447785
0.505941
0.51904
0.452437
0.428213
0.500628
0.45704
0.46462
0.479096
0.579288
0.446609
0.605665
0.460282
0.355767
0.360526
0.520311
0.502792
0.475334
0.388438
0.828693
0.503081
0.493993
0.480803
0.524438
0.519894
0.359688
0.509694
0.468672
0.498498
0.364499
0.506662
0.544455
0.58886
0.746024
0.524591
1.36737
0.661212
0.742633
0.584569
0.678999
0.591049
0.606143
0.583199
0.67991
0.589405
0.539938
0.676639
0.774199
0.625487
0.650849
0.70466
0.651243
0.542638
0.686637
0.727985
0.878759
0.720548
0.645259
0.677174
0.723936
0.752065
0.839524
0.86081
1.242781
0.581826
0.952913
0.575786
0.782832
0.800937
0.75418
0.735407
0.748828
0.841489
0.655905
0.581265
0.7861
0.817887
0.618977
0.724612
0.639227
0.695316
0.729062
0.720911
0.791305
0.728917
0.733885
0.695475
1.08328
0.678559
1.018376
0.672645
0.753385
0.650433
0.754433
0.765074
0.709568
0.764143
0.581939
0.803019
1.263827
0.846879
0.70331
0.642722
0.656563
0.743567
0.724805
0.53387
1.462132
0.91106
0.632691
0.676882
0.717174
0.728898
0.628084
0.68186
0.791179
0.918779
0.654713
0.629964
0.701953
0.88544
0.794139
0.615393
1.146341
0.78857
0.787492
0.523857
1.052407
1.344345
0.78291
0.681953
0.607993
0.689049
0.624171
0.664526
0.721542
0.831075
0.63118
0.584926
0.520736
0.820121
0.808594
0.567929
0.607859
0.52862
0.920484
0.699501
0.542538
0.592956
0.595827
0.761361
0.639351
0.518311
0.565268
0.625756
1.272044
0.700725
0.521577
0.537136
0.640495
0.723302
0.54529
0.494449
0.487235
0.541223
0.52175
0.578749
0.377072
0.467256
0.589127
0.726003
0.405098
0.710264
0.842536
0.468362
0.382776
0.347421
0.468323
0.328974
0.428244
0.345723
0.388668
0.227604
0.343034
0.453792
0.503262
0.250978
0.37488
0.22747
0.821862
0.333494
0.35467
0.371641
0.322471
0.347378
0.402416
0.225395
0.30491
0.370622
0.375796
0.34796
0.227236
0.233791
0.511582
0.32004
0.25122
0.379638
0.353738
0.334675
0.652981
0.370223
0.379623
0.365167
0.371765
0.349445
0.433774
0.373657
0.40502
0.325394
0.348779
0.332113
0.381382
0.324465
0.343345
0.330902
0.36828
0.333277
0.378721
0.332938
0.354211
0.342368
0.494099
0.397725
0.787257
0.344804
0.344241
0.671352
0.393652
0.274413
0.361347
0.339471
0.399438
0.375816
0.354371
0.372948
0.699461
0.389795
0.515953
0.346819
0.483679
0.347636
0.386697
0.400789
0.35277
0.49026
0.487961
0.390441
0.552741
0.385885
0.465264
0.48896
0.51307
0.4197
0.408008
0.679185
0.575619
0.476608
0.378252
0.471876
0.362855
0.369557
0.466738
0.505969
0.370591
0.391972
0.367678
0.369023
0.39006
0.354406
0.392037
0.354292
0.537381
0.377659
0.280447
0.416669
0.393253
0.399212
0.800488
0.422459
0.374421
0.51228
0.483849
0.390936
0.490478
0.35443
0.339829
0.473403
0.37976
0.542879
0.36549
0.517258
0.366005
0.399405
0.600578
0.448664
0.456991
0.497687
0.372677
0.452779
0.381494
0.349939
0.384669
0.370489
0.336341
0.361875
0.519072
0.391476
0.357771
0.376351
0.485655
0.353326
0.368053
0.352838
0.345306
0.474663
0.385725
0.317738
0.357786
0.351337
0.370703
0.350045
0.441335
0.345118
0.567052
0.781616
0.35457
0.327142
0.351222
0.337002
0.355074
0.40482
0.352801
0.334765
0.349808
0.399217
0.350553
0.443448
0.394376
0.351094
0.337359
0.384013
0.350999
0.371501
0.378132
0.384057
0.360459
0.420507
0.368853
0.362513
0.414259
0.522878
0.357733
0.506207
0.490194
0.547647
0.533409
0.55257
0.636947
0.52427
0.550871
0.47174
0.536039
0.396836
0.521811
0.3659
0.495165
0.3572
0.500625
0.35674
0.375206
0.328937
0.38537
0.370949
0.328085
0.336119
0.466904
0.338548
0.328004
0.348665
0.344288
0.342695
0.368528
0.458249
0.403215
0.334612
0.335419
0.336396
0.673854
0.441511
0.355327
0.562315
0.419838
0.342525
0.355442
0.346087
0.378579
0.367372
0.457098
0.359722
0.34503
0.385967
0.36087
0.378044
0.378172
0.361191
0.427524
0.344157
0.465321
0.346776
0.359218
0.349113
0.405746
0.372934
0.504402
0.369725
0.381232
0.416693
0.36105
0.382975
0.393022
0.23943
0.360182
0.38873
0.366987
0.357445
0.346088
0.393185
0.398156
0.366805
0.349092
0.413954
0.525647
0.473837
0.248026
0.360359
0.366069
0.358775
0.412141
0.554513
0.386504
0.5109
0.360282
0.381605
0.423413
0.416845
0.498323
0.38242
0.382097
0.357357
0.962073
0.372265
0.336426
0.390887
0.354184
0.468215
0.391687
0.372748
0.359313
0.39212
0.352828
0.481159
0.377221
0.257586
0.406129
0.41971
0.313188
0.259967
0.390024
0.390285
0.394144
0.363496
0.371217
0.510272
0.410878
0.389943
0.356526
0.354654
0.463436
0.357707
0.407659
0.35799
0.367689
0.371661
0.361974
0.63083
0.378422
0.394741
0.355596
0.407769
0.604052
0.374676
0.520718
0.413434
0.392988
0.399126
0.386736
0.254041
0.671756
0.403858
0.383829
0.367172
0.387921
0.357848
0.385488
0.463614
0.3943
0.524822
1.283203
0.354048
0.37625
0.487041
0.486075
0.390199
0.524025
0.480756
0.383177
0.384429
0.560989
0.332041
0.473187
0.340908
0.463884
0.329512
0.452659
0.441149
0.559062
0.457111
0.414285
0.485528
0.415269
0.41902
0.580343
0.353518
0.330661
0.427013
0.523505
0.490707
0.494484
0.380671
0.335675
0.481861
0.53906
0.512233
0.562579
0.551016
0.724711
0.927595
0.814417
0.717911
0.566636
1.454326
0.643032
0.619988
0.735262
0.814629
0.568273
0.775209
0.677644
0.818975
0.728827
0.889951
0.652786
0.818118
1.226464
1.248046
0.575239
0.949708
0.818686
1.536632
0.759609
0.908054
0.705236
