0
4.455061
0.811907
1.652001
0.842335
0.785249
0.735477
0.705328
0.738364
0.774876
0.60119
0.926892
0.677499
1.248118
0.602528
0.611814
0.597495
1.566364
1.859581
2.56331
2.117872
2.535779
2.228144
2.873782
3.052965
2.736794
2.815007
2.852843
2.584155
2.867346
2.358064
2.301828
1.565053
2.106178
0.827977
1.575835
1.917238
1.706726
1.707023
1.098007
1.117291
0.777473
0.847767
1.227612
0.594396
1.966069
0.428467
0.833493
0.592734
0.509901
0.419599
0.437609
0.386163
0.449292
0.399943
0.419162
0.450895
0.331214
0.321192
0.385612
0.317811
0.441321
0.441523
0.397905
0.317163
0.405988
0.373393
0.430357
0.41059
0.46406
0.365633
0.357477
0.359304
0.342841
0.325802
0.341197
0.322729
0.584726
0.358001
0.527125
0.37207
0.472171
0.327978
0.34052
0.331767
0.333168
0.330524
0.52445
0.331849
0.339032
0.319519
0.321962
0.325383
0.361329
0.321339
0.381511
0.334194
0.322779
0.2566
0.330586
0.327922
0.267395
0.32524
0.510977
0.312643
0.244415
0.229761
0.275863
0.331605
0.229587
0.310138
0.424889
0.390286
0.384559
0.330591
0.369633
0.344893
0.407907
0.425768
0.360166
0.225797
0.335052
0.438203
0.317914
0.341735
0.321276
0.358734
0.313845
0.339948
0.397069
0.343839
0.36648
0.449727
0.452082
0.330065
0.478978
0.471691
0.43565
0.489533
0.436892
0.473273
0.444956
0.496183
0.466519
0.635589
0.811923
1.72474
0.696947
0.698465
0.657125
0.873605
0.719205
0.794662
0.504109
0.498962
0.497384
0.498595
0.478955
0.482611
0.555095
0.692959
0.505107
0.712638
0.644513
0.488801
0.513911
0.384863
0.434355
0.461443
0.683496
0.68054
0.449024
0.461605
0.447898
0.923342
0.652508
0.816379
0.474003
0.46154
0.563469
0.696368
0.500877
0.466057
0.522292
0.502443
0.43488
0.512042
0.539495
0.548539
0.49506
0.436264
0.431898
0.418312
0.433656
0.434574
0.440775
0.479194
0.470931
0.432404
0.414309
0.532572
0.433318
0.418835
0.376445
0.499809
0.46201
0.485234
0.492443
0.531043
0.557215
0.86679
0.563259
0.600281
0.577201
0.565841
0.636736
0.568227
0.771582
0.536123
0.51237
0.518884
0.536628
0.6009
0.566636
0.640238
0.377679
0.53444
0.39211
0.380369
0.376932
0.471975
0.564166
0.450568
0.475094
0.493471
0.464544
0.472041
0.461199
0.894133
0.460072
0.474348
0.498424
0.483908
0.360001
0.468658
0.350785
0.404625
0.347182
0.457457
0.358727
0.537463
0.363284
0.353402
0.349386
0.390177
0.306117
0.363986
0.251215
0.581975
0.348257
0.374587
0.354828
0.372254
0.36473
0.377498
0.365268
0.547093
0.504793
0.375162
0.372782
0.406653
0.39159
0.606233
0.350728
0.391301
0.371486
0.374909
0.369624
0.443832
0.354911
0.379225
0.409626
0.420993
0.373325
0.37286
0.372603
0.685292
0.566806
0.538396
0.41397
0.536367
0.353859
0.427418
0.365994
0.399359
0.38958
0.388241
0.365566
0.408152
0.388665
0.37749
0.385779
0.362752
0.381226
0.358004
0.231838
0.592922
0.272661
0.390774
0.23273
0.37927
0.268086
0.337864
0.222447
0.345566
0.226993
0.221032
0.388809
0.242783
0.322247
0.346332
0.238474
0.246564
0.216203
0.334942
0.418406
0.226029
0.348707
0.252962
0.330537
0.347745
0.221576
0.326119
0.221723
0.259622
0.339607
0.219077
0.222932
0.325815
0.370128
0.470234
0.346247
0.324467
0.339237
0.346105
0.378541
0.324198
0.340951
0.341836
0.340724
0.391883
0.385781
0.356871
0.440472
0.413064
0.34996
0.362916
0.345229
0.358536
0.334728
0.340189
0.334603
0.4139
0.331947
0.359401
0.335288
0.337109
0.333589
0.355863
0.357592
0.351677
0.334826
0.374146
0.363983
0.418051
0.339863
0.368163
0.381291
0.340417
0.352458
0.350508
0.342567
0.59159
0.404064
0.352132
0.347051
0.438506
0.431703
0.344028
0.349962
0.344365
0.523896
0.335363
0.382652
0.328607
0.218105
0.390024
0.381967
0.243264
0.449582
0.332275
0.228587
0.451489
0.230748
0.260018
0.230933
0.441857
0.235908
0.347615
0.229347
0.503624
0.326121
0.351069
0.37958
0.350525
0.410085
0.313156
0.326571
0.36857
0.326756
0.373836
0.325564
0.388261
0.319408
0.332321
0.352739
0.378289
0.424965
0.364417
0.333333
0.377347
0.420074
0.519018
0.345644
0.376674
0.449914
0.364567
0.442012
0.432589
0.489327
0.445787
0.426486
0.741539
0.440711
0.687479
0.649485
0.775192
0.477544
0.741134
0.487644
0.665753
0.446496
0.489909
0.453015
0.727656
0.446535
0.447261
0.496602
0.492475
0.377823
0.442248
0.425868
0.626281
0.328549
0.239733
0.335057
0.240327
0.238531
0.34593
0.238865
0.373382
0.357328
0.344245
0.33993
0.335017
0.359543
0.614677
0.334772
0.445488
0.442876
0.435805
0.32884
0.438301
0.443835
0.440687
0.462993
0.433317
0.439275
0.429277
0.462421
0.435896
0.426051
0.463528
0.419665
0.692822
0.41815
0.423838
0.417605
0.550633
0.422776
0.591238
0.352248
0.337281
0.33219
0.364667
0.332476
0.366243
0.352769
0.336876
0.328402
0.334839
0.331287
0.521319
0.358666
0.341471
0.353796
0.315201
0.32202
0.334958
0.357979
0.346949
0.328852
0.438765
0.346134
0.33102
0.340506
0.350638
0.365959
0.498273
0.344924
0.342759
0.373691
0.767872
0.524396
0.588092
0.591929
0.484997
0.54396
1.168135
0.537131
0.517134
0.548082
0.529814
0.524635
0.554537
0.521935
0.928927
0.647146
0.531322
0.479784
0.49602
0.395496
0.397888
0.353115
0.343473
0.35712
0.382497
0.336625
0.500462
0.367306
0.338474
0.386359
0.353352
0.389677
0.500551
0.309806
0.31528
0.312009
0.33863
0.314812
0.33257
0.316552
0.313008
0.336292
0.35734
0.313613
0.320762
0.344693
0.338288
0.333828
0.402279
0.324049
0.32534
0.382246
0.319903
0.327107
0.329353
0.337748
0.335826
0.345503
0.34403
0.339279
0.754171
0.344368
0.249296
0.250354
0.907712
0.357714
0.240054
0.375486
0.241396
0.240638
0.295005
0.236174
0.347921
0.321029
0.29362
0.274697
0.256664
0.266295
0.369086
0.294642
0.390353
0.246582
0.338848
0.332736
0.660293
0.333706
0.347625
0.245762
0.344114
0.32948
0.38299
0.342304
0.253164
0.420817
0.332843
0.354861
0.431946
0.294616
0.376336
0.384767
0.442849
0.38331
0.422852
0.351451
0.342271
0.3595
0.352572
0.384181
0.366273
0.379312
0.440828
0.245093
0.470362
0.303553
0.376595
0.267076
0.245984
0.240414
0.241125
0.242144
0.249024
0.247084
0.251892
0.243599
0.244183
0.244872
0.30083
0.253273
0.247108
0.241498
0.250198
0.392842
0.347141
0.418986
0.429201
0.349937
0.390039
0.365094
0.342473
0.347315
0.389952
0.373394
0.396724
0.3609
0.328883
0.360312
0.365808
0.352444
0.383558
0.348385
0.254803
0.428051
0.250254
0.23586
0.237618
0.371781
0.306813
0.251127
0.256849
0.35552
0.249472
0.244359
0.33424
0.352489
0.247299
0.356158
0.385398
0.353893
0.35304
0.35809
0.376737
0.396825
0.576062
0.380217
0.589865
0.440785
0.532873
0.502697
0.578074
0.354377
0.350434
0.376447
0.363745
0.38694
0.352593
0.347534
0.359478
0.338059
0.365632
0.354338
0.40195
0.368755
0.330652
0.349597
0.358458
0.517927
0.413962
0.388541
0.332866
0.477923
0.460971
0.583049
0.422816
0.736521
0.612895
0.646329
0.524322
0.612492
0.549576
0.630322
0.957513
0.557581
0.617591
0.68285
0.54041
0.597355
0.339708
0.342832
0.347044
0.344728
0.361631
0.347646
0.338801
0.342729
0.415544
0.369657
0.345168
0.346245
0.39425
0.353739
0.346365
0.39014
0.283146
0.383284
0.348788
0.252174
0.357556
0.233252
0.238101
0.35962
0.248407
0.23856
0.437621
0.418705
0.35356
0.350656
0.347388
0.354835
0.391485
0.51472
0.410802
0.336156
0.471474
0.373843
0.438381
0.341825
0.354358
0.842745
0.377879
0.377742
0.368958
0.389147
0.351071
0.359607
0.352938
0.32758
0.362105
0.333243
0.349791
0.326997
0.381547
0.339863
0.358431
0.338658
0.244141
0.346712
0.364159
0.363425
0.327179
0.339886
0.831148
0.327719
0.409238
0.32696
0.345496
0.357987
0.615492
0.459048
0.505745
0.366588
0.908373
0.329887
0.336621
0.333386
0.334843
0.32854
0.338178
0.315136
0.333377
0.323677
0.834453
0.321645
0.357313
0.3719
0.347609
0.352384
0.348756
0.350897
0.349578
0.33371
0.376599
0.321447
0.220823
0.319528
0.233552
0.238301
0.24117
0.234552
0.226624
0.223872
0.229181
0.235841
0.292189
0.235943
0.263254
0.263231
0.223589
0.221846
0.223283
0.226131
0.289141
0.221308
0.224187
0.272949
0.230747
0.224281
0.222648
0.223882
0.236136
0.245716
0.221941
0.3035
0.334877
0.223593
0.222638
0.319377
0.305799
0.316954
0.305247
0.306057
0.325688
0.301889
0.321947
0.302154
0.36934
0.337554
0.409643
0.369334
0.351418
0.431283
0.351593
0.331078
0.352859
0.343934
0.38336
0.425377
0.320501
0.427789
0.438093
0.451326
0.430963
0.430103
0.457393
0.459972
0.547895
0.489903
0.444229
0.582067
0.459014
0.555961
0.564834
0.595388
0.583198
0.465021
0.688606
0.489849
0.469317
0.464134
0.566517
0.483257
0.45947
0.506722
0.511613
0.478829
0.376553
0.463358
0.37329
0.345728
0.449678
0.436648
0.457401
0.452835
0.445627
0.622362
0.59554
0.467103
0.453685
0.506926
0.480637
0.581923
0.459261
0.483922
0.459144
0.466824
0.457726
0.475907
0.476259
0.516581
0.491327
0.459897
0.465624
0.475461
0.497789
0.457741
0.479172
0.450072
0.466834
0.462832
0.4909
0.505949
0.448851
0.459185
0.435118
0.433898
0.467684
0.348691
0.342896
0.362601
0.356753
0.423346
0.339852
0.345296
0.497569
0.461399
0.457811
0.448212
0.471043
0.475695
0.503307
0.509379
0.701656
0.516979
0.787491
0.795837
0.63414
0.635306
0.634322
0.573717
0.57408
0.6095
0.577787
0.569889
0.632223
0.614009
0.544456
0.490155
0.447143
0.364894
0.350645
0.460184
0.345166
0.344466
0.345686
0.328802
0.349392
0.354175
0.365183
0.334889
0.354268
0.335709
0.357099
0.33747
0.339966
0.35215
0.371771
0.473982
0.493826
0.591126
0.478706
0.345029
0.435348
0.45144
0.450832
0.352847
0.450941
0.351692
0.440772
0.511834
0.466022
0.506178
0.414036
0.373497
0.478721
0.367022
0.37893
0.396601
0.37906
0.579425
0.408561
0.374165
0.366074
0.404736
0.403803
0.543433
0.500895
0.507383
0.483422
0.472351
0.600736
0.549351
0.370199
0.482177
0.534915
0.540926
0.522131
0.628907
0.536442
0.547354
0.699687
0.503512
0.512026
0.5569
0.71516
0.549546
0.567755
0.495656
0.495109
0.518784
0.499472
0.524032
0.491936
0.477027
0.491994
0.56192
0.579867
0.486671
0.491155
0.577206
0.54577
0.466695
0.480246
0.476595
0.359881
0.511252
0.602523
0.462164
0.480752
0.465455
0.491261
0.34256
0.337675
0.339607
0.365212
0.333935
0.337419
0.332793
0.34659
0.365296
0.346053
0.373117
0.346265
0.343789
0.342829
0.364996
0.364919
0.402918
0.415632
0.349528
0.33408
0.326023
0.343787
0.358203
0.41097
0.34025
0.350593
0.360757
0.388484
0.341656
0.389481
0.349802
0.391843
0.376769
0.351251
0.329687
0.345363
0.3272
0.34551
0.33343
0.332846
0.229591
0.393478
0.226691
0.237974
0.229745
0.229234
0.227476
0.229109
0.254003
0.231361
0.23258
0.246185
0.231455
0.373481
0.254377
0.230819
0.228166
0.339944
0.228384
0.231227
0.25664
0.319612
0.342328
0.229425
0.233794
0.316064
0.308067
0.263036
0.25763
0.221483
0.221411
0.308795
0.337568
0.239744
0.339789
0.305688
0.224401
0.220669
0.221176
0.344117
0.294117
0.30603
0.237166
0.225963
0.309297
0.310301
0.32801
0.228536
0.318572
0.309503
0.314761
0.358109
0.336912
0.23351
0.417951
0.347425
0.233463
0.339453
0.328748
0.237436
0.235398
0.344861
0.39908
0.320619
0.348173
0.328797
0.328201
0.363362
0.347355
0.333329
0.350383
0.349979
0.350588
0.329007
0.326495
0.332065
0.489666
0.403918
0.377538
0.353291
0.346203
0.449712
0.36366
0.359701
0.406778
0.336346
0.441392
0.41501
0.555667
0.362719
0.371669
0.357274
0.418247
0.362621
0.36269
0.369293
0.255476
0.368902
0.376112
0.411242
0.33706
0.347146
0.254168
0.302124
0.342161
0.251645
0.294327
0.355289
0.264067
0.242478
0.249152
0.380512
0.340691
0.351471
0.350883
0.408443
0.360886
0.438402
0.342958
0.348383
0.368448
0.402192
0.383009
0.381013
0.373045
0.39918
0.352403
0.435318
0.363254
0.381872
0.359546
0.385958
0.353067
0.354135
0.348045
0.346154
0.345301
0.34743
0.45722
0.345555
0.339254
0.342897
0.356893
0.380259
0.340237
0.337477
0.340967
0.389958
0.347127
0.338931
0.34021
0.36463
0.337271
0.334039
0.391865
0.372397
0.331608
0.34192
0.375203
0.330838
0.326659
0.417057
0.368691
0.391608
0.35251
0.329687
0.35284
0.381788
0.33665
0.368956
0.351381
0.33332
0.336044
0.45812
0.333749
0.365267
0.349406
0.356567
0.372248
0.348779
0.36637
0.350653
0.347833
0.439933
0.377096
0.481138
0.485872
0.516309
0.399927
0.41578
0.362381
0.476673
0.350301
0.40184
0.360367
0.332161
0.349337
0.332221
0.336649
0.33196
0.354257
0.361703
0.398644
0.40095
0.328911
0.351579
0.329017
0.365115
0.333125
0.333522
0.329568
0.332595
0.348771
0.334512
0.335794
0.332184
0.33735
0.33497
0.359138
0.365795
0.359605
0.369569
0.357043
0.349366
0.34383
0.359394
0.349059
0.342873
0.348343
0.364374
0.360915
0.387531
0.246498
0.274783
0.394414
0.368571
0.341092
0.356727
0.359819
0.369862
0.268233
0.333076
0.231507
0.329488
0.357106
0.382383
0.320811
0.337343
0.235125
0.232677
0.249014
0.239434
0.275531
0.265601
0.349617
0.321513
0.328393
0.465107
0.33095
0.242259
0.341258
0.331712
0.351316
0.339608
0.24313
0.335352
0.366801
0.406646
0.409058
0.282946
0.387082
0.355088
0.366845
0.361703
0.371215
0.343581
0.513088
0.369495
0.385162
0.363924
0.363927
0.362615
0.384066
0.396881
0.396324
0.34741
0.354176
0.341306
0.351688
0.28136
0.253411
0.254997
0.321519
0.262139
0.247547
0.257608
0.273341
0.257878
0.258186
0.283135
0.255671
0.304561
0.269195
0.260832
0.254498
0.3823
0.284857
0.257284
0.332264
0.297254
0.247432
0.343529
0.340261
0.357444
0.364312
0.275676
0.385409
0.342562
0.360578
0.389212
0.244809
0.245675
0.259461
0.249128
0.27492
0.254655
0.250899
0.24882
0.466583
0.251361
0.254083
0.246788
0.246385
0.249322
0.253109
0.378391
0.36904
0.386504
0.363633
0.360045
0.367654
0.364015
0.411428
0.346815
0.361026
0.337524
0.371389
0.388034
0.346004
0.326958
0.345223
0.340646
0.371267
0.364554
0.421356
0.34099
0.343823
0.338287
0.342354
0.454395
0.465296
0.420482
0.443906
0.37816
0.389189
0.341623
0.358863
0.388056
0.352688
0.401149
0.362348
0.517191
0.555951
0.475007
0.504572
0.551944
0.559475
0.643686
0.654031
0.615368
0.601707
0.604426
0.695635
0.609039
0.58427
0.576366
0.57059
0.67448
0.683686
0.382131
0.358723
0.294065
0.356674
0.400458
0.358021
0.375091
0.397897
0.287921
0.391326
0.435537
0.355421
0.246857
0.303647
