0
15.812935
11.576114
10.518066
9.751894
10.027408
10.000196
16.489658
12.081274
15.872869
10.567164
20.077488
12.451939
10.846916
12.650586
9.383038
11.630874
9.851224
9.942048
10.519163
9.48402
12.779126
14.281405
17.450999
12.230293
7.500096
5.89002
7.958505
11.287194
7.861357
15.853332
6.294869
7.771749
11.77718
6.506688
6.906051
6.932079
16.530284
4.996667
6.280259
8.516385
11.972621
11.898036
13.037675
13.232395
10.232729
10.459882
12.441685
7.725363
13.892555
6.609473
9.092265
8.514322
7.522023
7.660831
7.006119
10.034398
11.973319
8.361057
6.594548
5.551763
7.737892
4.905392
9.672762
12.041369
11.326012
10.487393
11.746552
8.573846
10.276553
6.914761
10.287946
12.567671
10.384593
12.253066
8.560757
10.87412
8.073818
7.902131
10.563305
15.946919
8.772579
9.28148
6.75129
5.554586
10.709227
5.038749
7.602306
9.18991
13.05458
9.622864
11.445317
9.257176
5.354838
10.722458
5.493597
11.288277
8.981201
7.867904
9.036911
9.356995
8.418995
9.555803
6.372866
4.595495
4.791959
5.218367
5.339177
6.152543
7.658719
12.531765
9.999027
6.828924
7.85602
5.10335
5.39873
5.787469
6.690622
8.576276
12.287403
10.664673
6.68233
10.403018
15.235708
7.793359
5.564137
6.642518
8.484266
2.569252
6.369412
7.425128
3.497779
8.67027
5.786064
5.834822
4.951164
5.784989
4.780958
5.308112
4.705061
8.173319
8.211365
5.370693
1.689445
2.481308
2.427024
2.483853
1.31642
1.964585
3.488666
2.384478
1.205254
1.126362
1.538758
1.97193
19.304741
10.857377
43.031764
20.860587
11.516027
51.475818
53.300304
9.225563
5.941812
9.449988
6.721964
6.431221
10.390741
14.354107
19.842098
16.503447
9.803625
16.941889
27.214697
51.49645
52.411879
53.527622
16.970916
51.633917
31.914979
53.084929
15.972207
50.424039
52.067641
51.810482
50.992695
54.333333
50.433368
51.135576
7.231325
6.590858
6.332274
5.238263
14.058357
9.303459
12.975185
6.988158
14.453544
6.606459
15.324012
6.052205
