0
11.938599
9.078388
29.39573
11.540217
22.747336
18.294755
28.932123
8.478129
19.562912
13.804087
38.582537
11.060974
9.486863
9.401373
8.985053
22.337932
13.820702
35.450672
10.20581
10.719362
26.673913
34.003703
29.798599
28.101569
14.805603
27.6001
24.141789
30.477062
8.692966
7.798894
24.167808
25.57687
19.122539
10.204112
22.433701
18.370957
12.579455
10.386331
11.226103
5.683289
8.759258
9.231278
7.909948
8.905314
11.67489
8.332008
8.790558
10.807078
7.384676
10.477649
10.31133
8.461057
7.222913
10.408813
7.473774
9.160173
9.046374
8.787239
9.290059
10.84116
9.050847
7.902258
11.222747
12.87091
10.16316
12.393609
16.163003
12.442813
8.301015
8.610588
11.413441
14.762917
12.204397
9.27546
11.221801
12.227314
8.335364
8.281584
8.812686
9.897197
9.033825
6.774218
7.336319
6.725525
6.321692
14.82998
10.232458
7.187591
16.053759
15.100424
9.83834
9.865113
14.785467
16.060605
16.572781
13.439913
9.17926
8.936629
13.841606
13.403457
19.500202
16.071405
14.034238
21.903605
11.012865
9.374731
13.579576
15.071523
13.807879
15.061416
10.320677
9.515342
18.867421
13.104029
16.062195
18.234776
12.878536
14.62796
16.423654
11.647488
12.679886
11.369738
19.49923
15.885748
18.379021
13.849358
15.622984
18.364206
10.108209
12.610323
6.37991
13.0237
11.890332
7.400947
8.861157
11.019461
14.418143
40.752067
31.708453
12.173683
15.834927
16.722264
7.151424
18.47633
8.07167
3.664706
4.098083
2.760843
5.194059
1.3606
2.458612
2.432821
0.812777
1.342093
1.411859
3.478491
2.205605
3.48518
2.654523
5.099665
12.875244
11.694184
13.85145
13.160549
11.72958
13.777217
12.886819
16.050211
11.618307
12.000942
21.414078
12.804903
13.145373
14.67207
8.183266
10.125412
12.859397
7.846038
14.902887
7.413229
11.801062
12.605381
13.623123
17.162669
13.492122
12.235911
8.232393
11.248034
10.459061
11.057461
9.871164
13.132202
15.923664
23.175805
10.560148
11.226109
13.493736
11.190036
8.509502
12.620101
8.970307
15.143098
13.142268
11.535104
14.836848
13.601219
9.013272
12.388136
10.864131
12.680717
13.186747
15.529227
12.928574
12.525779
10.593158
13.381948
12.883508
9.497248
11.144751
9.584428
7.482261
7.871481
7.554139
8.938832
8.294575
5.103148
8.092722
6.757746
10.06601
6.587769
8.412424
11.985823
7.445791
12.340966
6.811127
10.715933
5.812786
4.943825
5.12063
5.368527
11.146695
9.010475
5.890892
6.509645
6.529221
6.621002
9.1403
7.752884
9.962883
11.170886
9.221862
7.789921
8.183913
5.566081
11.689899
8.355041
14.519053
9.45423
8.955382
10.860772
9.707586
4.914551
4.979209
8.859283
8.95315
9.111779
8.532429
6.389541
13.725121
12.193379
7.441593
8.437926
11.742383
7.274375
8.935816
9.051524
8.477486
12.050485
8.564984
13.618347
10.347211
12.8933
9.990615
9.052829
6.861437
9.373799
6.026249
9.843876
12.446414
9.574759
5.989294
9.877075
6.581464
13.084765
13.265121
14.131723
11.915806
10.966887
9.700032
7.614016
7.488273
8.464713
8.691376
11.91323
10.680138
12.514862
10.777776
5.167404
9.754658
10.443257
7.66883
6.518756
8.831755
8.512834
12.038823
8.14308
11.861175
11.303166
6.787708
11.40041
8.010284
9.390262
10.719861
7.404254
7.451932
12.032474
8.96298
6.937248
6.244209
5.755332
10.795753
7.736074
13.992676
10.784117
9.623966
11.146735
15.170813
8.8
9.864455
11.679745
11.800989
11.524101
10.118514
12.427761
7.059494
6.360568
11.994622
6.791153
14.014995
9.307491
12.934243
12.495969
11.368821
15.014253
9.465935
12.177627
16.499401
8.494762
11.946896
12.281573
10.781672
9.642869
8.905727
9.2509
15.346714
9.529498
13.847538
11.356494
10.682404
13.55193
12.659737
10.43933
8.94105
7.790331
7.254098
15.318135
11.717357
10.997897
8.942204
15.40784
15.492785
11.881343
11.306164
11.626082
13.655249
10.447516
12.061152
11.2181
10.877397
12.135487
14.048629
13.802017
14.752666
11.669609
13.12043
10.859861
13.952536
11.447287
15.179027
11.383989
10.799902
13.854003
15.889896
6.278189
12.732375
9.734237
11.559851
15.528123
11.06898
11.912646
11.643805
10.851231
13.223854
13.46937
17.158875
12.419233
12.337264
19.047826
7.878452
14.159286
14.479341
10.486319
8.458236
10.010959
11.900863
12.830107
13.190441
9.457233
14.147955
15.191443
12.136148
8.953196
11.305155
2.920118
8.986066
11.699125
14.644482
19.430472
6.192802
4.181819
9.698276
7.106651
4.842851
3.132207
6.621012
13.586378
11.0132
11.313385
11.323131
12.630231
18.515359
13.210559
11.531148
13.417411
9.097461
12.526143
13.183956
13.437931
8.348204
12.329792
3.789938
6.365956
10.017452
14.500905
13.109451
16.825449
9.021476
13.6136
13.304148
9.697842
9.058114
9.973652
10.547313
10.161143
12.991854
15.756052
16.697203
12.799156
12.02969
12.478374
15.962198
8.585772
13.748418
13.417041
12.493192
13.014691
13.921505
11.75041
18.901893
11.754274
16.325134
8.616821
13.210881
11.870129
12.940444
15.061963
13.590827
14.625529
15.876075
9.609672
12.81145
12.478049
8.418343
12.788297
6.772144
11.77237
9.628359
10.338267
11.593389
13.181152
11.598114
15.043141
13.141167
8.827329
11.292341
9.06044
11.107052
12.223222
9.786332
9.900656
12.963655
11.618151
10.159042
9.813096
13.670485
12.850427
14.206644
9.875432
12.34718
8.133205
8.564285
8.229162
7.996793
11.600882
13.220325
13.499231
14.244484
13.372045
10.392902
14.354475
12.716346
11.547804
6.843481
10.902474
15.592182
16.01288
16.238007
15.683415
9.78785
14.734973
10.522874
13.033583
13.592268
10.965664
13.555388
13.469167
10.863404
11.716944
8.639578
17.3037
8.522815
11.62618
14.607338
9.817377
15.799667
17.068609
17.816171
16.037361
11.438811
9.972444
8.624274
13.721358
15.662486
12.142001
10.165318
8.67004
6.13652
13.489195
11.457836
9.662075
7.025675
13.593379
5.740962
10.122082
12.891291
18.485771
21.858076
14.561043
12.720825
9.19114
15.208292
10.5368
10.198382
13.547362
9.724387
8.711654
9.733118
10.722855
12.296339
15.862125
11.195197
13.781976
10.196749
11.298873
11.675847
8.824077
12.958188
12.625721
12.345563
10.920268
15.798727
14.444025
16.080988
15.513176
12.044489
15.417399
10.630604
5.732308
9.103037
7.576289
12.11524
13.267034
11.154887
10.562761
11.807988
11.79773
12.641121
13.987624
14.565422
12.079046
12.811175
10.936509
8.227491
6.082893
12.507727
11.197775
14.754273
14.345324
15.3284
10.837666
11.70297
10.928056
14.446123
12.897946
11.512427
12.889778
9.378763
13.528205
13.503952
15.39228
7.697219
17.878323
15.110414
13.580707
11.275095
8.566766
10.05307
18.412915
5.809898
7.481212
13.462603
11.558831
14.237354
10.401729
15.572055
13.395222
10.95735
9.33677
11.155288
11.282801
9.032557
10.295596
12.755795
11.317506
12.159915
13.697923
10.938295
8.699897
7.844517
14.148442
11.147376
16.659999
13.368908
10.815277
13.142846
7.827487
13.652694
9.491635
14.180927
18.252204
15.461197
16.953758
12.647158
11.470118
11.152777
12.412293
8.142082
12.347536
7.457927
12.118593
10.703694
10.886526
10.861535
10.110627
10.493403
12.85441
12.233492
13.0788
14.044157
10.714116
8.689146
8.1892
8.465783
10.699153
6.903924
12.976249
9.131037
13.49143
5.524828
6.330325
10.707876
10.977455
7.716994
6.745646
7.040183
6.086317
6.604065
11.10933
7.721417
13.978497
11.222162
11.701942
11.790952
6.427996
8.553902
6.538304
12.381377
6.889342
6.568426
7.792124
8.06515
12.681503
6.820502
9.737301
7.194109
8.11553
9.599946
9.565145
13.460379
10.467202
11.396228
12.220868
13.35144
11.613846
11.129468
10.797703
7.431763
10.857064
8.099251
10.776345
14.584057
8.118174
11.015176
12.30258
8.500393
9.418855
12.684442
10.05109
11.208
12.604809
6.3887
7.868508
5.804839
9.762038
12.397612
7.656212
12.391142
8.589237
8.628875
9.634254
8.148081
12.347011
13.867714
11.062012
12.215743
14.004973
9.959116
11.297176
11.567173
13.906439
10.28199
10.961997
9.192669
16.377733
8.415882
13.759505
13.816858
12.633026
13.1966
14.059482
14.250417
11.374683
10.826729
10.805792
9.841032
14.377881
12.658706
11.959223
14.469974
18.498845
12.899823
15.047041
12.410829
9.309338
11.25664
13.367351
10.714639
15.11507
9.571708
13.938443
11.133587
11.923585
7.553176
9.302833
11.679609
12.860061
14.676162
13.334654
13.582813
10.916096
11.535032
14.343085
15.101311
14.504752
13.015194
18.76021
12.006671
9.52979
11.211408
10.882667
12.28061
14.801115
13.310435
16.623102
12.563578
13.732259
13.650172
11.304764
11.732305
13.562443
7.367864
10.178628
9.18858
7.760953
18.314353
9.340875
10.102093
14.590716
12.449415
10.972474
11.703282
16.452756
7.957578
17.91036
11.88057
5.879498
2.405145
2.347563
1.831298
1.402957
1.270562
1.280963
1.94995
1.316699
0.961782
2.711673
4.335701
4.981309
10.370278
3.633229
11.685431
11.863798
14.591786
15.908982
10.983259
16.674985
13.171918
12.662567
13.313029
9.110302
11.248776
11.407224
12.470397
10.039314
15.45212
9.507657
12.072706
15.862613
12.763762
12.048525
11.738623
11.963125
11.815218
13.001947
8.915632
10.634989
14.379897
12.275776
19.66226
16.319033
9.420697
16.273233
9.497078
7.473747
13.584828
11.747076
10.430282
13.819123
12.022726
11.54417
14.79862
12.456154
12.948963
14.155277
11.088197
16.48602
12.215665
15.977036
13.867711
11.682076
13.578631
13.258076
11.064953
7.566639
14.871636
15.50435
9.471651
14.438339
11.800206
13.409518
18.310926
9.418875
13.921204
13.754356
16.526874
9.713802
5.469188
15.902563
10.720462
16.858675
10.58962
13.254286
12.262447
13.84108
6.38236
9.843921
11.496158
10.747838
13.378879
9.185464
9.867581
8.132347
13.472622
11.093558
6.723116
7.238726
8.962044
9.297798
6.341634
5.761974
13.167927
7.373857
6.445317
6.704024
7.746488
6.294761
11.565649
4.885801
6.122383
11.103168
13.850779
5.919351
9.733878
10.057151
15.948836
11.625989
7.763165
8.454911
9.30092
13.474314
5.256618
14.349558
10.971761
11.270254
11.201977
9.109305
14.024926
13.627419
16.952282
14.538852
11.043655
15.787252
10.65986
16.904437
11.52291
11.093632
12.872565
9.267585
14.020654
14.4252
8.72512
11.336639
11.704758
4.7912
5.598992
8.583342
6.563778
10.309904
10.53823
8.246112
10.431982
9.34679
11.148665
18.326511
11.314433
16.465485
8.482551
6.280748
9.76729
11.118254
12.598904
8.382653
13.076576
9.388767
15.014916
16.941898
9.701991
10.621515
13.949117
10.317361
12.291687
10.08386
12.224409
10.376459
12.239742
13.835459
9.459751
12.006833
9.96154
7.468192
4.929347
10.928166
10.518437
18.516552
13.008453
14.809503
9.593847
10.052584
12.680616
15.026001
12.589267
13.317555
12.087235
11.39487
15.316969
12.062277
10.546606
10.64139
13.830684
11.319545
8.412055
10.390361
11.348121
11.168683
15.381678
11.244099
12.184254
12.062832
7.732595
12.624769
12.769154
10.06645
17.694902
14.696373
14.798766
12.596832
10.94848
14.143377
10.331318
10.261686
16.111161
8.753675
9.232428
10.569403
13.802356
13.432579
7.899823
12.625996
11.904039
5.873921
10.775333
9.598049
12.018713
17.50347
11.414413
14.464254
13.936766
12.935384
15.494342
13.769912
14.551079
15.088149
9.397957
13.577456
14.338465
14.498907
10.775633
13.770666
10.200396
10.720215
11.477639
11.448963
7.615381
13.112425
10.122158
16.335162
17.51019
12.851378
13.686228
11.350625
15.573633
11.403843
10.851229
13.356732
8.29926
19.601229
15.329937
8.750248
8.37418
10.302459
12.050075
11.371205
17.045701
19.558509
8.944608
20.144344
12.55784
15.735539
7.747926
12.190192
11.640081
11.857813
13.316132
13.007254
15.449722
11.339037
14.917917
9.293933
9.49927
12.912736
13.271179
12.788711
12.959513
11.037582
13.832824
11.805274
8.997836
11.11093
16.117732
12.409681
13.759911
11.585352
11.974863
13.671945
18.771779
17.102252
12.709874
5.976769
16.321226
14.851192
19.793063
22.022032
11.264054
14.741541
11.592874
9.987357
14.139575
11.59681
11.866298
15.561998
9.638739
16.699077
15.243461
9.582201
14.366143
11.812809
17.492019
11.224556
17.406527
10.719704
9.446501
7.423897
13.593273
10.388898
15.234163
12.743836
8.420223
11.95398
14.875613
9.503265
16.281855
11.221048
9.966248
9.976967
9.853346
11.880266
12.259177
10.20095
13.405745
11.928129
12.735502
11.443139
12.422053
11.169472
10.199706
18.29358
9.095303
7.125781
19.053163
9.798139
11.977012
11.263084
13.649342
15.819855
11.003426
18.640432
9.964233
13.904705
10.927267
14.546139
12.676179
12.065661
14.118076
12.232759
8.571038
10.843808
8.712297
11.695329
10.565365
11.596079
9.045297
14.190718
13.416624
15.347728
11.779199
9.989073
16.693756
11.343296
12.849824
17.480409
11.083543
13.471797
12.441304
11.227159
13.330085
15.655799
11.172945
16.935362
17.582228
12.854827
11.554265
13.196214
10.678897
15.640168
12.342859
17.293098
11.485248
14.204491
17.150991
13.143634
11.071246
9.386445
15.14974
12.223657
9.336162
16.709333
12.039435
16.844098
15.696192
15.053445
13.534613
19.141584
12.056444
10.744933
11.01533
11.929446
11.790321
13.246825
13.419991
15.570419
17.116065
17.964392
15.507209
12.51059
13.967439
11.796364
14.126351
16.151193
15.554725
12.84351
10.443779
13.719807
13.210585
9.971723
6.563686
11.241976
9.375972
16.145565
15.664308
14.61025
12.683572
13.546063
9.690634
17.495133
11.897728
11.87602
13.55945
14.48669
12.601477
12.865159
13.50157
12.843471
16.721796
12.524141
12.139425
11.830923
15.216174
13.932957
8.554186
13.975457
14.172797
11.751369
14.197428
13.032443
15.035442
7.989083
13.175663
7.974215
16.461908
15.760508
14.309548
12.77682
13.416091
8.560508
10.831572
13.948696
11.413873
12.947519
9.598264
15.479189
12.667923
10.98272
11.789101
12.681613
14.010849
14.096169
9.936058
7.461355
12.841248
10.623109
11.58312
16.475341
13.58309
14.917618
13.440411
15.223848
14.423734
12.847659
14.859903
15.481943
9.920604
11.080279
12.630563
14.558572
11.282247
12.353062
16.422175
13.143295
12.19556
13.649681
12.667497
13.537815
14.301296
14.034512
15.004242
13.194326
10.799758
14.915935
12.688409
10.625783
9.78642
9.293743
14.630648
8.047764
7.645615
6.884078
10.965045
6.496498
10.696361
8.769524
13.331405
9.421103
7.682685
12.528234
17.538808
12.645339
11.581068
11.517783
14.995141
9.476084
11.235323
9.879086
12.385671
14.209377
9.755651
13.508844
11.295863
9.301428
13.532136
7.811536
6.120988
10.792816
11.933094
7.464376
7.961444
6.677095
7.365844
5.703415
6.780642
7.902249
9.06994
