0
9.163614
0.880592
1.511943
1.659398
1.15966
0.994684
2.884981
3.928135
3.910327
3.554673
3.477738
4.727075
4.096304
4.467083
5.500301
4.712308
4.741897
4.058951
6.452975
4.947482
9.328381
7.862015
4.536823
5.618763
4.572116
4.461523
3.923899
8.976412
4.429148
5.166577
3.46403
6.150408
5.890752
4.137241
6.438767
6.455521
4.567401
4.37619
2.630173
2.404271
4.679339
5.711883
5.294311
4.645411
4.827279
2.516959
2.983993
3.08244
2.312597
2.963866
2.448905
0.675688
0.746117
0.721798
0.677464
0.690583
0.673536
0.675099
0.71187
0.757128
0.693026
0.668607
1.059944
0.878004
0.690121
0.796992
0.736196
0.734574
0.807534
0.633152
0.826117
0.631916
0.758374
0.695181
0.734458
0.681071
0.646879
0.636301
0.710378
0.662318
0.702796
0.52229
0.518971
0.525264
0.526489
0.516139
0.585442
0.638554
0.697776
0.551737
0.718563
0.984406
0.490875
0.489229
0.511298
0.557592
0.494226
0.494316
0.537827
0.541895
0.488729
0.542644
0.497622
0.576057
0.516122
0.482068
0.548453
0.509556
0.524157
0.471662
0.551316
0.807815
0.522835
0.517286
0.561993
0.493686
0.527661
0.537276
0.523958
0.525891
0.632877
0.682045
0.64921
0.745832
0.633437
0.704611
0.697257
0.886317
0.655164
0.669846
0.665795
0.699061
0.851073
0.655284
0.657035
0.859281
0.752366
0.67662
0.796413
0.804863
0.686389
0.746495
0.802843
0.919805
0.683275
0.73439
0.713621
0.795292
0.667219
0.736163
0.706579
0.696785
0.557063
0.573888
0.537096
0.658558
0.521383
0.729011
0.529375
0.710933
0.691808
0.653988
0.673863
1.232545
0.66633
0.723219
0.700567
0.670098
0.730073
0.946842
0.796251
1.064676
0.814042
0.894373
0.789233
0.698024
0.69164
0.71287
0.641976
0.659255
0.637664
0.647385
0.640133
0.653978
0.629074
0.631867
0.627821
0.655709
0.649344
0.675867
0.675565
0.623362
0.622579
0.685068
0.792391
0.662542
0.622369
0.773403
0.637236
0.665386
0.674749
0.626529
0.624063
0.690992
0.679359
0.669133
0.664051
0.638961
0.781571
0.722742
0.664822
0.869631
0.755343
0.791218
1.092146
0.817972
0.818959
0.894067
0.82196
0.86782
0.82405
0.866741
0.871114
0.863719
0.818241
0.937596
1.001335
0.921538
0.886578
0.916346
0.867482
0.923721
0.833365
1.068591
0.72777
0.976775
0.828468
0.796097
0.610498
0.545527
1.654131
0.630137
0.535179
0.368643
0.541084
0.614159
0.35733
0.370006
0.515889
0.358775
0.576409
0.352253
0.539134
0.354478
0.653688
0.360793
0.577363
0.552197
0.551011
0.654818
0.556812
0.57901
0.630195
0.58909
0.546083
0.590048
0.522842
0.616558
0.530619
0.656983
0.541641
0.543072
0.607444
0.605028
0.562379
0.673347
0.532771
0.591858
0.543427
0.559957
0.678597
0.626541
0.536374
0.810276
0.582496
0.540829
0.536853
0.707843
0.564798
0.549196
0.76442
0.634569
0.553322
0.374142
0.561597
0.548139
0.604546
0.91472
0.526526
0.786696
0.537384
0.540798
0.570989
0.541678
0.529451
0.536446
0.643488
0.534596
0.570326
0.542335
0.495979
0.511792
0.634474
0.354366
0.527415
0.497077
0.531682
0.658501
0.659727
0.528105
0.533431
0.540423
0.587755
0.533403
0.530816
0.58144
0.549315
0.532654
0.501671
0.64873
0.715473
0.551582
0.601708
0.535856
0.52674
0.899406
0.536929
0.629359
0.546943
0.571757
0.64936
0.58514
0.592097
0.711639
0.533194
0.585086
0.572226
0.560252
0.545287
0.603049
0.541979
0.846077
0.519917
0.58345
0.523608
0.550634
0.544169
0.666274
0.70385
0.515379
0.560541
0.671007
0.51742
0.611291
0.548569
0.565522
0.539923
0.597409
0.583612
0.565078
0.518052
0.714662
0.652738
0.582588
0.537701
0.613948
0.592842
0.628009
0.547667
0.555789
0.520146
0.488726
0.490909
0.496647
0.493103
0.533627
0.530485
0.501247
0.519733
0.505384
0.553288
0.576388
0.490065
0.499097
0.490428
0.587117
0.59939
0.520718
0.494334
0.495479
0.496012
0.505564
0.546615
0.925727
0.485716
0.528937
0.494681
0.596897
0.731354
0.584913
0.555375
0.489592
0.627863
0.509669
0.658768
0.553708
0.490205
0.733942
0.774629
0.6868
0.699538
0.767669
0.715496
0.717535
0.673494
0.679124
0.679361
1.00598
0.76283
0.953184
0.551822
0.579611
0.810172
0.66849
0.648958
0.535717
0.543949
0.711225
0.781269
0.637157
0.596212
0.360013
0.557077
0.511191
0.556011
0.374946
0.663485
0.382512
0.431916
0.427388
0.369233
0.490146
0.543946
0.519458
0.361444
0.593753
0.585965
0.719034
0.572601
0.540206
0.936776
0.634383
0.534261
0.747031
0.587154
0.684859
0.800196
0.660317
0.529547
0.792589
0.551866
0.549361
0.653884
0.517057
0.627538
0.555987
0.596057
0.504193
0.536877
0.530612
0.53829
0.616083
0.519903
0.567146
0.536052
0.53911
0.644923
0.529726
1.246993
0.598378
0.542135
0.496036
0.586081
0.496691
0.566516
0.492314
0.582556
0.500566
0.859015
0.499531
0.563929
0.510633
0.610901
0.489139
0.498349
0.575188
0.518381
0.487436
0.604189
0.49756
1.139745
0.965426
0.529954
0.484012
0.838109
0.496033
0.485234
0.509138
0.524734
0.485542
0.494888
0.534376
0.527773
0.489972
0.53955
0.96468
0.812673
0.732005
0.740388
0.690352
0.742292
0.753843
1.037297
0.525504
0.557002
0.553595
0.585074
0.576108
0.551256
0.569934
0.966241
0.797088
0.538256
0.898044
0.518126
0.687448
0.568238
0.547786
0.492007
0.577811
0.498135
0.49809
0.525845
0.623084
0.481962
0.518899
0.525527
0.50187
0.51744
0.519379
0.485746
0.50545
0.585054
0.504491
0.742719
0.542204
0.559177
0.493628
0.540786
0.516024
0.344729
0.507727
0.504328
0.5392
0.704952
0.550407
0.541292
0.710265
0.508258
0.566049
0.364975
0.528719
0.55807
0.547519
0.581099
0.447003
0.515248
0.508213
0.399749
0.494298
0.514351
0.528879
0.484641
0.560606
0.49026
0.384812
0.416664
0.50162
0.521249
0.521697
0.487938
0.973521
0.539092
0.498501
0.496249
0.530668
0.489604
0.521884
0.572951
0.581145
0.521136
0.528503
0.521573
0.56362
0.524482
0.388386
0.38289
0.36397
0.420149
0.361485
0.361874
0.559046
0.392747
0.441073
0.361176
0.565109
0.386565
0.501031
0.361031
0.368347
0.428196
0.438244
0.503551
0.393286
0.366522
0.373088
0.378262
0.66875
0.378311
0.457578
0.368428
0.533306
0.388304
0.382255
0.352806
0.361935
0.368941
0.414433
0.38505
0.53982
0.587291
0.589304
0.362719
0.568831
0.362729
0.377299
0.522165
0.358033
0.363141
0.565108
0.569198
0.543199
0.518129
0.392364
0.557023
0.698463
0.362161
0.54639
0.567983
0.609098
0.535417
0.427728
0.495741
0.714197
0.511831
0.506989
0.515599
0.580193
0.548912
0.602472
0.518966
0.592465
0.527354
0.546144
0.55952
0.564852
0.761001
0.528947
0.537169
0.562452
0.560005
0.531239
0.570878
0.54235
0.573524
0.618333
0.572064
0.555225
0.542665
0.580896
0.589988
0.538567
0.85871
0.523083
0.571312
0.587489
0.521846
0.695479
0.704515
0.565451
0.545337
0.561814
0.510133
0.563526
0.682451
0.545249
0.697497
0.726224
0.799522
0.665648
0.803727
0.785359
0.898044
1.067556
0.955393
1.070677
1.13283
1.017122
0.9829
1.275933
1.098809
1.216074
0.992366
1.088168
1.245861
0.988806
1.018161
1.605147
1.016419
1.05038
0.832046
0.91388
1.020474
0.779026
0.833423
0.941152
0.563949
0.595194
0.80608
0.57538
0.791523
0.366521
0.637501
0.585148
0.359347
1.364506
0.461166
0.384488
0.547385
0.380732
0.53732
0.513533
0.734782
0.607347
0.598804
0.373789
0.60617
0.533298
0.578277
0.568149
0.537907
0.398488
0.558844
0.564043
0.575971
0.554288
0.533711
0.859179
0.591339
0.569953
0.566142
0.586813
0.799238
0.55463
0.602806
0.896279
0.561276
0.838525
0.593641
0.599715
0.570922
0.514347
0.573317
0.557678
0.678159
0.551171
0.55248
0.570444
0.676505
0.552293
0.56829
0.544233
0.566047
0.606404
0.52577
0.561514
0.542671
0.544029
0.668231
0.543958
0.520727
0.552118
0.530563
0.55878
0.519913
0.526513
0.620122
0.533939
0.53105
0.505398
0.501884
0.507612
0.52798
0.52072
0.504193
0.48834
0.604537
0.499002
0.492547
0.572459
0.374698
0.337301
0.731384
0.389214
0.339071
0.344773
0.444082
0.453055
0.343686
0.38513
0.592657
0.344555
0.344845
0.36423
0.550139
0.585038
0.521062
0.398725
0.586475
0.505851
0.586898
0.623162
0.462055
0.463307
0.60915
0.502924
0.52683
0.58156
0.533808
0.501689
0.614559
0.618407
0.506825
0.530712
0.605487
0.549603
0.507884
0.767226
0.723447
0.513616
1.01317
0.650942
0.64999
0.96871
0.634368
0.723461
0.815725
0.664388
0.671033
0.745775
0.841278
0.734041
1.385309
1.306186
0.81848
0.777562
1.044884
0.711252
0.84561
0.736579
0.802986
0.858669
0.740067
0.746334
1.236296
0.833229
0.727882
0.73824
1.091998
0.715363
0.790089
0.80724
0.693343
0.816959
0.712219
0.789253
0.724617
0.751203
1.062201
0.727958
0.709003
1.197757
0.91352
0.867724
0.756823
0.694183
0.872539
0.857785
1.639663
0.82258
0.866644
0.820244
0.783858
0.873732
0.761422
0.714792
0.791807
0.718138
1.064501
0.823219
0.830751
0.769165
0.960554
0.700684
0.522427
0.586155
0.564322
0.607802
0.521728
0.609354
0.594169
0.51719
0.541077
0.570525
0.521084
0.552535
0.535901
0.510829
0.64402
0.688385
0.560259
0.624317
0.547258
0.606683
0.522295
0.728902
0.575708
0.733948
0.53567
0.516177
0.550681
0.514415
0.54253
0.722644
0.711172
0.780047
0.916456
0.728583
0.996097
0.665547
0.949852
0.745749
0.840171
1.076977
1.029143
1.068545
1.003938
1.610699
1.485629
1.106911
1.606915
1.056703
1.111991
1.130178
1.239781
1.058046
0.99176
1.081514
1.160959
1.013119
0.977793
0.881002
1.004983
1.037819
1.008096
1.28404
0.755327
0.795134
0.771566
0.892725
0.80298
0.847577
0.811982
0.903851
0.754237
0.8698
0.801964
0.629832
0.832486
0.576949
0.760139
0.904653
0.872577
0.832815
0.636899
0.912081
1.094791
0.755502
0.798282
0.746406
0.749814
0.87019
0.781605
0.815225
0.749801
0.758712
0.79565
0.846435
0.925443
0.782862
0.926305
1.068073
0.776965
0.811266
0.884632
0.876083
0.916262
0.867246
1.228606
0.812167
0.81984
0.749941
1.380438
0.768984
0.830632
0.910439
0.883066
0.744626
0.784135
0.870081
0.721774
0.787637
0.7144
0.768291
0.581105
0.571204
0.57906
0.572845
0.554483
0.529746
0.528525
0.600944
0.551317
0.67546
0.61076
0.560142
0.607163
0.528406
0.571274
0.535687
0.611541
0.579138
0.532598
0.534554
0.527769
0.630608
0.898616
0.570271
0.600518
0.600559
1.343344
1.248517
0.737152
0.752786
0.772898
1.09009
0.525159
0.597453
0.700334
0.647792
0.543667
0.792879
0.870038
0.810486
0.56654
0.706682
0.811467
0.766024
1.211703
0.807885
0.616045
1.099048
0.777912
0.629562
0.800212
0.799468
0.820923
0.782863
0.596514
0.52818
0.537646
0.534832
0.529408
0.505456
0.482187
0.378973
0.513923
0.527456
0.45012
0.476536
0.482663
0.901452
0.340319
0.332233
0.510165
0.848512
0.342875
0.509662
0.501073
0.42764
0.338249
0.424681
0.605261
0.562452
0.469943
0.38436
0.460277
0.525481
0.347929
0.520059
0.481377
0.370907
0.552144
0.35733
0.479061
0.542919
0.536853
0.497688
0.49499
0.501827
0.533588
0.503566
0.533675
0.491525
0.518916
0.575007
0.571167
0.543623
0.579033
0.544606
0.565289
0.547356
0.505888
0.610113
0.541676
0.585967
0.622619
0.501326
0.601796
0.50933
0.576213
0.871474
0.500804
0.555725
0.519218
0.625428
0.591745
0.517377
0.528434
0.520226
0.542547
0.881666
0.576562
0.542513
0.382264
0.547805
0.509323
0.549487
0.370489
0.560529
0.376308
0.652995
0.540022
0.615542
0.375708
0.378112
0.57364
0.410498
0.365615
0.368889
0.391482
0.487158
0.36942
0.416617
0.553644
0.378873
0.521735
0.379836
0.499994
0.593596
0.528676
0.5391
0.562497
0.734422
0.572119
0.915052
0.507403
0.552122
0.568016
0.558862
0.535877
0.548266
0.503594
0.682355
0.508549
0.56786
0.506077
0.548802
0.495515
0.53302
0.573803
0.559208
0.488286
0.530341
0.529088
0.581164
0.520977
0.566871
0.528707
0.56531
0.543291
0.535286
0.546664
0.52077
0.504015
0.556953
0.508919
0.543894
0.513735
0.560641
0.523171
0.519428
0.529067
0.51747
0.623212
0.587047
0.508159
0.51925
0.532956
0.559354
0.531768
0.513452
0.533726
0.581504
0.506597
0.568285
0.579513
0.70595
0.550159
0.541987
0.685375
0.561362
0.549984
0.550504
0.508417
0.512568
0.562086
0.586636
0.52909
0.601828
0.592078
0.55979
0.543114
0.527709
0.344679
0.594603
0.372954
0.542638
0.500368
0.514474
0.578264
0.570636
0.514461
0.594696
0.500516
0.546933
0.499827
0.826401
0.503181
0.609214
0.52
0.498488
0.541691
0.53507
0.558832
0.508387
0.588667
0.549675
0.540778
0.555819
0.508476
0.573382
0.501529
0.60137
0.506844
0.582406
0.508672
0.510884
0.621422
0.567218
0.558742
0.649987
0.520587
0.552831
0.590568
0.52449
0.5491
0.384647
0.581266
0.549055
0.384829
0.509055
0.521723
0.540792
0.531158
0.576967
0.515986
0.380382
0.388514
0.359601
0.503421
0.558616
0.518346
0.516029
0.502418
0.523841
0.505963
0.355644
0.548066
0.500484
0.429656
0.513324
0.982657
0.569252
0.544792
0.499365
0.506699
0.558885
0.530499
0.555434
0.50305
0.547383
0.537097
0.508133
0.536703
0.36905
0.646141
0.594873
0.55873
0.534828
0.39448
0.448998
0.372265
0.374036
0.658634
0.590513
0.36913
0.363037
0.393851
0.560758
0.392906
0.365432
0.388803
0.401904
0.371717
0.437726
0.388229
0.399591
0.444771
0.391101
0.390583
0.403555
0.412456
0.364253
0.407917
0.382859
0.374662
0.369807
0.377524
0.371084
0.412634
0.610562
0.373626
0.364508
0.379579
0.361632
0.36761
0.387107
0.375159
0.388347
0.397796
0.594076
0.542863
0.639436
1.056611
0.374779
0.414108
0.524328
0.395117
0.363936
0.37334
0.611392
0.556491
0.531425
0.609229
0.619047
0.628547
0.400614
0.393361
0.554335
0.775883
0.535824
0.49978
0.598437
0.831938
0.534261
0.526245
0.789533
0.49756
0.548659
0.523302
0.814374
0.761932
0.801362
0.841964
0.881828
0.574246
0.609922
0.642392
0.550236
0.519446
0.536674
0.960871
0.589543
0.765487
0.687835
0.739943
0.594248
0.560042
0.63606
0.70049
0.666084
0.566806
0.524755
0.646647
0.528903
0.635263
0.523824
0.745918
0.79055
0.719007
0.853266
0.88807
1.240788
0.994341
10.188003
1.539952
1.64022
1.661404
1.172703
1.071745
1.575351
1.140242
1.027461
1.000231
0.978292
1.006553
1.090459
1.988583
0.977683
1.003222
0.752274
0.708029
0.544022
0.667496
0.510163
