0
14.839551
5.760454
6.371686
12.138054
5.425774
6.346666
7.322239
10.23543
8.141568
18.309559
14.085568
6.745035
22.259897
18.700098
6.781788
21.684405
17.517062
12.698034
18.739906
18.369592
12.680513
7.762761
14.239836
20.896495
9.582252
17.363746
23.949533
12.31442
16.529826
14.92884
23.322087
9.420387
9.871771
8.170549
6.305398
8.674021
8.906708
10.683332
9.489611
5.259679
8.6899
6.573043
9.152357
5.648549
5.737391
8.454523
5.516264
5.335792
8.742762
6.579657
5.096092
6.120425
9.180404
7.47728
6.023335
9.585093
7.945929
8.062163
8.337671
6.725518
12.147325
8.530798
8.792834
6.958484
8.255467
9.463467
6.41961
9.215577
6.546491
7.434337
6.500836
6.387062
9.017256
8.805198
8.633708
9.170731
7.88142
4.845147
8.980311
8.723204
6.803902
8.943445
8.695448
5.740579
7.54628
8.416966
8.111869
8.721541
9.349482
12.031867
9.527332
10.061023
11.569156
10.09853
11.093333
8.946335
10.491209
10.434531
8.990926
12.383114
12.722317
10.007009
9.345793
6.209037
7.681423
6.256865
7.514637
9.815473
8.401023
10.801794
11.039073
9.845602
14.506184
11.850905
12.440398
13.00802
8.399318
10.530522
9.869766
7.046044
7.449656
7.224232
12.601848
14.754788
9.659153
10.905102
9.603084
8.401106
12.584392
10.56896
8.999007
9.549039
8.976643
11.820914
8.260129
11.380332
10.381029
11.225332
9.74118
5.158605
13.101863
8.165938
6.047738
10.393431
6.369471
5.997487
6.300465
7.238101
7.873875
9.141616
8.67477
4.635162
1.76773
2.947523
0.903521
1.846136
2.627234
3.663204
7.365458
9.092903
8.567477
8.194794
7.321099
10.268175
7.936277
9.955539
8.898922
11.605638
9.905476
8.630946
7.933877
9.007845
8.260341
9.317418
8.932584
7.648609
7.971594
10.882734
8.700404
9.580236
13.965447
8.090923
9.200008
9.537626
9.387966
8.930795
9.906106
8.17723
7.476774
12.070022
6.651662
12.348887
13.110961
7.663986
11.346795
12.126101
10.697084
9.200238
9.320727
9.566045
5.017488
9.651862
10.209665
12.130092
11.841583
10.514615
7.537761
7.126247
7.981427
5.698024
17.057392
13.428552
10.402636
8.801613
7.697321
9.581404
9.537841
11.477072
14.634065
9.744487
5.898992
8.552821
8.248191
8.489199
7.525682
4.63421
9.531204
10.513117
7.49962
7.737699
6.504421
7.641051
11.074218
6.596176
8.017322
8.312739
7.550978
10.567627
11.40625
8.126406
8.856664
7.689947
7.809816
6.65666
5.835359
7.93722
8.73244
7.855812
7.288339
9.572585
4.774864
7.823259
7.20261
7.641229
12.705411
8.198895
4.911147
9.733332
5.210357
8.19842
8.857384
9.036368
9.978968
11.719524
7.831927
7.659927
6.892719
7.83782
8.69028
8.291595
9.321564
9.005358
4.413948
7.614488
6.788533
5.441077
8.62254
8.09085
8.588408
6.269636
9.887473
11.323986
13.720263
10.907348
7.911436
7.143957
7.11947
9.061629
6.994609
8.077974
5.030762
11.147322
6.2892
7.861661
11.791476
6.67
6.788254
4.549623
6.195762
8.297619
7.872036
7.090836
8.911525
6.20689
9.564344
5.974146
8.232133
5.448673
7.515411
8.500821
9.192686
6.592113
6.190728
7.700219
5.821772
9.049595
6.652162
6.186521
9.143889
9.321156
6.990456
9.901746
8.437534
9.77808
8.101441
8.890513
5.787107
8.832198
6.524539
7.979138
8.615843
10.435938
7.247411
9.625923
8.524911
7.47347
7.087536
9.95302
9.124235
8.971614
10.021364
11.824694
5.924711
9.23715
11.45477
11.624727
9.767829
7.312691
8.408395
8.568279
7.508314
10.857622
8.941021
9.779791
11.003257
8.464002
9.558612
10.925113
7.840879
8.704376
8.165611
9.883384
11.989452
10.337135
8.814878
9.077928
7.894094
10.881588
8.509575
13.109118
10.252418
7.482734
9.789006
6.506508
8.746189
9.637978
9.715687
9.573653
12.104058
8.218457
10.008332
10.132408
8.930339
9.494168
7.882437
7.646198
8.356671
9.284489
7.855065
9.07615
10.293597
11.102726
7.658134
10.416707
11.133283
8.95405
11.237809
9.616192
13.150028
11.314752
8.528153
7.558129
7.904132
9.643854
10.078771
7.915349
9.157777
8.147919
11.342441
8.816233
8.295034
6.021735
7.445754
7.730077
7.150032
12.348076
7.402412
8.302786
9.076458
9.702536
8.570815
9.769525
11.271302
12.227671
8.652894
6.764644
8.555646
10.529205
6.509652
10.714289
10.913093
10.045612
10.280983
10.422164
9.29997
9.282725
8.949931
8.643373
9.060954
10.586748
10.088243
10.008634
7.914658
9.197476
9.373132
8.770024
8.780874
10.191691
9.238752
9.176809
6.761407
10.979436
7.356497
10.216599
8.881757
11.99799
9.36194
10.532159
10.937236
10.960001
9.264046
9.057618
8.52894
9.359021
11.607172
7.728287
11.231795
9.372679
7.003104
8.536309
7.515776
13.19211
11.332428
7.456073
10.60378
10.323974
10.469233
7.306729
9.444549
11.14327
10.260376
7.299307
13.37935
8.627355
10.660474
8.160207
9.587275
7.887103
11.273926
7.344266
13.07063
7.868582
9.86062
10.465823
10.780612
10.956567
9.304213
9.79961
8.149738
8.347792
9.767764
8.83675
10.024116
8.941512
10.66099
11.025692
12.565201
6.840791
8.573626
8.519955
10.096501
9.373029
13.140893
6.348981
9.28066
7.163572
11.197338
8.125751
12.499119
11.309184
7.654062
6.508871
7.980873
12.170587
9.031777
9.005975
7.790088
9.923857
13.217955
9.919603
6.843405
7.789616
10.691386
11.179784
10.955211
8.052161
5.367605
8.463856
9.266287
11.082282
9.836747
9.798128
10.257437
8.309942
15.433995
10.405057
7.566088
8.380444
13.518675
11.207916
11.176856
11.220783
9.102679
10.083184
10.400162
9.155133
8.700183
8.024316
11.106163
7.233935
10.216964
9.781804
9.489085
9.568697
13.595565
5.415941
8.573008
10.910907
9.90903
7.849226
15.826753
11.608417
10.350727
7.259323
11.141685
10.216078
7.645246
12.460954
10.479566
11.427204
10.154926
15.607716
8.282063
12.421691
13.584439
10.234652
9.624096
9.280779
11.509077
10.640928
10.654223
8.78759
9.27854
11.424595
10.166665
9.588306
7.12512
7.866484
10.012564
10.787676
12.418416
10.355819
12.760334
11.383127
12.203099
13.246001
7.59145
10.688784
12.562638
11.802229
8.295613
9.086431
11.060912
10.67824
9.256495
11.937026
6.979278
12.289532
8.777772
14.020257
12.243445
10.730427
9.917047
9.341959
7.908157
11.374215
12.441082
8.709071
9.550381
15.072236
8.501038
9.612719
8.188596
9.929047
12.838555
9.740819
10.450191
10.456459
11.344724
8.262205
9.091677
6.748885
11.717129
14.371212
8.365694
9.860075
9.302036
9.853589
9.651947
8.278692
11.908602
10.380346
8.669841
8.147515
11.014695
10.974867
12.457498
9.415456
9.654698
9.673853
8.599033
13.841889
10.482077
10.045195
13.471315
8.41021
7.803982
8.302998
12.369278
7.840358
6.61851
11.434544
13.919956
9.740672
12.640751
13.111657
6.64192
5.64361
9.137033
10.317819
11.012576
8.668811
9.318364
10.70598
13.803336
9.377178
8.159164
8.137062
9.112103
5.950516
10.529772
9.166011
8.270263
8.915755
7.751345
9.068136
9.884728
8.343325
10.184594
8.765358
6.834598
13.667708
8.643204
10.84999
8.966954
8.7893
10.088044
7.870064
11.668917
8.839895
6.019545
5.991922
8.873302
9.544998
10.470615
8.167083
7.065304
6.102683
7.993055
6.912047
7.074916
8.560074
9.359845
9.538678
7.937495
5.605558
8.887079
6.551048
9.034914
5.70648
7.212247
7.849204
7.91231
8.940982
10.718117
9.365039
5.308336
8.077135
11.019191
7.021619
9.299029
8.910047
8.846954
8.926386
10.017748
8.783211
8.104085
6.059899
8.12191
8.254277
7.602228
9.490945
7.308991
10.930026
8.362571
10.632761
8.386547
9.306786
6.226485
8.329136
8.909476
12.469125
15.091925
8.520915
14.273217
7.503245
9.197802
7.897523
9.800347
10.602142
8.559028
8.594632
10.109885
7.982474
10.492384
10.478328
9.78138
8.032392
7.214471
6.528477
9.236364
9.186369
10.639301
10.544074
12.141097
7.181433
5.353619
8.080012
10.854307
9.954641
8.931846
8.936469
8.68219
11.126932
12.291301
8.81486
12.313281
7.404812
11.362659
9.894016
9.308568
9.938889
10.096057
10.51685
10.102533
8.466833
12.4886
8.504754
11.792254
9.595353
8.992207
8.81684
12.063509
10.012367
10.526612
14.349509
7.998019
9.162472
8.978166
6.955454
11.926574
11.156483
10.308955
7.955281
8.487731
9.942627
8.567429
10.11551
8.92539
12.81399
11.345435
8.717013
14.242453
11.944329
10.810058
13.213327
9.735357
9.789046
11.398804
9.96802
12.718511
12.699226
6.582388
10.565923
12.181844
9.185027
8.164781
9.607661
9.30089
9.743209
11.435417
13.776108
10.3642
8.37223
13.077799
16.582628
14.896105
9.834518
11.389436
7.923618
6.174929
10.272065
8.723141
4.910976
17.219303
8.08833
6.482537
8.055943
8.862493
6.425693
5.897946
5.665874
3.783027
0.974687
0.996694
4.568452
2.697255
2.612036
6.302231
8.741326
10.790964
10.69467
10.423562
8.544687
7.349589
9.380411
13.705783
9.000418
11.788598
9.248107
9.070709
10.53676
12.156359
12.699152
13.209941
8.710529
13.111566
11.151972
8.155262
9.705054
12.128472
12.037414
11.47954
8.324095
10.929407
12.818063
9.532419
10.530462
9.050662
10.484478
11.427695
12.089089
18.645396
13.215618
8.46541
12.558177
9.816769
9.631837
14.478658
11.021237
6.966021
9.876827
11.83938
7.523334
9.155547
18.969638
7.400739
9.554836
9.255577
9.630189
13.135183
9.420027
10.555432
9.602077
8.906444
9.794291
8.454214
9.934129
13.732942
11.821422
11.548406
12.872616
10.435712
8.693063
8.605702
11.661347
6.188395
7.181817
10.823073
8.145836
11.171412
9.04666
13.337151
10.182812
8.645927
11.15078
8.149511
9.473184
11.119611
8.600861
12.89405
6.807204
9.220406
11.01138
5.96818
8.678099
9.819871
5.743477
6.651879
10.116319
9.573943
8.934222
12.314561
5.574596
10.331727
5.716229
5.650013
4.739086
11.237407
10.311518
7.558254
13.232514
8.851755
8.448304
11.590221
11.600701
10.274235
10.240597
9.780153
5.54831
10.455133
9.290406
11.193214
11.963809
10.715544
9.426131
11.150928
8.452567
8.8882
9.959045
10.911828
8.666447
10.212673
10.875012
8.200795
9.686406
8.160331
11.613995
9.043938
7.469926
6.783501
9.687978
9.297465
9.984912
6.955672
4.683388
7.117456
7.479662
7.112011
9.385453
9.165487
6.874533
7.324661
6.635944
10.695857
12.05142
7.229334
7.304874
8.406717
7.306987
8.621557
8.924157
7.193474
5.057119
7.053681
10.26334
10.898812
7.814862
9.088851
7.90269
8.296781
9.812771
8.01609
6.711292
8.780388
9.342913
8.375527
9.27235
11.006571
9.803028
8.614993
9.90664
9.018114
7.30318
11.333004
5.735859
8.062599
7.410747
7.881347
5.579111
6.501787
7.46726
8.694513
11.580518
11.040978
9.042819
16.013455
8.262375
11.723372
11.46505
10.391986
9.108873
8.866859
8.744732
8.708688
11.631353
8.65503
8.699367
9.326415
11.736336
10.336837
6.978132
15.185161
12.330589
7.82254
9.255983
10.195997
11.788733
11.076837
8.615201
7.723009
10.063844
8.204783
8.444635
10.797013
8.512926
15.965634
13.890088
7.848126
8.617678
10.032232
10.151732
8.924659
10.008956
12.424667
9.504178
9.732998
9.739764
11.646594
9.326866
9.210064
8.40829
12.478682
8.401919
10.316734
12.344629
9.542013
8.810324
10.266497
10.854624
9.763641
7.691549
11.756852
8.848196
9.168074
10.15684
9.720412
11.348317
10.073533
11.393569
8.203227
8.47089
11.687432
10.847473
10.498892
9.874856
21.660469
9.433067
9.793703
10.385861
9.898127
10.482901
10.303069
10.024969
11.838044
9.19211
9.359065
9.93341
10.374657
9.246851
7.519877
9.694971
8.7552
15.993488
9.560026
11.124169
9.558158
5.375127
7.091416
10.269124
8.711447
10.578957
7.002262
8.034273
8.717443
11.918073
10.4496
12.08491
11.05427
9.488506
10.468438
11.335285
6.007126
8.802686
13.97692
9.770226
8.382632
9.662289
14.481902
11.18429
14.812277
9.148436
10.174345
9.219944
11.551071
11.914103
11.43784
5.317422
7.926237
6.184354
11.729298
8.666821
11.393233
11.829474
8.750083
8.410111
10.357699
10.11419
8.070392
8.773523
9.691765
10.080504
10.484099
8.203171
11.040515
10.102634
8.322542
10.454324
9.29943
8.399475
8.428073
11.288445
11.687578
11.221717
10.285902
10.494535
10.049201
8.057545
7.561657
10.133136
10.962946
8.58747
8.818676
10.499858
7.656657
7.064254
9.568271
9.277971
10.418313
7.330738
11.012828
6.564463
5.795143
10.117464
7.635604
11.263485
9.701828
10.812951
12.675227
8.27701
11.474542
11.118418
11.710472
10.04492
10.587621
9.456174
10.426927
10.417864
10.164032
8.60588
12.513945
8.799615
9.870918
9.372528
8.726938
9.130493
7.711948
7.57356
11.37551
14.445003
9.74711
9.662014
8.229078
9.64727
9.132747
9.936722
8.07545
11.225747
9.909913
7.83943
9.322853
7.694375
9.261511
8.267353
6.188898
12.212618
8.829492
9.938905
9.499004
6.899706
10.33729
12.573546
8.839009
14.308815
9.771593
8.858466
8.809876
10.860624
10.412283
13.626848
8.438121
12.056956
9.917495
11.725593
10.024075
11.033721
10.713768
11.187868
7.548393
7.910543
11.917477
4.142567
10.264428
8.47071
10.436529
11.250377
12.216854
10.673834
10.165727
12.427564
7.779784
11.157181
8.682218
10.76351
9.012143
7.448536
9.997098
8.919484
13.151928
8.141358
11.601211
12.254542
9.610645
12.481591
8.43667
11.998764
9.811347
8.535218
9.847116
11.654182
7.860604
11.8507
15.733742
24.387012
10.008651
12.301838
8.216077
11.760154
13.846892
10.928015
9.001374
12.034052
8.378759
7.772168
5.935081
10.162388
10.501761
12.414866
9.326646
11.839098
16.046523
14.267284
9.557868
9.488598
10.405695
10.810988
13.182709
9.529608
11.375494
9.108071
9.144923
10.181653
9.335131
10.435989
8.09326
11.135335
8.670481
11.988777
9.564128
11.021827
9.259941
9.720011
9.448836
10.711777
12.533535
13.497293
10.759055
10.943352
9.46896
9.794069
11.253147
10.713222
10.18182
9.969744
10.715203
8.843116
9.926833
8.685411
13.423751
9.069161
12.066042
8.836264
11.932712
9.051067
9.086858
8.420476
7.699424
9.86955
7.883537
10.400739
7.842905
7.134143
13.192055
7.314055
7.73202
11.525526
7.624393
11.640318
10.236879
7.353344
10.312483
9.070381
9.436748
9.726341
9.338604
8.60312
4.81135
12.830403
11.517448
6.714619
8.093739
11.873994
10.677261
8.20301
9.548687
9.009366
10.566011
9.437646
9.279102
8.5737
8.258624
7.600594
7.825938
10.938167
5.405492
4.834685
8.319945
9.789198
9.740902
9.501746
7.46293
