0
6.919755
5.869667
10.933977
5.450755
5.135583
11.316394
5.337507
9.754798
5.648869
10.702788
8.770571
7.710464
10.86553
7.814809
22.836066
8.49548
8.070936
7.673595
9.044147
20.80426
19.776677
7.633252
24.143574
20.606353
16.501511
18.022575
10.18218
8.059857
17.106663
16.251517
9.065425
20.976756
17.71485
10.839007
11.376433
13.897685
7.041397
6.95645
6.482756
9.75257
7.460061
7.98627
6.129582
6.40481
5.037916
3.643352
5.68498
7.515668
4.413527
6.695871
7.234031
7.550003
6.637747
5.735994
6.062422
7.003823
7.004478
5.329875
7.370196
5.516477
6.912262
5.48432
5.893831
9.494523
10.073818
7.989716
6.456686
8.835701
5.741483
7.41124
8.18191
4.803083
8.64371
5.546549
7.83484
8.531881
9.339879
8.488363
10.995559
6.722317
6.239118
7.081205
4.906381
5.270963
6.388119
6.428495
5.137582
6.326533
6.444441
7.613685
9.302941
6.531806
7.026595
8.644728
7.789094
8.480526
5.189098
8.953538
7.401395
7.272148
7.122466
8.088905
9.39522
6.203963
5.435924
6.327035
6.440626
6.241418
7.203594
9.723936
5.855371
4.954275
5.02832
6.952394
9.723274
8.343445
9.933831
10.733926
7.135616
9.210539
6.626403
7.72814
10.829197
7.043057
7.556526
7.757013
7.451321
7.917047
9.516998
10.807922
7.828552
5.431771
8.757217
7.424467
5.346427
3.507943
7.952035
6.048023
9.638044
4.975657
7.777612
8.580836
3.357403
4.060229
5.779415
4.567036
4.858382
1.888942
1.464119
2.24891
1.882428
1.384232
2.015837
1.751638
1.890344
2.40578
1.506078
3.563434
5.761402
5.19079
6.722381
5.678259
4.543613
8.609654
7.266169
8.255468
10.299771
8.582172
6.063168
6.186016
7.825954
6.571774
6.539732
6.917249
10.282955
8.902885
9.294025
9.609008
11.472728
6.551071
9.927661
7.038361
5.995587
7.884856
9.67304
8.195152
8.939026
8.379586
8.049967
7.595185
7.191701
5.232831
9.162624
6.106947
7.030153
5.06168
6.814325
7.382565
7.963298
9.358518
10.171905
12.518795
10.225197
5.368747
8.635374
12.254557
5.903481
9.611181
9.06558
8.587729
8.378103
6.564824
7.134626
8.558525
7.348286
9.355311
6.472494
4.874527
4.086514
7.524303
7.919644
7.713569
7.952723
8.48682
8.324493
7.990191
5.290492
5.923216
9.073177
8.440692
7.420622
8.518057
7.914869
7.705187
5.569611
6.652419
10.494827
7.371414
6.985104
5.492171
7.522184
6.165549
8.655587
8.929044
8.594177
6.497647
5.034408
6.446002
9.380556
5.990002
4.216726
6.830634
7.235527
6.481535
7.794898
8.600697
4.743829
7.082841
8.327173
6.414599
6.194044
6.363984
7.886966
6.491227
6.292382
7.268052
8.738167
4.354035
5.101003
5.954415
4.019117
3.380135
7.873404
3.37082
6.753613
6.568067
12.446246
9.771723
9.948309
6.260776
6.02485
5.123048
7.058809
8.071794
7.759135
6.70238
8.56654
6.478565
6.164355
6.794753
6.109813
7.098226
7.331096
9.580158
7.82604
6.90359
8.193267
5.299119
9.526198
6.999848
6.105715
9.155839
5.519487
5.656721
7.204535
8.749585
8.458994
7.608982
10.646127
6.343992
5.804258
6.474441
8.345066
7.322825
6.390662
5.643737
6.493128
5.949733
5.639608
8.657294
5.594466
5.842355
8.010708
6.236836
8.740514
6.618712
8.115595
7.739739
7.511077
7.067713
6.808366
8.024066
9.77054
7.040349
5.294045
7.211073
7.003547
4.080621
5.203984
4.729172
7.070084
5.136897
5.745528
5.90973
4.285699
6.225067
8.661464
8.161513
5.843559
7.776084
5.366133
7.143664
6.9058
10.088433
9.226184
7.899939
6.897925
8.350031
6.941183
5.007978
6.949444
7.674779
7.395325
7.49145
8.31103
6.142318
8.274018
8.053031
8.433659
8.69799
7.516892
7.417073
7.744284
7.761778
6.487428
7.05451
8.258348
6.640464
8.186007
8.616963
8.719304
10.806553
9.912464
6.556002
7.844917
7.67552
8.712831
9.078176
7.578664
10.210602
7.169377
7.591813
6.561887
5.214823
9.254724
7.315095
6.564342
9.701189
4.498234
8.218864
8.573244
8.672084
8.992172
9.591785
7.143117
9.991875
10.193678
7.538169
8.952478
9.608509
11.441118
9.748741
10.11158
5.774699
5.713318
4.106366
6.783426
8.577418
5.726817
7.673588
6.767826
7.79572
7.445273
8.532706
4.491958
6.566566
6.068096
7.184355
8.092819
5.988254
4.508559
4.421531
4.356436
4.664608
8.70351
6.626888
4.497409
4.082043
7.212693
7.369033
7.410996
5.058006
7.835098
9.611291
6.611462
9.885359
11.426335
9.202725
8.909195
8.784265
9.6709
10.252017
6.763969
6.68744
7.349551
7.230224
7.041697
6.428359
10.339756
6.756017
9.38905
6.298391
8.901189
8.336543
8.459978
8.349734
10.747089
6.91204
8.127086
5.910298
7.270275
6.199643
8.417907
7.385674
6.924911
8.587274
9.92891
9.785535
9.892959
9.090774
8.600407
7.07155
7.121928
6.569553
8.320502
6.275244
6.748127
6.605247
6.422027
5.998419
7.205746
2.817261
4.730789
6.961269
7.40188
7.185185
8.53191
9.656768
6.555262
8.083827
6.424529
7.561621
6.458894
7.684922
4.861761
7.804965
6.280407
9.415886
7.600365
4.735869
6.257295
4.679621
6.011434
7.062465
5.063241
9.728289
9.882087
6.801601
6.624225
9.588308
6.617162
7.932657
9.570154
7.712331
8.012319
6.899173
7.698196
6.490723
8.610001
8.286143
7.959751
7.166561
9.011821
7.197208
6.033207
7.267526
8.699083
9.493308
8.679631
7.016554
10.275054
7.400094
7.072419
6.710725
10.652836
8.933062
7.014659
10.453173
8.11648
6.58448
8.599243
8.61986
11.117203
7.829491
10.46188
4.978986
5.956749
7.903866
7.981915
8.316608
8.231316
5.591824
10.409972
7.851247
7.941133
4.174564
8.41299
6.680959
8.934869
7.031203
7.476764
9.084365
8.121801
6.704301
7.334054
6.99206
8.234522
10.83435
10.004353
9.932966
5.418915
6.065793
5.166246
8.262715
5.502654
8.038951
7.943507
6.34379
11.726375
12.139653
7.367809
7.699853
6.6633
6.626
7.452059
9.420791
4.105901
4.528105
7.23451
10.206499
9.613553
10.428189
7.787171
8.599341
8.433215
6.841956
10.763948
6.443404
8.528612
10.349264
8.2483
6.513901
6.903558
5.448814
9.562965
6.909141
5.375511
5.753545
12.103751
10.361596
4.366933
7.863017
7.610206
6.973127
5.787792
6.209466
9.274697
9.058231
9.04133
7.15434
6.61961
8.454839
8.744978
5.202609
9.094692
6.692038
3.972633
5.172933
9.553288
7.904548
7.171512
7.722073
7.017853
9.74863
7.105969
8.700733
8.22646
5.564874
7.419717
6.793422
4.827819
5.23815
7.635076
9.15194
5.918143
4.689563
5.135464
5.623123
9.55693
7.93208
6.567892
7.744366
7.493546
4.535819
5.288501
7.299956
9.371025
8.520638
5.66209
7.961432
6.457634
8.990297
8.919935
8.844636
10.237801
10.422015
8.891242
7.837067
8.186171
8.003831
5.940223
5.871953
9.93611
7.780107
9.2962
8.236841
10.911501
7.221533
9.540916
6.992066
7.752865
8.320946
7.667733
8.111259
7.522356
6.819324
6.564529
7.469184
4.421525
5.462084
5.312526
7.058464
6.096283
7.772819
6.487898
5.455021
8.972321
8.204455
9.641548
7.451879
6.107318
6.748485
7.298532
5.490867
6.878679
7.329624
5.640575
8.621693
7.718323
8.422685
9.287446
7.172881
6.590373
8.533303
6.306628
5.150758
5.199254
6.798277
9.310516
7.111752
5.154178
6.507161
6.798655
7.221957
6.948412
7.403611
5.446697
5.247195
7.651545
8.627548
8.220014
5.239866
9.465074
7.892969
6.886974
8.008589
6.136805
8.072545
8.307248
6.415031
7.11849
7.115378
8.197857
4.23905
3.963327
5.447347
7.121207
6.136446
8.564378
6.459702
7.947995
7.162132
10.590081
7.379602
6.362278
6.845158
6.054735
4.253422
6.973302
6.4544
8.242374
8.186965
8.753168
9.591963
8.995721
6.610884
7.420953
6.225086
8.88354
6.636292
8.373708
7.930284
6.106989
7.72126
6.946817
6.48966
5.66471
7.189651
8.538833
6.638423
7.226282
8.508271
10.341502
7.876121
10.116559
8.343758
5.311698
6.243047
7.876244
5.493758
7.435486
7.249797
7.343609
5.905553
6.777554
7.715501
7.765403
5.608264
5.065344
7.468081
11.209955
7.267114
8.891513
6.969748
7.837511
11.872287
11.175418
6.267509
4.460267
8.599752
9.153994
7.276273
6.050118
8.421305
8.151065
5.674485
5.387312
5.401387
6.746626
5.787571
9.108505
8.047278
10.064022
6.847279
10.15274
5.18991
5.510125
9.386157
10.562554
5.987962
7.437167
6.473263
9.543483
10.358753
10.78296
8.560337
10.416159
6.654114
6.333478
11.007665
8.600291
8.059649
7.918736
7.254655
7.452648
6.799841
9.569782
7.4196
6.456713
5.903469
8.582143
8.387039
6.026871
6.460276
5.480728
9.461953
4.975871
4.466805
4.320437
5.39038
7.251107
1.040461
3.122788
2.466398
2.116283
2.004146
2.382521
1.117994
5.132025
2.888387
7.187006
11.308453
9.204353
8.17071
7.943686
6.556763
7.441721
8.018839
10.431652
13.759249
9.135445
8.13716
8.727709
9.206495
9.063104
9.616135
7.773391
10.874214
4.163883
7.445455
3.815875
5.147921
8.317106
8.133049
9.317852
7.198627
7.253467
8.472168
8.192861
7.828357
7.793527
10.666624
5.383324
7.297197
6.669446
7.013151
7.529041
10.137874
8.646201
6.145403
7.759768
7.309771
9.552209
9.087169
11.513201
10.569265
7.647658
10.368409
8.508952
8.881526
5.517653
5.982568
5.149778
8.11862
9.533637
8.861987
10.889634
7.56051
9.798409
7.661524
8.953255
13.817581
10.331716
10.137358
8.682176
9.519444
3.373336
6.969987
8.793438
9.733696
8.258151
8.51095
7.120379
9.181404
10.948304
12.246076
7.612449
8.780271
8.896462
8.16024
5.221916
8.150291
8.427779
5.813134
8.990301
8.891489
11.524718
5.884458
10.646942
8.682746
4.527642
4.958827
5.103537
6.907184
4.563259
3.506562
6.986927
7.845502
6.425333
4.800566
7.591465
4.362857
5.368423
4.398357
6.600785
6.546492
7.965242
8.130714
11.81434
11.088546
9.572597
8.417765
4.747014
6.518428
5.198979
6.152633
7.843224
9.691233
10.783352
8.974953
8.737479
7.266068
7.912231
7.151593
7.646474
9.064349
10.144169
9.161421
8.402065
7.370325
7.790974
8.191086
7.834066
5.071967
4.338311
8.434446
5.791494
8.573974
5.833441
6.143636
5.873918
8.011075
8.461573
6.615587
8.161948
9.558402
8.338069
6.576755
8.995566
6.823927
7.37474
6.243175
6.650281
7.238186
5.636701
10.650504
6.407445
8.1591
6.925495
4.722138
6.579273
11.566809
8.673485
6.803984
7.292323
6.109417
8.661616
7.334361
7.271502
8.200116
7.87883
5.991307
8.16764
8.20308
6.576861
8.534485
6.665661
6.407567
7.860622
8.504163
6.774286
6.011472
7.989372
7.172152
5.567742
8.026399
7.188647
9.067479
6.524419
4.190003
5.714754
7.090545
5.249414
7.915134
7.439515
7.718715
7.902887
7.618305
8.500394
10.227202
4.725675
6.743484
5.765002
9.261882
8.61209
8.192954
9.10994
5.216619
6.864241
5.79103
7.954902
8.93274
9.379256
7.875972
9.982905
10.638799
6.648763
9.77698
9.989434
9.873723
7.052185
6.932975
10.868485
10.26261
6.261078
11.133248
9.01239
6.815351
6.416475
6.694757
6.318463
7.505187
8.500356
9.540991
11.32673
9.691751
9.725068
10.032883
8.031923
8.997708
6.927793
9.62252
8.166384
7.905114
8.661221
6.035784
8.117989
7.563972
8.384607
10.247821
8.098918
7.037148
5.293152
8.469996
5.582708
8.421061
5.934571
9.636459
8.27518
9.361415
8.951394
9.802225
7.004813
5.907017
5.80251
6.69366
7.446319
9.626041
22.035961
9.298161
8.688149
8.516847
4.531813
9.875647
6.640553
7.324026
9.050726
11.377263
8.559051
10.326355
8.888948
6.697876
7.123584
9.832029
3.609126
5.2715
5.823875
5.503128
6.129176
8.773851
8.496655
9.689866
8.09264
8.203203
8.677649
9.51921
9.889045
7.834928
6.386464
10.552968
7.763354
12.272957
6.562221
7.535435
6.653739
7.798496
8.302999
9.615894
7.889102
8.429656
9.089134
8.828009
9.236591
8.016274
7.707093
8.220282
8.307883
5.717758
6.181373
5.429275
10.917642
6.788968
6.672561
6.415703
7.918414
12.149458
9.289098
9.748655
7.733034
8.717582
5.965218
8.307438
4.685312
8.003691
7.924871
6.066003
9.248636
6.371555
5.990665
7.05889
7.910082
8.070342
8.540656
8.122407
9.389988
7.541035
8.048896
8.249843
10.378158
9.083852
7.307839
10.897226
7.015742
10.365648
7.039253
6.490962
6.776139
7.243417
6.923791
8.073355
8.902129
7.829206
9.404644
7.996875
7.145493
9.919717
5.124225
7.214756
8.991359
9.930045
7.471118
13.06193
8.607591
9.859044
6.262437
6.366564
6.51407
10.955973
7.598493
7.512052
8.39612
8.7595
10.832083
8.235212
4.106457
5.18648
5.974477
6.093462
3.757962
9.3787
9.017653
8.768729
4.045046
4.979183
6.164363
9.43027
6.556373
6.498446
7.019701
6.925228
5.743458
9.834083
4.128589
6.38999
11.664479
8.851245
10.131553
9.236083
11.938464
6.077465
9.957228
8.679594
10.482632
10.773552
8.485315
9.140497
4.454547
6.79598
6.801284
9.740444
8.998454
8.986496
10.385295
7.32938
9.088716
6.299903
8.595154
5.213396
7.075136
6.814363
8.910404
6.325222
5.739902
7.330209
8.415137
7.836106
8.596981
8.386993
5.48962
7.770086
8.0993
7.497097
6.846123
4.632764
9.769309
10.973646
6.893261
7.968785
5.959068
6.152292
6.06655
7.691976
9.246337
11.26138
9.715609
8.064974
5.117198
10.732948
8.219725
10.018174
7.808317
7.114625
8.875032
9.966174
8.943923
10.044715
8.863108
4.172697
5.903058
6.77929
5.255276
8.833817
6.329764
7.725886
5.617379
6.789109
7.434785
6.755167
7.931122
8.026914
10.176157
9.489364
8.174723
8.475154
8.583356
6.8515
5.037859
10.477189
12.177141
8.581992
9.689996
11.273478
6.92873
9.033069
3.848323
7.534475
6.994554
4.998633
8.751594
5.060517
7.268759
5.939026
8.603034
7.24304
7.252849
8.176699
7.148037
8.227248
4.77348
7.923791
6.007845
6.143037
7.953756
8.323444
7.591805
9.158124
8.228545
7.336441
9.374778
11.42177
7.597644
9.245731
7.984851
8.929654
5.126338
9.535906
5.835619
5.704218
6.627864
11.747255
8.453084
9.76386
10.291383
7.217855
7.381862
9.013993
5.63346
6.238589
5.7524
6.473663
7.562043
9.079957
8.37221
6.965381
8.377253
8.475892
8.392813
7.289067
7.863074
6.799448
5.484163
8.277955
7.859304
10.87271
8.105625
8.769622
10.546589
6.166321
6.132453
8.796226
4.159237
5.065367
9.350668
7.036286
