0
9.895261
1.569482
0.950829
1.106812
1.94775
4.252898
2.515902
3.712122
3.851193
4.447927
2.7066
3.729325
5.480059
3.209821
6.101528
5.231357
4.925086
3.90945
4.252035
3.974853
3.601726
3.552445
4.490138
3.750132
3.470686
4.802353
3.758008
2.680627
3.286639
3.591341
2.764164
2.615772
3.757393
3.532243
3.288511
3.384886
4.018102
2.793297
2.668236
2.564902
3.740787
1.674441
2.640567
1.814939
2.495762
1.962378
3.403431
2.866802
3.437232
2.619424
1.935373
1.656175
3.337794
2.068526
3.199367
2.48397
2.099241
1.005305
0.72675
0.667017
0.468545
0.502772
0.595715
0.523435
0.502218
0.495916
0.745786
0.749083
1.045563
0.627525
0.509865
0.529134
0.525297
0.479946
0.512594
0.476419
0.476017
0.514042
0.481139
0.526716
0.521343
0.704927
0.763905
0.505831
0.560986
0.591377
0.539149
0.520324
0.617936
0.490231
0.550224
0.523908
0.503799
0.521422
0.908119
0.512966
0.504869
0.548873
0.539414
0.551645
0.510062
0.536576
0.784309
0.511723
0.486534
0.552716
0.511804
0.564872
0.522564
0.501363
0.531441
0.500905
0.524357
0.492842
0.512643
0.550737
0.765425
0.476658
0.665229
0.507332
0.541953
0.67724
0.769424
0.771979
1.173098
0.761423
0.712522
0.713732
0.780712
0.75738
0.815899
0.710329
0.823383
0.645138
0.669253
0.807956
0.716065
0.687891
0.940747
0.688801
0.926444
0.777608
0.796205
0.70119
1.109313
0.823025
0.788292
0.776988
0.745464
0.759977
0.755495
0.707791
1.042078
0.540601
0.58646
0.594173
0.743211
0.607681
0.626413
0.377215
0.715424
0.731026
1.60117
0.77595
1.323016
0.67309
0.672966
0.917286
1.141254
0.945579
0.851376
0.908841
0.79577
0.859034
1.331605
0.685393
1.591955
0.709405
1.141192
0.742968
0.731048
0.696605
0.791921
0.696188
0.696525
0.652806
0.697278
0.645405
0.722339
0.782676
0.602668
0.73909
0.502324
0.558171
0.642197
0.640915
0.645756
0.693094
0.630993
0.771795
0.622437
0.709625
0.67271
0.689829
0.715161
0.62693
0.624293
0.703244
0.612259
1.216677
0.629659
0.652893
0.680369
0.711002
0.888766
0.786614
0.728383
0.712803
0.720861
1.14464
0.810908
0.724662
0.796114
0.854364
0.805965
0.813679
0.829802
0.592026
0.592726
0.618987
0.535188
0.572576
0.352957
0.523145
0.552892
0.620771
0.374943
0.368076
0.368865
0.405954
0.35814
0.402271
0.355014
0.36938
0.353397
0.370815
0.362883
0.539558
0.359236
1.012631
0.42073
0.535609
0.532483
0.365518
0.572537
0.605991
0.551607
0.50197
0.551085
0.359609
0.560457
0.375495
0.534428
0.552441
0.363413
0.598807
0.517318
0.945032
0.354231
0.383207
0.544543
0.347299
0.509579
0.375133
0.411879
0.525612
0.362262
0.394719
0.373625
0.555316
0.355853
0.404741
0.387657
0.398918
0.503932
0.706178
0.382029
0.524655
0.346526
0.773809
0.533399
0.377901
0.389275
0.601306
0.350712
0.36122
0.34597
0.375221
0.352757
0.357483
0.346762
0.355272
0.345542
0.358277
0.349426
0.533216
0.373857
0.397862
0.356999
0.58482
0.365993
1.449134
0.352996
0.375459
0.347348
0.416661
0.549081
0.569968
0.375285
0.531593
0.344807
0.392603
0.350682
0.359296
0.555402
0.370679
0.368669
0.445395
0.572379
0.652195
0.508455
0.917827
0.523135
0.530121
0.502054
0.561518
0.505565
0.355496
0.575977
0.511166
0.342212
0.589076
0.501667
0.357409
0.509204
0.668893
0.555087
0.500426
0.541675
0.596798
0.540526
0.501963
0.492447
0.501751
0.532076
0.503525
0.538821
0.563805
0.5626
0.533853
0.619213
0.628686
0.635224
0.526027
0.523536
0.525662
0.523625
0.595973
0.522744
0.624258
0.551862
0.524183
0.517351
0.531685
0.523615
0.842354
0.553545
0.549193
0.503765
0.575186
0.547426
0.533638
0.562245
0.526124
0.498752
1.165747
0.493759
0.560241
0.512302
0.528371
0.499539
0.554683
0.516483
0.53827
0.500954
0.519626
0.493217
0.497714
0.495367
0.576002
0.501503
0.567365
0.519795
0.494232
0.492631
0.549516
0.525756
0.521662
0.508473
0.651319
0.500138
1.009822
0.64774
0.737793
0.502134
0.684585
0.643863
0.731101
0.662188
0.723493
0.76307
1.242881
0.693068
0.770177
0.711925
0.515345
0.653277
0.716302
0.655971
0.736833
0.508588
0.696294
0.499562
0.545453
0.496638
0.698632
0.502434
0.530541
0.561836
0.526832
0.357408
0.536091
0.384924
0.527205
0.365959
0.367111
0.399449
0.354993
0.359337
0.366201
0.356582
0.368035
0.356358
0.581563
0.490799
0.528143
0.53909
0.601866
0.521088
0.732048
0.652692
0.602931
0.691659
0.749008
0.699779
0.68246
0.526023
0.675554
0.549873
0.661534
0.537262
0.902061
0.528521
0.573671
0.515649
0.668422
0.521416
0.488705
0.546682
0.528977
0.544513
0.519043
0.513098
0.514635
0.490447
0.559475
0.48996
0.513153
0.516947
0.477105
0.474257
0.473318
0.467974
0.5145
0.503283
0.473191
0.461537
0.505546
0.465364
0.524035
0.513307
0.526321
0.520372
0.51157
0.590045
0.661627
0.503076
0.54921
0.489555
0.561555
0.490274
0.562416
0.489243
0.486688
0.483095
0.491089
0.486841
0.666755
0.547488
0.730421
0.483816
0.528106
0.520444
0.491748
0.486446
0.491321
0.487768
0.490625
0.546793
0.491643
0.615194
0.535338
0.639191
0.667719
0.707752
0.516
0.504745
0.52054
0.503853
0.488138
0.501777
0.516751
0.477838
0.508408
0.50505
0.489956
0.519947
0.601638
0.598077
0.760048
0.492275
0.801839
0.489501
0.927599
0.508798
0.728711
0.484968
0.577661
0.510055
0.508457
0.553906
0.509321
0.499167
0.684541
0.583705
0.530121
0.537054
0.539158
0.506142
0.559123
0.513276
1.263659
0.547598
0.80879
0.52534
0.400806
0.556522
0.557373
0.364416
0.615931
0.542537
0.573605
0.368191
0.382491
0.558771
0.371821
0.377887
0.663014
0.356105
0.386069
0.396651
0.512678
0.557957
0.364575
0.373352
0.496738
0.491509
0.497839
0.53391
0.489457
0.550978
0.496685
0.494577
0.523994
0.360853
0.548908
0.524546
0.429659
0.405401
0.509412
0.534768
0.405431
0.526893
0.374655
0.384911
0.909028
0.378808
0.390413
0.379854
0.573626
0.358136
0.431379
0.371303
0.392935
0.367611
0.545969
0.38245
0.397431
0.368972
0.375873
0.368852
0.437202
0.401594
0.796386
0.394791
0.961008
0.380661
0.431766
0.59071
0.387105
0.359317
0.668264
0.368658
0.815317
0.405079
0.378461
0.415058
0.480574
0.535628
0.606641
0.573972
0.677489
0.36696
0.539331
0.3631
0.602157
0.581739
0.369893
0.597509
0.577733
0.597479
0.543862
0.563237
0.633354
0.365491
0.546572
0.367436
0.543746
0.394935
0.847732
0.596247
0.932896
0.537673
0.502406
0.367605
0.61629
0.544886
0.407724
0.515894
0.516129
0.53287
0.697754
0.521789
0.533719
0.575887
0.601686
0.553831
0.794937
0.559902
0.534767
0.533896
0.630621
0.592093
0.631304
0.523553
0.897695
0.524208
0.559744
0.52464
0.581978
0.546843
0.740544
0.589548
0.676722
0.506271
0.521349
0.643175
0.719403
0.72449
0.69386
0.638338
0.535324
0.549715
0.773248
0.638005
0.599789
0.636295
0.780156
0.720095
0.788308
0.908965
1.185759
0.795332
1.296998
0.980462
0.851556
0.959573
1.062084
0.899735
1.006256
0.892681
0.88987
0.898902
0.929773
0.842727
0.641309
0.582998
0.722319
0.381704
0.358008
0.350827
0.3637
0.436611
0.363099
0.359959
0.907008
0.357589
0.353929
0.351581
0.362523
0.354775
0.916801
0.363804
0.369409
0.362219
0.358245
0.350105
0.361259
0.365411
0.385782
0.356448
0.707365
0.532334
0.531287
0.544115
0.576714
0.521162
1.135062
0.507505
0.692936
0.543234
0.693281
0.506122
0.564376
0.509721
0.512847
0.535655
0.642913
0.506078
0.551007
0.59202
0.98237
0.50791
0.588434
0.512268
0.560958
0.51194
0.513659
0.532759
0.508072
0.5033
0.58294
0.546608
0.569558
0.694636
0.70075
0.784493
0.594123
0.602469
0.825124
0.577982
0.608235
0.773878
0.625954
0.556291
0.661518
0.584405
0.557674
0.58192
0.542503
0.598168
0.536712
0.532825
0.973185
0.556475
0.653285
0.540678
0.838378
0.528975
0.504874
0.610436
0.552309
0.584361
0.500468
0.526281
0.501057
0.545124
0.567612
0.494706
0.43107
0.550716
0.491419
0.497762
0.350074
0.360122
0.548178
0.37716
1.113783
0.354774
0.524525
0.35747
0.550019
0.496417
0.5367
0.341271
0.53833
0.535622
0.507819
0.517766
1.128142
0.486098
1.015053
0.542339
0.530969
0.569863
0.505161
0.55105
0.519759
0.569889
1.131953
0.561083
0.503087
0.519706
0.551234
0.716895
0.922348
0.662353
0.662341
0.69992
0.667795
0.687769
0.667046
0.690541
1.166384
0.715557
0.66321
0.724103
0.708887
0.739555
0.731837
0.871486
0.688078
0.668666
0.915071
0.735604
0.751227
0.900186
0.681522
0.901713
0.780571
0.751942
0.937245
0.891298
0.830813
0.704575
1.168388
0.811038
0.801508
0.769595
0.884317
0.568645
0.617276
0.63559
1.010784
0.737132
1.142092
0.797624
0.981213
1.580194
0.776295
0.806726
0.917217
0.877805
1.015962
0.87149
0.923833
0.859537
1.413184
0.891383
0.743077
0.705315
0.730696
0.783669
0.838118
0.669545
0.699928
0.669056
0.680722
0.661501
0.702013
0.52876
0.541346
0.507194
0.511133
0.380964
0.546109
0.779932
1.001978
0.495109
0.541499
0.630905
0.86813
0.531249
1.047985
0.543087
0.538898
0.539947
0.534653
0.553616
0.527094
0.581445
0.521359
0.62516
0.651147
0.563244
0.802676
0.714461
1.029895
0.516464
0.992595
0.741627
0.808429
0.698271
0.52736
0.728459
0.648984
0.719437
0.736876
0.746687
0.849728
0.923174
0.809151
1.019964
0.91241
1.02301
1.107673
0.920717
1.359388
0.971153
1.547714
0.877734
1.539318
0.875257
1.796198
0.825541
1.076672
1.038162
1.534397
0.867287
1.699131
0.927727
0.898944
0.858323
1.013607
0.817148
1.032126
1.002192
1.305027
0.93659
0.917306
1.092656
0.912556
0.891235
0.885943
0.945706
1.083046
1.25977
0.940725
2.024966
0.973625
1.651179
0.93235
1.29708
1.174591
0.871318
1.075165
0.912054
0.846502
0.837734
0.881044
1.061929
0.938922
1.003522
0.996524
1.119946
0.930587
1.382051
0.935645
1.241725
0.890328
0.921848
0.954178
1.233074
0.869618
1.280795
0.603997
1.120791
0.813751
0.906422
0.631418
0.5663
0.617986
0.530534
0.543058
0.526527
0.507348
0.679722
0.970845
0.79444
0.595029
0.527274
0.54866
0.576488
0.547281
0.555353
0.520192
0.517216
0.611954
0.548014
0.622052
0.585068
0.576685
0.522177
0.528231
0.521434
0.89705
0.585306
0.630141
0.67636
0.814609
0.922686
0.831407
0.799924
0.894793
0.761445
0.845124
0.820348
0.761818
0.736745
0.971299
0.705051
0.762312
0.726373
0.736295
0.782584
0.754727
0.754567
0.78388
0.626863
0.620969
0.570738
0.623968
0.536111
0.840079
0.520854
0.631468
0.551298
0.52666
0.493519
0.516138
0.520432
0.505403
0.495359
0.530705
0.511204
0.499757
0.524554
0.546335
0.498535
0.498414
0.526819
0.511651
0.530109
0.562001
0.500126
0.635074
0.368008
0.436827
0.346686
0.522622
0.502081
0.549344
0.502528
0.368871
0.350154
0.350947
0.851784
0.553831
0.388447
0.514625
0.459471
0.341803
0.494818
0.587159
0.367201
0.522561
0.475964
0.703991
0.51164
0.554333
0.748033
0.528626
0.606138
0.531746
0.502411
0.60237
0.356843
0.526905
0.548753
0.498329
0.358253
0.509738
0.520273
0.591464
0.520539
0.588694
0.577105
0.547595
0.531795
0.635454
0.539343
0.557758
0.360748
0.565577
0.361952
0.534077
0.537464
0.518542
0.564527
0.466325
0.533064
0.611762
0.504
0.62126
0.549389
0.600953
0.548701
0.605085
0.360426
0.604002
0.521206
0.569851
0.568773
0.499624
0.365616
0.445989
0.374762
0.381924
0.565394
0.430439
0.437633
0.571136
0.384103
0.38247
0.393625
0.41669
0.376324
0.911602
0.431428
0.559425
0.369199
0.591182
0.377036
0.615258
0.586493
0.571855
0.573249
0.549213
0.575308
0.802068
0.586387
0.968603
0.556396
1.081255
0.759178
0.542033
0.611678
0.592843
0.559178
1.047394
0.567775
0.602386
0.540164
0.565664
0.589459
0.542581
0.502504
0.52557
0.582577
1.051519
0.496485
0.540086
0.557357
0.528527
0.52929
0.496609
0.488606
0.530191
0.500197
0.591538
0.529762
0.572178
0.62367
0.563815
0.505008
0.521726
0.509555
0.586701
0.921298
0.511487
0.518249
0.809034
0.576022
0.556272
0.546327
0.893223
0.548729
0.633648
0.510541
0.546576
0.50432
0.565014
0.502709
1.138524
0.506662
0.527552
0.565347
0.513536
0.517477
1.136718
0.502838
0.701878
0.51305
0.508911
0.558554
0.522058
0.346527
0.565942
0.55285
0.519488
0.344265
0.357225
0.38689
0.531875
0.507152
0.586505
0.507335
0.581779
0.499599
1.664607
0.503547
0.539257
0.61603
0.514418
0.527781
0.55775
0.527628
0.555431
0.518243
0.512714
0.523195
0.687308
0.537213
0.709312
0.505966
0.615338
0.577593
0.541452
0.549372
0.516662
0.545213
0.524479
0.518735
0.832436
0.520235
0.534186
0.763817
0.538372
0.559598
0.360089
0.522615
0.513014
0.572922
1.119764
0.363018
0.586813
0.555296
1.03707
0.497309
0.558481
0.397748
0.387049
0.358341
0.501368
0.565839
0.636524
0.647732
0.543179
0.617905
0.963171
0.531348
0.550396
0.38931
0.504608
0.528384
0.369461
0.533097
1.006943
0.554787
0.51768
0.509515
0.515865
0.595798
0.660222
0.588298
0.571824
0.501303
0.714974
0.543138
0.409677
0.514755
0.539825
0.536358
0.439785
0.379022
0.38971
0.370841
0.368274
0.537976
0.544412
0.366623
0.401714
0.611985
0.37768
0.653352
0.385707
0.395424
0.804843
0.376647
0.530436
0.369056
0.386162
0.367243
0.373015
0.385659
0.37944
0.371349
0.529584
0.375037
0.37779
0.383881
0.485664
0.394625
0.383303
0.411869
0.614168
0.361994
0.556454
0.371738
0.595295
0.394963
0.374256
0.372163
0.408702
0.545097
0.423012
0.569989
0.598719
0.556696
0.36462
0.391908
0.545748
0.404633
0.509532
0.395511
0.538403
0.528493
0.36451
0.576514
0.553953
0.529982
0.790219
0.35832
0.614822
0.549789
0.536276
0.538061
0.595892
0.56541
0.624613
0.568973
0.508854
0.498264
0.652379
0.532716
0.646095
0.525406
0.570225
0.494041
0.711328
0.524022
0.573453
0.528863
0.54918
0.571178
0.522483
0.515929
0.953405
0.543019
1.034506
0.799083
0.697291
0.854262
0.531562
0.63869
0.664489
0.639446
0.643915
0.642459
0.51041
0.743878
1.027576
0.69584
0.558626
0.608147
0.528007
0.776923
0.856004
0.77761
0.816384
0.958175
1.252494
0.946677
0.93229
1.014327
1.116936
0.908785
0.993989
0.924529
1.035257
0.863705
1.473256
1.10368
0.867417
0.856245
0.87872
0.875098
1.169904
1.069705
1.668279
